aeroplane 0.0064 155 125 181 142
boat 0.0028 155 125 181 142
bus 0.0018 155 125 181 142
car 0.9955 163 119 339 268
car 0.1573 155 125 181 142
car 0.0067 157 121 195 146
car 0.0027 168 137 190 185
car 0.0025 313 119 351 144
car 0.0018 229 100 279 129
car 0.0017 217 105 272 136
car 0.0015 300 113 345 150
car 0.0012 326 125 349 141
car 0.0010 150 126 187 152
cow 0.0018 155 125 181 142
motorbike 0.0060 155 125 181 142
motorbike 0.0015 157 121 195 146
person 0.0062 155 125 181 142
person 0.0010 299 102 339 173
train 0.0022 155 125 181 142
tvmonitor 0.0033 229 100 279 129
tvmonitor 0.0025 217 105 272 136
tvmonitor 0.0013 223 99 248 130
