bicycle 0.0493 405 141 429 216
cow 0.0084 405 141 429 216
cow 0.0038 476 172 501 337
cow 0.0035 52 186 244 315
cow 0.0014 57 213 82 267
dog 0.0090 405 141 429 216
horse 0.0180 407 136 428 207
horse 0.0031 478 122 501 347
motorbike 0.0107 405 141 429 216
person 0.2484 407 136 428 207
person 0.0078 478 122 501 347
person 0.0043 416 136 433 206
person 0.0030 476 230 499 348
person 0.0025 402 142 421 215
person 0.0023 471 66 498 398
person 0.0022 446 97 497 301
person 0.0016 490 113 500 211
person 0.0012 462 133 486 193
sheep 0.9903 62 186 265 312
sheep 0.0026 198 236 274 305
sheep 0.0019 57 213 82 267
sheep 0.0018 173 193 271 312
sheep 0.0016 58 190 111 278
sheep 0.0012 96 179 163 206
sheep 0.0012 63 188 156 281
sheep 0.0012 155 189 220 211
