bus 0.0080 13 310 86 360
bus 0.0075 0 300 13 348
bus 0.0030 0 308 12 337
bus 0.0030 0 306 23 345
bus 0.0013 105 321 150 349
bus 0.0010 136 318 181 354
car 0.9897 364 330 499 389
car 0.9883 234 329 330 375
car 0.8661 173 320 238 362
car 0.8158 13 310 86 360
car 0.7788 133 323 183 356
car 0.6043 86 324 112 343
car 0.4063 105 321 150 349
car 0.2461 0 316 13 344
car 0.1719 82 327 117 348
car 0.1337 2 313 24 351
car 0.0903 9 311 35 357
car 0.0790 85 323 135 345
car 0.0408 115 327 141 351
car 0.0397 110 322 133 345
car 0.0364 137 324 163 354
car 0.0304 475 323 501 382
car 0.0248 161 326 217 359
car 0.0241 3 313 21 336
car 0.0157 77 319 91 344
car 0.0133 197 321 254 359
car 0.0112 78 327 90 352
car 0.0095 100 323 122 341
car 0.0088 431 326 497 390
car 0.0069 6 323 21 355
car 0.0066 4 305 20 326
car 0.0058 489 315 498 405
car 0.0051 62 318 104 348
car 0.0049 357 325 441 384
car 0.0047 110 317 129 334
car 0.0043 155 327 180 352
car 0.0035 284 333 341 369
car 0.0035 0 301 10 329
car 0.0028 0 284 11 346
car 0.0026 89 317 110 336
car 0.0026 13 305 31 322
car 0.0025 83 317 102 335
car 0.0025 1 296 23 336
car 0.0025 86 306 112 345
car 0.0023 9 317 57 361
car 0.0022 144 327 172 353
car 0.0021 12 312 31 335
car 0.0020 61 310 85 358
car 0.0020 0 315 10 382
car 0.0019 -2 322 31 357
car 0.0016 225 320 248 363
car 0.0015 13 318 33 347
car 0.0014 167 327 188 352
car 0.0012 172 325 313 365
car 0.0011 144 316 170 332
car 0.0011 -9 318 21 347
car 0.0011 151 321 202 350
car 0.0010 101 318 119 334
car 0.0010 16 324 32 357
person 0.0013 0 308 12 337
person 0.0012 14 316 35 361
