aeroplane 0.0061 217 1 243 14
aeroplane 0.0059 221 4 241 20
aeroplane 0.0014 202 0 256 16
bicycle 0.0072 122 365 138 391
bird 0.0120 217 1 243 14
bird 0.0117 221 4 241 20
bird 0.0038 218 4 245 40
bird 0.0037 222 11 240 33
bird 0.0020 214 22 227 44
bird 0.0014 219 21 239 42
bird 0.0011 205 0 252 25
bird 0.0010 210 0 264 15
boat 0.0011 217 1 243 14
bus 0.0032 79 422 165 480
car 0.9491 95 423 174 481
car 0.0093 139 431 184 465
car 0.0073 68 423 99 467
car 0.0062 83 420 103 436
car 0.0062 73 420 96 437
car 0.0059 71 426 97 443
car 0.0057 150 434 176 475
car 0.0052 -5 0 20 12
car 0.0043 58 419 145 476
car 0.0028 106 409 201 471
car 0.0028 69 420 115 454
car 0.0027 151 437 175 456
car 0.0027 72 415 113 442
car 0.0026 93 422 113 473
car 0.0024 8 382 27 400
car 0.0022 159 434 183 474
car 0.0021 121 411 141 421
car 0.0020 122 365 138 391
car 0.0016 9 389 23 401
car 0.0016 83 428 103 445
car 0.0016 -12 0 10 10
car 0.0014 129 422 221 476
car 0.0010 59 403 267 482
car 0.0010 115 379 133 390
cow 0.0016 -6 456 43 496
motorbike 0.0071 122 365 138 391
person 0.5619 122 352 139 389
person 0.0131 119 365 131 392
person 0.0043 -5 0 20 12
person 0.0039 134 356 145 385
person 0.0023 126 351 139 377
person 0.0019 -12 0 10 10
person 0.0016 259 290 279 351
person 0.0015 217 1 243 14
person 0.0013 73 420 96 437
person 0.0013 83 420 103 436
person 0.0011 133 370 146 389
person 0.0011 116 355 148 387
person 0.0010 121 411 141 421
pottedplant 0.0016 218 4 245 40
tvmonitor 0.0016 103 432 161 478
