boat 0.0015 377 -1 496 363
bottle 0.0016 95 119 107 151
bottle 0.0012 397 21 504 327
chair 0.3179 112 118 367 380
chair 0.1116 0 202 57 378
chair 0.0105 209 163 365 372
chair 0.0063 0 206 27 378
chair 0.0059 -1 121 99 278
chair 0.0044 1 102 60 336
chair 0.0038 77 59 287 346
chair 0.0036 379 -16 498 319
chair 0.0030 78 144 130 253
chair 0.0027 38 105 131 256
chair 0.0025 402 2 499 201
chair 0.0024 7 153 118 245
chair 0.0018 1 216 137 376
chair 0.0014 -1 170 49 299
chair 0.0012 0 135 24 337
chair 0.0010 0 119 32 424
diningtable 0.0061 -1 132 136 256
diningtable 0.0022 -3 177 140 369
diningtable 0.0020 0 169 53 377
diningtable 0.0010 94 121 350 379
person 0.9831 111 65 363 371
person 0.0011 196 136 372 371
pottedplant 0.0779 379 -16 498 319
pottedplant 0.0034 402 2 499 201
pottedplant 0.0015 435 -34 497 312
sofa 0.0658 112 118 367 380
train 0.0024 377 -1 496 363
tvmonitor 0.0015 377 -1 496 363
