bottle 0.0118 167 155 203 244
bottle 0.0088 382 222 397 277
bottle 0.0087 158 166 179 236
bottle 0.0085 292 349 350 379
bottle 0.0072 260 136 285 190
bottle 0.0062 254 140 275 187
bottle 0.0060 168 169 186 236
bottle 0.0054 175 170 198 234
bottle 0.0033 251 162 275 221
bottle 0.0027 245 138 266 187
bottle 0.0020 188 161 206 222
bottle 0.0020 151 166 170 218
bottle 0.0017 384 232 395 265
bottle 0.0016 160 158 177 209
bottle 0.0016 121 253 166 342
bottle 0.0012 120 259 138 337
bottle 0.0011 399 221 418 279
bottle 0.0010 146 152 178 244
bottle 0.0010 256 141 273 163
chair 0.0049 163 70 262 164
chair 0.0025 0 183 98 397
chair 0.0014 0 183 21 406
chair 0.0010 320 202 501 378
diningtable 0.9916 21 145 400 368
diningtable 0.0162 74 148 350 233
diningtable 0.0076 67 165 355 295
diningtable 0.0058 187 152 455 375
diningtable 0.0047 39 327 210 378
diningtable 0.0034 333 157 492 323
diningtable 0.0019 150 94 345 184
diningtable 0.0018 161 163 275 230
diningtable 0.0014 221 91 373 195
diningtable 0.0013 136 164 226 234
diningtable 0.0012 249 163 352 228
person 0.9336 81 82 163 224
person 0.9266 328 149 499 378
person 0.8872 161 68 258 162
person 0.7829 272 96 331 178
person 0.7078 310 88 392 222
person 0.4778 377 84 460 162
person 0.4020 -2 102 104 369
person 0.1783 272 96 365 218
person 0.0545 30 110 340 365
person 0.0457 336 86 479 207
person 0.0354 118 83 164 166
person 0.0218 91 80 156 170
person 0.0180 0 151 21 215
person 0.0136 328 135 422 304
person 0.0114 281 101 325 150
person 0.0096 187 152 455 375
person 0.0087 349 159 434 233
person 0.0071 125 89 153 142
person 0.0064 0 113 21 317
person 0.0058 0 101 24 218
person 0.0038 296 101 447 252
person 0.0036 0 142 13 206
person 0.0032 332 172 418 256
person 0.0031 284 89 388 297
person 0.0031 -1 -17 22 137
person 0.0030 240 95 324 158
person 0.0027 358 95 464 296
person 0.0027 489 174 499 285
person 0.0025 1 63 29 412
person 0.0025 137 91 285 182
person 0.0024 0 171 8 289
person 0.0023 475 97 499 222
person 0.0023 346 152 441 357
person 0.0022 181 81 287 154
person 0.0022 0 135 24 194
person 0.0021 394 65 500 247
person 0.0021 0 106 9 200
person 0.0020 0 117 62 425
person 0.0018 11 108 163 258
person 0.0017 292 88 383 161
person 0.0014 397 94 499 175
person 0.0013 308 97 332 135
person 0.0012 312 104 330 126
person 0.0012 0 154 9 188
person 0.0011 0 110 95 198
person 0.0011 455 117 501 204
person 0.0011 61 79 153 131
sofa 0.0032 163 70 262 164
