cat 0.0153 116 111 401 218
cat 0.0051 289 163 400 219
cat 0.0017 27 21 74 169
chair 0.0665 99 97 409 228
chair 0.0125 0 61 402 263
chair 0.0014 -7 184 403 265
chair 0.0011 44 114 310 214
dog 0.4529 84 110 379 220
dog 0.0432 274 164 386 217
dog 0.0095 196 146 395 228
dog 0.0027 235 176 367 219
dog 0.0015 -7 184 403 265
dog 0.0014 315 171 401 224
person 0.1667 34 113 360 220
person 0.0030 -7 184 403 265
person 0.0027 135 144 391 228
person 0.0025 0 61 402 263
pottedplant 0.0011 6 18 74 173
sofa 0.8874 19 95 378 235
sofa 0.0434 -7 184 403 265
