bottle 0.6825 329 144 350 203
bottle 0.4835 39 100 69 212
bottle 0.4207 89 98 106 170
bottle 0.2735 40 118 64 186
bottle 0.1549 64 163 81 222
bottle 0.0784 23 166 39 219
bottle 0.0575 49 120 72 184
bottle 0.0352 72 175 89 227
bottle 0.0341 71 220 171 364
bottle 0.0296 63 135 79 208
bottle 0.0287 41 105 68 163
bottle 0.0279 17 160 32 226
bottle 0.0238 42 158 63 224
bottle 0.0184 0 91 42 220
bottle 0.0162 33 144 67 236
bottle 0.0141 62 131 82 177
bottle 0.0134 54 158 72 224
bottle 0.0131 32 147 53 217
bottle 0.0108 426 155 442 195
bottle 0.0083 45 90 64 142
bottle 0.0082 37 112 55 175
bottle 0.0080 36 131 53 195
bottle 0.0073 70 127 102 223
bottle 0.0065 26 164 37 201
bottle 0.0059 26 140 42 205
bottle 0.0058 41 140 62 205
bottle 0.0058 26 79 42 149
bottle 0.0053 49 102 69 147
bottle 0.0049 321 149 360 200
bottle 0.0043 65 137 78 167
bottle 0.0041 74 97 107 176
bottle 0.0040 0 87 18 383
bottle 0.0037 45 149 80 231
bottle 0.0034 334 152 345 191
bottle 0.0032 4 229 140 381
bottle 0.0030 328 156 341 189
bottle 0.0025 332 167 346 199
bottle 0.0025 311 149 334 197
bottle 0.0024 4 143 44 240
bottle 0.0024 1 152 12 249
bottle 0.0024 35 84 53 146
bottle 0.0023 300 151 321 194
bottle 0.0021 73 139 88 162
bottle 0.0019 1 169 24 233
bottle 0.0018 326 170 342 197
bottle 0.0017 38 117 82 171
bottle 0.0017 47 102 61 129
bottle 0.0016 87 87 114 160
bottle 0.0015 76 194 88 226
bottle 0.0015 53 109 67 139
bottle 0.0014 25 120 45 185
bottle 0.0013 81 176 95 227
bottle 0.0013 0 196 22 242
bottle 0.0012 70 132 90 209
bottle 0.0012 112 142 127 165
bottle 0.0012 66 169 77 213
bottle 0.0011 315 161 349 202
bottle 0.0010 297 152 345 196
bottle 0.0010 46 111 63 136
car 0.0010 -1 86 33 225
diningtable 0.0023 0 156 91 226
diningtable 0.0019 20 135 108 213
person 0.9978 35 16 464 382
person 0.4782 -1 86 33 225
person 0.2190 39 100 69 212
person 0.0128 1 54 137 392
person 0.0105 0 83 19 343
person 0.0102 35 80 68 164
person 0.0102 0 79 42 164
person 0.0047 1 80 53 349
person 0.0041 26 79 42 149
person 0.0039 -4 70 55 215
person 0.0022 40 118 64 186
person 0.0019 9 224 166 380
person 0.0016 12 100 80 333
person 0.0015 0 11 270 368
person 0.0013 18 76 82 235
tvmonitor 0.0016 14 -2 486 326
