bicycle 0.0011 154 183 220 214
boat 0.9992 26 -1 332 310
boat 0.0110 18 168 333 305
boat 0.0033 177 95 327 244
boat 0.0030 136 -14 346 214
boat 0.0024 41 9 314 169
boat 0.0020 155 145 340 271
boat 0.0019 159 161 282 223
person 0.1616 187 78 286 235
person 0.0209 196 86 282 161
person 0.0166 177 139 230 216
person 0.0093 183 156 210 204
person 0.0052 191 104 244 209
person 0.0036 142 -9 338 273
person 0.0022 156 89 253 229
person 0.0021 66 178 77 197
person 0.0019 159 161 282 223
person 0.0016 181 96 232 187
person 0.0016 157 175 217 204
person 0.0013 191 138 284 213
person 0.0010 210 51 300 193
