bottle 0.2837 440 129 467 222
bottle 0.2459 454 151 475 212
bottle 0.1944 477 81 498 196
bottle 0.1068 484 95 500 175
bottle 0.0941 455 125 489 220
bottle 0.0692 241 33 270 134
bottle 0.0520 486 81 499 149
bottle 0.0456 465 55 487 100
bottle 0.0402 367 21 387 76
bottle 0.0400 236 43 254 109
bottle 0.0335 456 116 474 173
bottle 0.0322 474 113 497 231
bottle 0.0172 475 125 498 183
bottle 0.0166 360 31 381 83
bottle 0.0163 297 196 326 273
bottle 0.0095 464 117 485 171
bottle 0.0093 449 163 470 215
bottle 0.0079 457 87 494 194
bottle 0.0073 480 39 499 165
bottle 0.0061 241 34 264 100
bottle 0.0056 226 36 262 127
bottle 0.0055 226 36 248 98
bottle 0.0046 485 53 500 120
bottle 0.0045 489 94 498 133
bottle 0.0044 463 151 485 211
bottle 0.0042 478 79 499 132
bottle 0.0039 438 123 458 167
bottle 0.0038 472 52 495 102
bottle 0.0038 362 15 382 64
bottle 0.0030 473 150 499 213
bottle 0.0028 485 119 499 207
bottle 0.0026 76 32 86 63
bottle 0.0025 303 7 320 31
bottle 0.0024 176 1 196 20
bottle 0.0024 348 35 374 80
bottle 0.0023 479 119 499 312
bottle 0.0021 306 210 331 273
bottle 0.0021 443 155 486 210
bottle 0.0019 456 2 471 22
bottle 0.0019 249 3 276 36
bottle 0.0019 370 24 385 52
bottle 0.0017 446 121 466 170
bottle 0.0017 413 132 456 221
bottle 0.0016 459 124 470 161
bottle 0.0015 489 152 499 231
bottle 0.0014 239 -2 276 84
bottle 0.0014 395 37 420 75
bottle 0.0013 239 61 275 167
bottle 0.0013 299 6 324 50
bottle 0.0012 220 -1 259 83
bottle 0.0011 183 35 209 81
bottle 0.0011 334 34 351 79
bottle 0.0010 387 48 412 104
bottle 0.0010 154 5 180 51
bottle 0.0010 225 15 248 77
cat 0.0126 424 30 469 66
chair 0.3428 2 135 124 333
chair 0.3082 146 119 288 379
chair 0.0566 71 101 138 296
chair 0.0555 424 30 469 66
chair 0.0344 107 111 180 322
chair 0.0108 0 157 24 318
chair 0.0084 370 323 501 378
chair 0.0081 261 132 335 218
chair 0.0076 0 146 61 321
chair 0.0064 139 187 233 368
chair 0.0063 107 193 381 377
chair 0.0062 108 34 178 243
chair 0.0060 13 44 115 279
chair 0.0035 4 36 167 337
chair 0.0031 415 30 485 88
chair 0.0030 123 62 441 384
chair 0.0021 476 216 500 369
chair 0.0020 162 77 315 307
chair 0.0018 363 214 500 378
chair 0.0017 118 110 169 205
chair 0.0011 118 56 203 305
chair 0.0010 74 163 176 337
chair 0.0010 140 274 286 377
chair 0.0010 84 23 166 293
diningtable 0.8941 227 161 490 373
diningtable 0.0829 151 62 326 340
diningtable 0.0572 123 62 441 384
diningtable 0.0197 2 135 124 333
diningtable 0.0080 361 126 502 393
diningtable 0.0075 424 30 469 66
diningtable 0.0043 252 48 476 169
diningtable 0.0040 370 323 501 378
diningtable 0.0036 151 47 344 173
diningtable 0.0030 107 193 381 377
diningtable 0.0020 246 282 480 379
diningtable 0.0019 82 100 166 299
diningtable 0.0016 410 132 496 216
diningtable 0.0015 415 30 485 88
diningtable 0.0014 72 74 288 364
diningtable 0.0013 304 16 501 370
diningtable 0.0011 146 157 290 377
diningtable 0.0011 24 -40 482 351
diningtable 0.0011 0 146 61 321
dog 0.0185 424 30 469 66
person 0.9567 152 74 293 372
person 0.0478 123 62 441 384
person 0.0387 424 30 469 66
person 0.0081 415 30 485 88
person 0.0041 361 126 502 393
person 0.0018 478 152 500 357
person 0.0017 125 -6 311 316
person 0.0017 58 56 84 179
person 0.0017 63 70 83 140
person 0.0013 154 5 180 51
person 0.0011 446 105 499 370
person 0.0011 220 -1 259 83
pottedplant 0.0465 56 26 85 70
pottedplant 0.0243 48 16 79 60
pottedplant 0.0041 48 7 93 49
pottedplant 0.0016 76 32 86 63
pottedplant 0.0015 62 23 81 52
pottedplant 0.0014 49 36 93 75
pottedplant 0.0014 61 34 82 61
sofa 0.0101 424 30 469 66
sofa 0.0031 415 30 485 88
sofa 0.0010 142 120 335 377
tvmonitor 0.0022 249 3 276 36
tvmonitor 0.0022 424 30 469 66
