bottle 0.5899 348 301 389 373
bottle 0.0253 351 301 371 371
bottle 0.0252 266 227 286 291
bottle 0.0212 264 212 294 301
bottle 0.0065 304 43 324 109
bottle 0.0061 291 6 314 51
bottle 0.0061 310 40 330 111
bottle 0.0052 298 21 331 109
bottle 0.0033 251 4 277 55
bottle 0.0032 276 20 322 111
bottle 0.0031 490 149 499 176
bottle 0.0029 283 6 304 52
bottle 0.0028 332 310 417 375
bottle 0.0026 295 81 308 107
bottle 0.0024 370 295 414 371
bottle 0.0024 272 4 295 54
bottle 0.0023 290 48 314 103
bottle 0.0022 16 109 34 156
bottle 0.0019 310 18 333 76
bottle 0.0018 490 352 499 376
bottle 0.0016 267 212 285 268
bottle 0.0015 187 171 209 226
bottle 0.0014 366 298 389 355
bottle 0.0013 303 33 325 80
bottle 0.0013 294 25 310 49
bottle 0.0013 25 68 40 84
bottle 0.0012 474 331 498 375
bottle 0.0011 299 8 323 49
bottle 0.0011 295 14 310 42
bottle 0.0010 411 173 440 213
bottle 0.0010 307 43 321 68
bottle 0.0010 289 24 315 68
car 0.0011 377 133 421 171
chair 0.1998 453 193 498 283
chair 0.1401 471 203 499 345
chair 0.0609 453 188 498 233
chair 0.0571 472 188 498 255
chair 0.0426 397 232 492 375
chair 0.0404 473 252 499 373
chair 0.0181 0 285 45 371
chair 0.0105 444 203 502 350
chair 0.0079 469 184 497 224
chair 0.0074 472 317 500 374
chair 0.0067 238 130 332 211
chair 0.0059 0 253 26 375
chair 0.0057 151 149 211 267
chair 0.0055 462 194 490 245
chair 0.0052 476 210 497 291
chair 0.0052 485 186 501 276
chair 0.0048 487 241 500 336
chair 0.0047 476 242 498 316
chair 0.0044 441 201 489 238
chair 0.0040 455 287 497 367
chair 0.0028 -3 321 95 375
chair 0.0027 0 221 101 386
chair 0.0026 448 206 502 254
chair 0.0024 442 185 489 223
chair 0.0021 351 166 438 330
chair 0.0020 386 205 435 304
chair 0.0014 82 165 177 328
chair 0.0014 484 176 501 230
chair 0.0013 464 192 488 212
chair 0.0012 487 285 500 367
chair 0.0011 -1 297 10 393
chair 0.0011 470 190 497 211
chair 0.0011 429 204 478 306
chair 0.0010 406 189 498 332
chair 0.0010 0 218 9 299
diningtable 0.9937 61 204 438 369
diningtable 0.0111 453 199 499 309
diningtable 0.0056 453 188 498 233
diningtable 0.0046 392 287 481 373
diningtable 0.0042 147 208 293 263
diningtable 0.0040 471 203 499 345
diningtable 0.0038 256 202 370 265
diningtable 0.0024 400 206 494 356
diningtable 0.0022 332 310 417 375
diningtable 0.0019 9 205 162 378
diningtable 0.0017 168 220 305 284
diningtable 0.0016 473 252 499 373
diningtable 0.0014 120 190 392 277
diningtable 0.0014 340 183 481 362
diningtable 0.0013 470 173 499 266
diningtable 0.0012 443 209 503 372
diningtable 0.0012 240 219 355 288
diningtable 0.0011 222 133 353 216
diningtable 0.0010 73 322 246 375
diningtable 0.0010 27 166 168 301
dog 0.0015 386 205 435 304
dog 0.0014 396 169 440 215
dog 0.0010 150 142 213 248
person 0.9670 150 142 213 248
person 0.9626 391 217 480 367
person 0.9370 241 129 343 213
person 0.8533 85 152 191 306
person 0.8139 347 149 436 290
person 0.6681 4 189 126 363
person 0.3393 387 131 430 197
person 0.1178 377 133 421 171
person 0.0793 119 145 210 279
person 0.0733 359 136 434 216
person 0.0715 336 157 423 244
person 0.0244 370 172 446 330
person 0.0183 143 157 194 266
person 0.0171 283 77 305 109
person 0.0170 470 191 499 319
person 0.0128 384 147 439 238
person 0.0110 386 205 435 304
person 0.0088 173 143 216 224
person 0.0077 -2 178 64 374
person 0.0076 95 159 157 276
person 0.0074 56 165 158 333
person 0.0066 408 81 423 110
person 0.0066 444 203 502 350
person 0.0062 406 189 498 332
person 0.0062 396 169 440 215
person 0.0060 453 193 498 283
person 0.0051 476 17 499 183
person 0.0044 295 81 308 107
person 0.0043 0 195 26 356
person 0.0039 470 173 499 266
person 0.0036 384 159 433 207
person 0.0035 310 40 330 111
person 0.0029 373 232 459 314
person 0.0028 0 224 9 312
person 0.0026 285 74 302 98
person 0.0026 272 66 313 104
person 0.0025 237 133 291 212
person 0.0024 473 252 499 373
person 0.0023 304 43 324 109
person 0.0023 298 21 331 109
person 0.0023 389 139 410 163
person 0.0022 293 138 342 209
person 0.0019 403 136 428 189
person 0.0018 404 83 417 109
person 0.0018 329 193 370 227
person 0.0018 398 140 416 163
person 0.0017 384 138 414 183
person 0.0017 395 134 417 155
person 0.0017 488 47 499 145
person 0.0014 403 134 446 217
person 0.0014 294 74 309 99
person 0.0012 489 88 500 179
person 0.0012 290 48 314 103
person 0.0011 291 76 311 111
person 0.0011 48 224 217 375
person 0.0011 54 180 392 365
person 0.0011 168 75 185 97
person 0.0011 281 50 306 101
person 0.0011 95 195 242 331
person 0.0010 446 -176 499 298
person 0.0010 490 149 499 176
pottedplant 0.0700 29 113 56 156
pottedplant 0.0481 16 109 34 156
pottedplant 0.0394 11 105 54 146
pottedplant 0.0061 33 121 52 148
pottedplant 0.0041 34 111 52 137
pottedplant 0.0038 251 4 277 55
pottedplant 0.0027 22 92 59 155
pottedplant 0.0027 41 110 59 157
pottedplant 0.0026 25 68 40 84
pottedplant 0.0025 22 121 41 149
pottedplant 0.0023 22 112 42 138
pottedplant 0.0020 17 104 31 125
pottedplant 0.0014 33 132 52 156
pottedplant 0.0012 22 133 41 156
pottedplant 0.0012 18 124 45 160
pottedplant 0.0011 472 317 500 374
pottedplant 0.0011 35 67 49 84
pottedplant 0.0010 34 105 53 126
sofa 0.1110 453 193 498 283
sofa 0.0369 397 232 492 375
sofa 0.0204 470 191 499 319
sofa 0.0092 244 125 340 208
sofa 0.0070 473 252 499 373
sofa 0.0061 444 203 502 350
sofa 0.0055 470 173 499 266
sofa 0.0046 453 188 498 233
sofa 0.0029 148 142 216 225
sofa 0.0014 406 189 498 332
tvmonitor 0.0032 453 193 498 283
tvmonitor 0.0025 470 191 499 319
tvmonitor 0.0012 470 173 499 266
tvmonitor 0.0010 475 129 499 178
