bottle 0.0369 306 -2 318 20
bottle 0.0159 313 0 329 20
bottle 0.0026 254 14 275 62
bottle 0.0026 1 281 26 374
bottle 0.0024 0 107 21 365
bottle 0.0024 0 21 30 412
bottle 0.0023 294 -1 311 19
bottle 0.0016 273 287 325 373
bottle 0.0014 320 1 341 20
chair 0.2694 175 119 471 378
chair 0.1178 479 204 501 335
chair 0.0084 410 197 498 386
chair 0.0047 488 195 500 305
chair 0.0042 490 233 500 344
chair 0.0030 61 116 270 366
chair 0.0028 -1 12 123 374
chair 0.0028 0 65 50 405
chair 0.0024 0 -21 30 415
chair 0.0024 475 207 499 274
chair 0.0022 0 136 21 374
chair 0.0020 186 235 461 372
chair 0.0019 447 181 500 360
chair 0.0018 96 51 411 349
chair 0.0017 473 24 500 404
chair 0.0012 481 64 500 328
diningtable 0.0022 9 72 496 378
diningtable 0.0019 61 116 270 366
person 0.9960 182 67 465 374
person 0.6721 73 133 256 373
person 0.0130 3 128 499 378
person 0.0056 0 -21 30 415
person 0.0051 64 36 361 354
person 0.0035 5 94 191 373
person 0.0019 279 320 326 371
person 0.0018 111 147 293 315
person 0.0017 0 65 50 405
person 0.0014 121 240 376 374
person 0.0012 0 107 21 365
person 0.0011 130 153 228 379
pottedplant 0.0092 313 0 329 20
pottedplant 0.0051 306 -2 318 20
pottedplant 0.0034 320 1 341 20
sofa 0.0420 175 119 471 378
tvmonitor 0.0044 -22 -55 361 52
tvmonitor 0.0022 0 167 21 380
tvmonitor 0.0015 87 -7 193 48
tvmonitor 0.0011 68 -19 190 32
