car 0.9997 13 128 481 291
car 0.0361 326 133 374 169
car 0.0074 274 137 333 170
car 0.0027 265 147 318 173
car 0.0012 292 131 377 179
car 0.0011 305 134 359 168
cow 0.0010 328 131 372 164
motorbike 0.0021 326 133 374 169
person 0.7048 299 135 328 171
person 0.2656 274 137 333 170
person 0.0661 326 133 374 169
person 0.0380 303 142 322 165
person 0.0208 260 128 309 162
person 0.0205 277 135 307 171
person 0.0094 312 141 330 164
person 0.0025 272 129 295 143
person 0.0025 305 134 359 168
person 0.0024 273 130 360 181
person 0.0023 265 147 318 173
person 0.0019 279 143 304 163
person 0.0018 280 134 303 153
person 0.0013 293 128 336 183
person 0.0013 273 132 296 153
person 0.0012 221 128 335 182
person 0.0010 302 135 324 157
