bird 0.0077 305 270 348 314
bird 0.0010 304 262 333 303
bottle 0.0543 310 178 322 198
bottle 0.0221 309 185 324 205
bottle 0.0144 298 176 315 198
bottle 0.0091 330 176 340 197
bottle 0.0079 298 171 313 190
bottle 0.0073 320 178 334 197
bottle 0.0049 299 184 315 205
bottle 0.0026 305 179 329 211
bottle 0.0025 319 186 334 205
bottle 0.0023 288 176 307 196
bottle 0.0018 289 171 305 189
bottle 0.0017 329 169 340 190
bottle 0.0017 305 107 314 131
bottle 0.0015 208 188 228 208
bottle 0.0012 348 118 363 144
bottle 0.0012 305 270 348 314
bottle 0.0010 280 177 298 194
car 0.0013 208 188 228 208
cat 0.0259 305 270 348 314
cat 0.0011 295 262 341 303
chair 0.4398 269 187 308 265
chair 0.2562 290 188 332 264
chair 0.0539 267 193 291 259
chair 0.0323 304 198 346 277
chair 0.0184 272 193 349 274
chair 0.0157 284 270 376 365
chair 0.0090 294 194 319 256
chair 0.0089 273 182 302 233
chair 0.0087 309 185 324 205
chair 0.0046 -9 368 157 498
chair 0.0046 284 183 308 250
chair 0.0045 303 183 332 226
chair 0.0041 280 177 298 194
chair 0.0032 299 184 315 205
chair 0.0029 209 198 254 287
chair 0.0027 295 194 338 238
chair 0.0026 319 186 334 205
chair 0.0024 272 184 286 206
chair 0.0023 289 185 306 204
chair 0.0022 272 177 285 196
chair 0.0021 303 208 332 259
chair 0.0018 352 255 373 291
chair 0.0017 285 175 311 215
chair 0.0017 320 178 334 197
chair 0.0017 279 184 298 205
chair 0.0016 299 194 317 214
chair 0.0016 310 178 322 198
chair 0.0015 -1 234 40 324
chair 0.0014 298 176 315 198
chair 0.0014 311 222 336 266
chair 0.0014 312 198 338 255
chair 0.0014 288 176 307 196
chair 0.0014 295 185 322 225
chair 0.0012 261 223 371 380
chair 0.0012 275 200 297 266
chair 0.0011 289 210 337 300
chair 0.0011 308 193 326 214
chair 0.0010 259 206 296 300
chair 0.0010 269 177 290 218
chair 0.0010 266 253 358 313
diningtable 0.0551 273 187 348 262
diningtable 0.0301 269 187 308 265
diningtable 0.0083 266 272 369 366
diningtable 0.0048 304 198 346 277
diningtable 0.0017 297 180 336 210
diningtable 0.0015 309 185 324 205
diningtable 0.0013 268 185 291 249
dog 0.0347 305 270 348 314
dog 0.0014 295 262 341 303
dog 0.0014 313 265 357 301
person 0.0131 305 270 348 314
person 0.0026 310 178 322 198
person 0.0022 309 185 324 205
person 0.0021 284 270 376 365
person 0.0011 305 107 314 131
pottedplant 0.7430 0 120 45 246
pottedplant 0.4167 34 192 61 241
pottedplant 0.1163 2 206 32 247
pottedplant 0.0828 298 176 315 198
pottedplant 0.0460 288 176 307 196
pottedplant 0.0448 310 178 322 198
pottedplant 0.0308 298 171 313 190
pottedplant 0.0273 295 172 320 204
pottedplant 0.0266 -2 170 41 262
pottedplant 0.0259 27 184 65 255
pottedplant 0.0205 309 185 324 205
pottedplant 0.0198 289 171 305 189
pottedplant 0.0159 299 184 315 205
pottedplant 0.0153 285 170 311 202
pottedplant 0.0152 16 122 60 245
pottedplant 0.0124 29 188 66 225
pottedplant 0.0091 -5 118 55 311
pottedplant 0.0087 26 200 54 249
pottedplant 0.0083 33 215 61 251
pottedplant 0.0081 280 177 298 194
pottedplant 0.0078 16 203 40 248
pottedplant 0.0065 336 98 360 141
pottedplant 0.0059 320 178 334 197
pottedplant 0.0056 -1 209 21 259
pottedplant 0.0055 35 180 61 216
pottedplant 0.0051 305 179 329 211
pottedplant 0.0043 5 214 51 253
pottedplant 0.0026 319 186 334 205
pottedplant 0.0023 330 176 340 197
pottedplant 0.0023 338 119 356 141
pottedplant 0.0023 19 222 37 247
pottedplant 0.0021 272 177 285 196
pottedplant 0.0019 27 181 53 231
pottedplant 0.0015 19 212 37 238
pottedplant 0.0014 44 202 66 247
pottedplant 0.0014 348 118 363 144
pottedplant 0.0013 289 185 306 204
pottedplant 0.0013 6 222 30 248
pottedplant 0.0011 0 213 18 240
pottedplant 0.0010 287 166 326 193
pottedplant 0.0010 7 233 28 254
sofa 0.0330 266 272 369 366
sofa 0.0026 145 205 200 248
sofa 0.0012 293 267 373 335
sofa 0.0010 209 198 254 287
tvmonitor 0.6478 141 204 206 266
tvmonitor 0.0562 208 188 228 208
tvmonitor 0.0422 188 183 232 209
tvmonitor 0.0267 205 182 253 212
tvmonitor 0.0231 227 183 250 215
tvmonitor 0.0137 309 185 324 205
tvmonitor 0.0038 319 186 334 205
tvmonitor 0.0026 198 187 224 208
tvmonitor 0.0025 298 176 315 198
tvmonitor 0.0025 303 183 332 226
tvmonitor 0.0024 320 178 334 197
tvmonitor 0.0022 193 186 214 206
tvmonitor 0.0021 280 177 298 194
tvmonitor 0.0019 288 176 307 196
tvmonitor 0.0018 310 178 322 198
tvmonitor 0.0018 206 186 232 221
tvmonitor 0.0017 197 202 238 279
tvmonitor 0.0015 299 184 315 205
tvmonitor 0.0014 209 198 254 287
tvmonitor 0.0013 298 171 313 190
tvmonitor 0.0012 297 180 336 210
tvmonitor 0.0011 217 189 242 207
tvmonitor 0.0011 193 172 243 208
tvmonitor 0.0010 272 177 285 196
tvmonitor 0.0010 149 214 192 254
