boat 0.0025 330 28 480 137
bottle 0.0050 206 143 224 163
bottle 0.0039 198 141 215 165
bottle 0.0015 490 108 499 139
bottle 0.0014 217 144 231 161
bottle 0.0011 199 129 214 157
bottle 0.0011 488 100 500 129
car 0.0088 351 46 407 82
car 0.0029 347 63 477 131
car 0.0024 418 55 474 94
car 0.0013 326 93 424 152
car 0.0010 349 47 388 73
cat 0.0015 165 114 213 158
cat 0.0014 338 115 424 198
chair 0.3203 224 140 302 357
chair 0.1828 333 125 424 258
chair 0.0277 338 115 424 198
chair 0.0222 135 174 282 340
chair 0.0216 429 181 498 329
chair 0.0105 243 153 346 316
chair 0.0059 476 82 501 270
chair 0.0046 342 173 406 260
chair 0.0045 222 112 324 286
chair 0.0042 436 88 499 269
chair 0.0029 162 142 325 318
chair 0.0022 65 246 278 372
chair 0.0022 450 106 502 208
chair 0.0015 445 163 501 270
chair 0.0015 148 234 243 312
chair 0.0013 108 158 251 305
chair 0.0012 165 114 213 158
chair 0.0012 237 181 289 322
chair 0.0010 316 109 403 142
chair 0.0010 477 140 498 328
chair 0.0010 306 139 414 217
diningtable 0.0909 162 142 325 318
diningtable 0.0245 135 174 282 340
diningtable 0.0192 338 174 421 259
diningtable 0.0129 108 158 251 305
diningtable 0.0124 211 140 354 250
diningtable 0.0089 134 136 297 254
diningtable 0.0076 45 186 230 345
diningtable 0.0063 65 246 278 372
diningtable 0.0059 266 143 365 213
diningtable 0.0033 229 155 322 344
diningtable 0.0031 334 105 424 253
diningtable 0.0026 231 152 413 293
diningtable 0.0017 321 67 466 132
diningtable 0.0016 306 139 414 217
diningtable 0.0015 151 138 255 213
diningtable 0.0013 228 138 321 220
diningtable 0.0013 173 118 220 165
diningtable 0.0012 47 184 168 247
diningtable 0.0010 231 133 368 192
dog 0.0049 175 114 219 157
dog 0.0020 338 115 424 198
dog 0.0010 473 93 500 139
horse 0.0010 175 114 219 157
person 0.8449 139 152 237 318
person 0.4411 219 126 305 304
person 0.3833 175 114 219 157
person 0.3798 220 103 259 162
person 0.3489 350 108 429 181
person 0.3346 334 105 424 253
person 0.0877 473 93 500 139
person 0.0806 193 118 219 164
person 0.0384 162 142 325 318
person 0.0204 476 82 501 270
person 0.0155 473 75 500 169
person 0.0086 206 143 224 163
person 0.0079 198 141 215 165
person 0.0060 94 178 256 340
person 0.0059 219 112 262 236
person 0.0058 382 116 430 188
person 0.0054 178 120 222 224
person 0.0054 200 109 281 251
person 0.0052 199 129 214 157
person 0.0052 217 133 301 223
person 0.0050 484 88 502 143
person 0.0047 187 105 260 167
person 0.0046 436 88 499 269
person 0.0042 183 134 226 166
person 0.0038 451 91 501 188
person 0.0037 134 136 297 254
person 0.0035 329 84 476 218
person 0.0030 217 144 231 161
person 0.0030 211 140 354 250
person 0.0028 230 105 253 125
person 0.0024 163 115 214 192
person 0.0023 203 104 253 148
person 0.0023 476 -2 500 160
person 0.0022 196 122 214 145
person 0.0021 171 121 205 163
person 0.0019 207 133 224 156
person 0.0019 340 97 442 155
person 0.0019 176 122 265 278
person 0.0018 49 174 229 297
person 0.0017 349 121 408 232
person 0.0016 204 123 227 162
person 0.0016 302 126 419 192
person 0.0015 226 103 259 133
person 0.0015 135 144 230 208
person 0.0013 490 108 499 139
person 0.0013 476 101 495 128
person 0.0012 488 100 500 129
person 0.0011 376 106 419 142
person 0.0011 172 123 272 186
person 0.0011 151 157 249 231
sofa 0.1239 334 105 424 253
sofa 0.0129 223 126 322 308
sofa 0.0129 429 181 498 329
sofa 0.0115 137 166 238 328
sofa 0.0085 347 63 477 131
sofa 0.0084 356 54 468 106
sofa 0.0047 338 174 421 259
sofa 0.0041 350 111 428 194
sofa 0.0040 326 93 424 152
sofa 0.0038 324 68 426 136
sofa 0.0032 347 48 392 82
sofa 0.0026 436 88 499 269
sofa 0.0025 328 54 476 173
sofa 0.0016 106 121 315 336
sofa 0.0015 302 126 419 192
sofa 0.0010 332 49 419 115
sofa 0.0010 167 137 326 256
tvmonitor 0.2967 349 47 388 73
tvmonitor 0.1578 351 46 407 82
tvmonitor 0.0218 378 46 417 84
tvmonitor 0.0115 326 93 424 152
tvmonitor 0.0115 356 54 468 106
tvmonitor 0.0102 411 54 462 78
tvmonitor 0.0098 342 41 440 84
tvmonitor 0.0087 404 57 468 92
tvmonitor 0.0083 324 68 426 136
tvmonitor 0.0051 477 -8 501 134
tvmonitor 0.0040 347 63 477 131
tvmonitor 0.0038 337 108 423 180
tvmonitor 0.0035 316 109 403 142
tvmonitor 0.0024 332 49 419 115
tvmonitor 0.0019 328 54 476 173
tvmonitor 0.0017 357 53 381 76
tvmonitor 0.0015 340 58 396 90
tvmonitor 0.0013 446 -5 495 93
tvmonitor 0.0012 439 -16 502 144
tvmonitor 0.0011 445 336 507 374
tvmonitor 0.0011 399 65 472 105
tvmonitor 0.0010 373 45 403 76
