bottle 0.2922 303 242 344 310
bottle 0.0693 176 253 224 376
bottle 0.0161 292 240 372 308
bottle 0.0071 233 231 255 287
bottle 0.0038 222 230 257 318
bottle 0.0029 234 245 254 312
bottle 0.0027 227 252 244 324
bottle 0.0026 317 257 342 312
bottle 0.0013 194 248 241 377
bottle 0.0010 309 249 337 295
chair 0.0252 88 92 410 326
chair 0.0028 133 144 366 278
chair 0.0027 454 243 498 381
chair 0.0017 443 144 500 397
chair 0.0011 333 152 499 356
diningtable 0.5594 2 255 496 371
diningtable 0.0106 149 163 503 361
diningtable 0.0087 134 281 451 374
diningtable 0.0087 88 92 410 326
diningtable 0.0021 218 297 376 369
diningtable 0.0015 166 95 394 260
diningtable 0.0015 198 210 460 334
diningtable 0.0013 1 90 163 300
diningtable 0.0010 21 224 488 323
person 0.9949 106 82 395 276
person 0.9496 331 95 502 363
person 0.9064 4 84 158 361
person 0.0606 145 94 507 342
person 0.0322 -1 97 25 222
person 0.0312 335 91 495 235
person 0.0209 0 129 12 197
person 0.0152 0 103 24 329
person 0.0122 440 93 500 411
person 0.0105 98 92 257 267
person 0.0104 11 92 120 272
person 0.0078 -2 103 59 371
person 0.0057 0 94 10 175
person 0.0056 189 104 459 250
person 0.0049 0 115 42 238
person 0.0049 27 85 334 340
person 0.0045 0 112 22 178
person 0.0038 35 92 210 286
person 0.0035 326 232 500 375
person 0.0033 0 138 97 406
person 0.0032 -1 134 9 168
person 0.0028 -1 95 43 185
person 0.0027 0 133 25 193
person 0.0025 79 107 179 253
person 0.0024 469 30 499 440
person 0.0018 0 44 21 201
person 0.0016 479 81 499 386
person 0.0014 0 147 10 255
person 0.0013 474 117 497 172
person 0.0012 239 128 252 154
person 0.0012 -1 64 7 164
person 0.0011 2 168 22 255
person 0.0011 98 122 193 200
person 0.0010 7 136 38 188
person 0.0010 0 113 8 152
sofa 0.0014 88 92 410 326
