boat 0.0022 5 116 22 137
boat 0.0016 1 107 26 142
boat 0.0012 -1 90 13 143
bus 0.2759 67 83 485 308
bus 0.0094 1 107 26 142
bus 0.0079 5 116 22 137
bus 0.0015 -1 102 14 146
bus 0.0013 3 125 22 140
car 0.9951 39 78 470 318
car 0.0800 34 120 68 150
car 0.0212 31 124 58 145
car 0.0163 30 72 233 225
car 0.0100 3 125 22 140
car 0.0097 5 116 22 137
car 0.0047 26 124 64 160
car 0.0037 27 106 105 170
car 0.0023 0 123 10 143
car 0.0023 118 115 444 272
car 0.0022 14 118 30 136
car 0.0019 14 126 32 141
car 0.0018 27 115 70 204
car 0.0017 28 124 42 144
car 0.0016 0 114 12 137
car 0.0016 63 82 184 153
car 0.0012 30 127 57 175
car 0.0012 29 87 137 153
car 0.0010 29 110 92 145
car 0.0010 29 124 94 158
motorbike 0.0010 17 55 489 272
person 0.0026 5 116 22 137
person 0.0013 11 73 432 317
person 0.0012 220 52 231 82
person 0.0010 0 114 12 137
person 0.0010 3 125 22 140
train 0.0057 1 107 26 142
train 0.0027 5 116 22 137
