aeroplane 0.0044 224 153 246 169
aeroplane 0.0018 250 148 315 178
boat 0.9745 103 92 251 255
boat 0.8900 223 106 483 283
boat 0.2134 476 186 498 358
boat 0.0429 10 220 74 239
boat 0.0138 20 223 47 235
boat 0.0130 27 223 58 234
boat 0.0125 224 153 246 169
boat 0.0124 1 224 23 236
boat 0.0070 473 129 499 303
boat 0.0060 77 222 106 234
boat 0.0043 76 112 420 252
boat 0.0042 486 322 500 386
boat 0.0037 230 127 327 192
boat 0.0035 48 219 113 238
boat 0.0028 47 223 76 233
boat 0.0027 0 218 11 241
boat 0.0027 474 178 499 221
boat 0.0026 221 146 247 176
boat 0.0022 467 67 499 401
boat 0.0021 20 211 80 235
boat 0.0020 10 223 33 235
boat 0.0019 110 160 477 264
boat 0.0019 405 254 487 283
boat 0.0016 458 251 475 263
boat 0.0016 57 224 85 233
boat 0.0016 442 148 500 351
boat 0.0016 199 141 325 207
boat 0.0014 67 223 96 234
boat 0.0013 475 191 496 208
boat 0.0011 436 214 458 224
boat 0.0011 454 174 496 300
boat 0.0011 489 341 500 371
boat 0.0011 310 325 516 367
boat 0.0011 362 141 499 293
boat 0.0011 1 210 62 236
