bottle 0.0031 489 192 500 288
bottle 0.0024 0 137 24 300
bottle 0.0023 -2 34 91 250
chair 0.0109 0 0 81 135
chair 0.0103 -2 -2 49 84
chair 0.0099 -1 -9 24 96
chair 0.0041 -5 -42 66 240
chair 0.0026 1 -3 82 58
chair 0.0018 0 -26 11 82
chair 0.0017 2 78 495 427
chair 0.0016 -1 -20 19 220
diningtable 0.0010 0 0 81 135
person 0.0014 -5 -42 66 240
person 0.0012 489 192 500 288
pottedplant 0.9903 14 34 481 356
pottedplant 0.0676 440 40 501 309
pottedplant 0.0551 44 30 221 354
pottedplant 0.0278 234 12 493 364
pottedplant 0.0171 126 21 429 285
pottedplant 0.0160 0 204 23 382
pottedplant 0.0147 2 -4 118 387
pottedplant 0.0133 0 161 26 309
pottedplant 0.0098 365 -6 498 306
pottedplant 0.0063 56 52 208 233
pottedplant 0.0061 0 199 51 383
pottedplant 0.0058 -3 58 92 260
pottedplant 0.0036 92 26 188 287
pottedplant 0.0034 -1 60 54 366
pottedplant 0.0019 477 53 501 258
pottedplant 0.0018 94 44 193 169
pottedplant 0.0018 454 71 499 240
pottedplant 0.0015 0 65 20 290
pottedplant 0.0013 468 12 499 338
pottedplant 0.0011 -1 70 30 436
pottedplant 0.0011 0 199 25 263
pottedplant 0.0011 87 26 244 187
pottedplant 0.0010 29 210 54 252
pottedplant 0.0010 0 180 43 288
sofa 0.0029 0 0 81 135
tvmonitor 0.0022 452 280 500 379
