boat 0.1327 17 85 106 155
boat 0.0143 5 31 100 162
boat 0.0062 35 52 93 155
boat 0.0057 99 79 149 157
boat 0.0057 17 132 105 154
boat 0.0031 334 132 388 155
boat 0.0030 94 119 144 148
boat 0.0023 29 118 92 149
boat 0.0016 8 115 154 156
boat 0.0012 412 142 464 161
boat 0.0011 0 32 23 165
boat 0.0010 46 81 76 146
bus 0.0011 165 160 315 205
car 0.9989 39 157 462 358
car 0.0045 82 147 418 224
car 0.0033 232 163 357 221
car 0.0019 108 167 293 219
car 0.0010 69 185 214 242
motorbike 0.0013 34 142 410 342
person 0.0308 230 164 280 203
person 0.0140 199 164 315 224
person 0.0081 135 179 181 207
person 0.0050 208 159 353 206
person 0.0039 247 164 299 201
person 0.0027 181 166 249 201
person 0.0026 206 160 265 203
person 0.0021 248 170 279 209
person 0.0012 232 179 294 218
person 0.0012 282 162 342 204
person 0.0012 138 160 303 204
