cow 0.7439 161 18 417 366
cow 0.0182 157 243 416 375
cow 0.0067 108 18 314 364
cow 0.0024 255 250 468 371
cow 0.0020 140 150 275 315
cow 0.0018 276 294 394 371
cow 0.0012 162 174 348 357
dog 0.2994 187 18 454 369
dog 0.0150 214 248 435 373
dog 0.0047 276 294 394 371
dog 0.0020 100 285 413 374
dog 0.0019 125 138 390 379
horse 0.3889 178 40 459 388
horse 0.0145 125 138 390 379
horse 0.0031 157 243 416 375
horse 0.0014 134 163 273 366
horse 0.0011 108 18 314 364
motorbike 0.0012 396 207 502 375
person 0.9630 45 285 129 374
person 0.4944 137 152 253 356
person 0.3397 26 295 73 375
person 0.3143 119 297 173 372
person 0.0534 69 287 175 373
person 0.0318 123 298 233 371
person 0.0318 27 312 115 375
person 0.0271 130 54 390 385
person 0.0178 1 149 52 395
person 0.0108 220 45 491 392
person 0.0085 0 205 25 382
person 0.0076 33 321 70 369
person 0.0074 295 300 407 371
person 0.0038 0 141 23 333
person 0.0036 2 289 52 370
person 0.0034 223 284 432 371
person 0.0032 122 236 388 372
person 0.0030 135 322 262 374
person 0.0029 125 281 203 357
person 0.0026 400 235 499 376
person 0.0024 133 301 183 352
person 0.0022 26 287 55 330
person 0.0021 109 285 310 375
person 0.0021 13 257 171 373
person 0.0020 162 174 348 357
person 0.0018 0 82 32 428
person 0.0016 134 151 233 235
person 0.0014 0 183 43 328
person 0.0014 0 203 86 373
person 0.0012 452 288 497 374
person 0.0011 0 177 6 321
sheep 0.0019 133 19 382 364
