bicycle 0.0016 92 157 110 222
bicycle 0.0015 107 159 130 219
bird 0.0051 128 96 144 108
bird 0.0050 17 193 29 211
bird 0.0027 133 218 148 237
bird 0.0017 52 104 71 114
chair 0.0010 327 102 377 236
cow 0.0025 52 104 71 114
cow 0.0016 128 96 144 108
cow 0.0015 94 138 138 213
dog 0.0045 94 138 138 213
dog 0.0017 105 148 131 218
horse 0.0018 91 150 134 225
person 0.9967 324 95 374 230
person 0.9139 89 142 135 215
person 0.0170 94 142 108 225
person 0.0093 98 146 122 220
person 0.0084 107 159 130 219
sheep 0.0190 52 104 71 114
sheep 0.0123 17 193 29 211
sheep 0.0083 128 96 144 108
sheep 0.0015 46 104 64 114
sheep 0.0015 94 138 138 213
sheep 0.0010 425 -107 509 115
