bird 0.0011 0 239 73 310
bottle 0.0284 42 114 58 172
bottle 0.0052 37 126 53 172
bottle 0.0032 10 131 55 173
bottle 0.0019 307 260 354 293
bottle 0.0016 253 209 273 229
bottle 0.0014 45 118 56 149
bottle 0.0010 254 217 273 236
cat 0.0920 0 239 73 310
cat 0.0012 103 83 184 268
chair 0.0257 106 101 182 315
chair 0.0055 148 173 368 317
chair 0.0044 143 87 255 327
chair 0.0039 -3 121 103 308
chair 0.0025 86 215 419 328
chair 0.0016 244 159 317 231
chair 0.0014 288 184 384 277
chair 0.0013 -1 220 69 300
chair 0.0012 123 146 170 279
chair 0.0011 233 135 504 326
cow 0.0011 -1 240 80 308
diningtable 0.0493 -1 133 131 286
diningtable 0.0013 7 176 165 314
dog 0.6149 -1 240 80 308
dog 0.0040 103 83 184 268
horse 0.0019 -1 240 80 308
person 0.9220 233 135 504 326
person 0.7439 205 173 381 314
person 0.5759 122 71 282 323
person 0.3894 105 78 181 302
person 0.1436 288 184 384 277
person 0.0372 -1 240 80 308
person 0.0332 114 145 401 334
person 0.0229 238 197 329 275
person 0.0191 151 117 337 294
person 0.0070 43 79 243 320
person 0.0063 147 69 253 251
person 0.0047 186 215 453 326
person 0.0045 78 63 182 227
person 0.0040 210 212 313 293
person 0.0029 135 95 183 215
person 0.0023 6 115 166 293
person 0.0022 296 173 406 324
person 0.0019 108 165 255 323
person 0.0015 80 222 345 326
person 0.0013 88 170 124 301
person 0.0011 250 211 294 242
person 0.0011 120 105 171 239
person 0.0010 263 211 283 228
person 0.0010 362 120 500 342
sheep 0.0048 -1 240 80 308
sofa 0.0116 114 145 401 334
sofa 0.0043 -1 133 131 286
sofa 0.0024 126 168 295 317
sofa 0.0013 105 78 181 302
