aeroplane 0.9910 16 76 484 292
aeroplane 0.0582 -2 63 269 319
aeroplane 0.0363 296 81 498 229
aeroplane 0.0039 1 107 183 260
aeroplane 0.0037 136 79 436 233
aeroplane 0.0022 9 81 249 222
aeroplane 0.0014 3 75 132 373
aeroplane 0.0013 183 89 474 353
aeroplane 0.0011 -33 48 384 386
boat 0.0010 3 75 132 373
car 0.0032 2 80 259 358
car 0.0030 0 193 101 378
car 0.0030 3 75 132 373
car 0.0023 0 213 10 306
car 0.0017 -1 81 59 347
horse 0.0017 -1 75 186 366
person 0.7209 0 177 100 372
person 0.5973 120 158 234 356
person 0.4092 291 172 418 377
person 0.0357 71 202 133 375
person 0.0289 39 177 223 357
person 0.0144 256 214 275 287
person 0.0115 3 75 132 373
person 0.0085 -1 81 59 347
person 0.0067 0 220 10 317
person 0.0042 83 245 123 381
person 0.0041 4 217 171 371
person 0.0028 2 80 259 358
person 0.0025 0 206 21 381
person 0.0024 280 221 320 292
person 0.0023 0 242 9 352
person 0.0021 285 225 320 361
person 0.0018 0 105 22 330
person 0.0018 34 160 136 358
person 0.0017 0 159 46 269
person 0.0016 -1 39 32 388
person 0.0013 275 179 360 372
person 0.0012 101 191 192 384
person 0.0011 0 186 8 294
