aeroplane 0.9846 30 -19 476 331
aeroplane 0.0025 0 28 82 324
aeroplane 0.0019 132 83 509 355
aeroplane 0.0016 53 -4 300 300
aeroplane 0.0013 311 82 501 217
aeroplane 0.0010 121 3 366 131
bicycle 0.0103 0 52 81 337
bird 0.0018 -2 28 64 322
boat 0.0025 0 52 81 337
chair 0.0201 0 52 81 337
chair 0.0064 112 -20 513 385
chair 0.0034 0 86 22 308
chair 0.0022 47 15 388 344
chair 0.0016 0 129 58 370
chair 0.0010 0 9 59 226
diningtable 0.0010 -1 89 62 340
horse 0.0021 -2 28 64 322
motorbike 0.0027 0 52 81 337
person 0.0016 -2 28 64 322
pottedplant 0.0251 0 28 82 324
