bird 0.0037 82 -19 328 344
boat 0.0043 82 -19 328 344
boat 0.0027 37 26 455 395
bottle 0.0131 82 -19 328 344
bottle 0.0129 179 127 225 229
bottle 0.0108 152 61 253 138
bottle 0.0052 152 59 242 258
bottle 0.0051 173 42 269 121
bottle 0.0036 140 82 235 154
bottle 0.0034 147 17 258 184
bottle 0.0022 161 114 213 204
bottle 0.0020 311 129 333 178
bottle 0.0013 200 125 233 265
bus 0.0018 -4 0 60 194
car 0.0064 82 -19 328 344
car 0.0015 84 132 99 152
car 0.0012 -1 110 45 295
chair 0.0019 73 28 338 391
motorbike 0.0037 82 -19 328 344
person 0.9916 68 -2 334 382
person 0.9337 52 120 94 271
person 0.9036 0 115 44 318
person 0.0317 57 103 108 368
person 0.0276 0 110 30 254
person 0.0220 0 120 26 171
person 0.0098 58 122 98 198
person 0.0080 0 118 9 147
person 0.0079 62 64 226 382
person 0.0077 0 112 12 177
person 0.0066 82 148 101 195
person 0.0049 34 149 52 232
person 0.0047 2 108 42 205
person 0.0039 64 139 98 328
person 0.0035 0 102 26 151
person 0.0030 12 100 35 151
person 0.0029 15 129 30 154
person 0.0029 100 -19 314 243
person 0.0029 -1 92 28 191
person 0.0028 62 76 149 399
person 0.0027 11 120 32 164
person 0.0026 82 130 103 178
person 0.0025 5 120 94 307
person 0.0025 211 22 306 367
person 0.0024 1 176 25 326
person 0.0022 84 132 99 152
person 0.0020 3 122 22 145
person 0.0016 10 136 35 189
person 0.0015 85 155 98 188
person 0.0014 0 95 11 157
person 0.0014 18 111 42 154
person 0.0013 44 140 61 225
person 0.0012 4 130 22 154
person 0.0011 132 89 234 303
pottedplant 0.0067 310 134 333 190
tvmonitor 0.0041 -3 -28 63 192
tvmonitor 0.0018 82 -19 328 344
