boat 0.8556 11 112 177 246
boat 0.8268 229 114 328 243
boat 0.0751 207 142 244 246
boat 0.0700 407 165 500 235
boat 0.0555 88 217 210 254
boat 0.0315 0 209 28 249
boat 0.0312 53 118 274 245
boat 0.0202 268 135 324 245
boat 0.0120 239 113 288 242
boat 0.0107 101 194 216 249
boat 0.0094 1 220 27 242
boat 0.0067 472 164 498 219
boat 0.0055 311 217 388 240
boat 0.0045 0 226 10 251
boat 0.0045 18 146 130 239
boat 0.0040 0 219 11 242
boat 0.0037 0 229 27 248
boat 0.0037 22 168 235 255
boat 0.0027 449 181 498 220
boat 0.0026 433 194 496 227
boat 0.0026 426 206 505 233
boat 0.0024 318 206 380 234
boat 0.0022 -1 204 14 255
boat 0.0018 371 142 498 244
boat 0.0018 0 166 29 264
boat 0.0018 486 142 498 243
boat 0.0015 330 212 348 229
boat 0.0014 -14 218 229 252
boat 0.0013 211 169 238 233
boat 0.0012 2 147 45 250
boat 0.0012 13 230 30 249
boat 0.0011 339 213 359 227
boat 0.0010 14 220 28 242
boat 0.0010 376 224 402 235
boat 0.0010 443 128 497 233
bottle 0.0019 258 110 268 136
person 0.0024 65 170 77 192
person 0.0010 59 169 70 193
