bicycle 0.9987 43 99 442 357
bicycle 0.0069 290 125 430 317
bicycle 0.0023 154 150 396 311
bottle 0.0071 168 185 273 249
bottle 0.0033 239 179 280 256
bottle 0.0031 252 183 278 239
bottle 0.0024 197 185 244 252
bottle 0.0022 227 219 243 242
bottle 0.0015 223 212 246 248
bottle 0.0015 201 182 314 250
bottle 0.0013 182 166 297 236
bottle 0.0012 362 191 381 251
car 0.0011 67 76 428 331
chair 0.0026 108 107 438 352
chair 0.0016 290 125 430 317
motorbike 0.0094 67 76 428 331
person 0.0752 294 117 426 255
person 0.0685 120 82 435 322
person 0.0024 193 190 238 233
person 0.0019 23 144 40 184
person 0.0018 353 111 429 278
person 0.0014 269 108 446 341
person 0.0013 367 120 412 165
person 0.0013 277 120 402 193
person 0.0010 43 122 394 376
