bicycle 0.9952 64 76 376 326
bicycle 0.0808 131 101 344 284
bicycle 0.0038 6 88 179 359
bicycle 0.0028 40 188 211 347
bicycle 0.0016 261 85 370 281
bicycle 0.0014 -3 79 135 214
bird 0.0036 0 70 53 165
bottle 0.1252 63 105 78 162
bottle 0.0686 57 101 73 164
bottle 0.0169 65 106 75 144
bottle 0.0035 59 107 71 140
bottle 0.0019 241 97 265 132
bottle 0.0018 73 132 87 154
bottle 0.0016 237 99 289 131
bottle 0.0012 70 114 89 155
bottle 0.0010 235 95 257 134
bottle 0.0010 219 98 270 132
chair 0.1084 358 209 496 349
chair 0.0038 23 80 342 362
chair 0.0036 9 185 176 350
chair 0.0026 0 70 53 165
chair 0.0014 36 227 217 378
chair 0.0011 475 198 499 350
diningtable 0.0047 342 210 497 348
motorbike 0.0077 66 75 379 358
person 0.0014 154 79 388 317
person 0.0012 23 80 342 362
person 0.0010 358 209 496 349
pottedplant 0.0488 0 70 53 165
pottedplant 0.0054 0 102 56 205
pottedplant 0.0027 0 78 30 195
pottedplant 0.0018 0 122 47 166
pottedplant 0.0018 -1 73 58 278
pottedplant 0.0010 36 227 217 378
sofa 0.5524 358 214 495 365
tvmonitor 0.0041 358 209 496 349
