bird 0.0021 310 -116 400 68
car 0.9991 2 35 498 305
car 0.0061 165 -1 207 43
person 0.7747 5 -5 41 85
person 0.5729 477 -2 501 114
person 0.5321 70 1 99 80
person 0.4623 108 0 136 77
person 0.4045 439 2 470 106
person 0.2231 94 -4 110 81
person 0.1929 37 -2 67 81
person 0.1755 451 -2 486 110
person 0.1734 103 -5 118 80
person 0.1442 435 2 457 73
person 0.0942 51 -4 71 84
person 0.0522 486 16 499 118
person 0.0496 35 -8 52 86
person 0.0304 119 -5 138 65
person 0.0232 414 7 440 69
person 0.0129 91 -1 123 73
person 0.0122 49 7 87 83
person 0.0102 17 17 34 97
person 0.0101 82 10 99 79
person 0.0098 456 -1 477 77
person 0.0097 433 33 458 96
person 0.0081 466 25 484 106
person 0.0068 26 -5 41 84
person 0.0061 129 1 145 70
person 0.0058 444 24 467 89
person 0.0057 63 -2 80 81
person 0.0054 174 6 199 47
person 0.0053 395 11 435 91
person 0.0048 409 12 429 80
person 0.0041 150 -3 167 46
person 0.0041 157 -6 175 46
person 0.0041 430 8 448 68
person 0.0039 476 -7 499 49
person 0.0037 487 -23 501 80
person 0.0030 161 26 174 48
person 0.0028 105 9 114 45
person 0.0025 0 -24 9 79
person 0.0024 481 3 500 211
person 0.0024 456 30 477 99
person 0.0023 154 12 165 44
person 0.0023 1 0 26 136
person 0.0022 1 -12 22 69
person 0.0020 465 -3 482 79
person 0.0020 166 -3 190 44
person 0.0015 24 33 44 94
person 0.0015 310 -116 400 68
person 0.0014 436 -2 459 44
person 0.0013 137 4 162 49
person 0.0012 235 -100 319 46
person 0.0012 0 -7 7 25
person 0.0011 426 36 449 93
person 0.0010 370 15 414 89
person 0.0010 188 4 204 47
person 0.0010 489 -5 499 25
person 0.0010 177 15 195 41
