bicycle 0.0021 8 4 181 151
bottle 0.0022 0 191 23 249
bottle 0.0019 152 167 202 196
bottle 0.0011 23 189 44 250
car 0.0065 57 0 439 388
chair 0.5786 138 35 414 385
chair 0.4541 72 67 275 372
chair 0.0371 3 32 123 211
chair 0.0352 6 14 189 286
chair 0.0260 62 126 215 315
chair 0.0155 121 131 298 306
chair 0.0101 50 59 210 233
chair 0.0083 365 45 458 110
chair 0.0082 360 57 499 237
chair 0.0073 251 155 399 373
chair 0.0065 240 21 476 361
chair 0.0056 67 212 265 382
chair 0.0054 0 92 137 269
chair 0.0038 8 4 181 151
chair 0.0034 0 -8 90 174
chair 0.0034 -20 0 370 377
chair 0.0029 0 43 64 272
chair 0.0019 80 2 170 78
chair 0.0013 122 55 294 239
chair 0.0011 65 7 273 138
chair 0.0011 434 56 498 264
chair 0.0010 63 54 117 149
chair 0.0010 -1 43 51 156
chair 0.0010 32 0 302 237
diningtable 0.0646 84 129 413 379
diningtable 0.0024 3 32 123 211
diningtable 0.0021 114 15 389 308
diningtable 0.0016 210 15 424 378
diningtable 0.0015 360 57 499 237
diningtable 0.0011 49 73 232 375
diningtable 0.0010 8 4 181 151
person 0.8793 103 25 397 372
person 0.7535 68 51 275 341
person 0.0204 90 62 207 292
person 0.0108 238 48 400 379
person 0.0085 121 131 298 306
person 0.0022 6 33 191 339
person 0.0013 43 138 241 374
person 0.0011 122 55 294 239
person 0.0010 190 15 456 298
pottedplant 0.0012 30 170 65 261
pottedplant 0.0011 0 191 23 249
pottedplant 0.0010 0 134 57 377
sofa 0.0782 96 41 403 384
sofa 0.0020 66 137 274 371
