bird 0.0016 402 21 503 282
bottle 0.9992 116 49 179 301
bottle 0.0010 403 -43 504 284
cat 0.0254 402 8 505 266
cat 0.0018 404 128 500 296
cat 0.0011 215 -4 494 290
chair 0.0020 402 8 505 266
dog 0.9947 211 -2 491 312
dog 0.0740 402 8 505 266
dog 0.0065 404 128 500 296
dog 0.0012 433 -13 500 185
horse 0.0020 402 21 503 282
horse 0.0015 215 -4 494 290
person 0.0146 403 -43 504 284
person 0.0014 215 -4 494 290
pottedplant 0.0024 391 27 483 250
pottedplant 0.0011 391 -2 443 36
sheep 0.0010 402 21 503 282
