bus 0.7976 26 122 255 311
bus 0.1678 212 94 350 230
bus 0.0263 140 93 363 309
bus 0.0140 47 144 198 202
bus 0.0113 184 99 476 333
bus 0.0093 180 81 341 186
bus 0.0061 56 113 278 231
bus 0.0031 0 148 21 322
bus 0.0013 -2 58 29 372
bus 0.0013 23 144 114 204
bus 0.0011 155 146 243 211
bus 0.0011 0 103 97 329
car 0.6807 36 141 247 320
car 0.0406 56 105 357 312
car 0.0387 212 94 350 230
car 0.0283 184 99 476 333
car 0.0227 150 154 250 304
car 0.0113 176 107 337 293
car 0.0084 0 188 25 323
car 0.0082 426 192 468 228
car 0.0076 99 113 223 162
car 0.0037 180 81 341 186
car 0.0036 444 187 469 219
car 0.0022 210 139 320 206
car 0.0018 -1 116 19 315
car 0.0016 292 132 492 325
car 0.0016 1 216 43 331
car 0.0016 89 107 168 142
car 0.0015 86 98 203 146
car 0.0014 -1 120 7 203
car 0.0012 3 177 90 321
car 0.0012 156 154 243 233
car 0.0012 56 113 278 231
motorbike 0.0017 426 192 468 228
person 0.9855 277 121 504 333
person 0.0285 443 191 470 228
person 0.0091 454 210 500 336
person 0.0084 -1 120 7 203
person 0.0077 473 188 499 322
person 0.0049 410 193 465 226
person 0.0046 -1 116 19 315
person 0.0033 446 209 465 228
person 0.0032 0 81 21 228
person 0.0027 18 99 34 168
person 0.0025 209 106 356 293
person 0.0025 57 122 273 303
person 0.0024 425 200 468 232
person 0.0021 445 190 468 212
person 0.0018 22 105 40 161
person 0.0017 400 175 500 336
person 0.0017 259 104 478 230
person 0.0017 443 74 503 361
person 0.0012 480 65 498 324
person 0.0011 -1 128 5 172
train 0.0126 249 107 504 333
train 0.0074 207 80 348 189
tvmonitor 0.0015 249 107 504 333
tvmonitor 0.0010 136 116 219 147
