bicycle 0.0164 211 153 224 189
bicycle 0.0053 145 141 157 158
bicycle 0.0042 231 188 259 228
bicycle 0.0041 148 236 172 298
bicycle 0.0022 217 154 228 187
bicycle 0.0017 208 146 228 184
bird 0.0015 198 218 217 240
bus 0.0049 143 138 159 155
car 0.9436 267 158 413 225
car 0.1371 231 187 258 221
car 0.0770 208 146 228 184
car 0.0576 250 165 352 226
car 0.0238 143 138 159 155
car 0.0115 205 144 228 165
car 0.0104 202 138 226 152
car 0.0093 200 137 216 150
car 0.0078 416 149 440 165
car 0.0076 211 153 224 189
car 0.0072 395 149 419 164
car 0.0070 216 149 230 178
car 0.0053 198 143 234 171
car 0.0053 430 151 444 169
car 0.0037 108 137 131 148
car 0.0037 214 146 233 166
car 0.0036 224 171 300 226
car 0.0030 235 192 295 228
car 0.0021 205 148 244 180
car 0.0021 118 137 138 149
car 0.0018 390 145 444 164
car 0.0015 259 168 303 227
car 0.0014 268 169 335 196
car 0.0014 283 154 302 170
car 0.0013 224 145 245 161
car 0.0013 471 155 482 177
car 0.0012 230 185 256 204
car 0.0012 150 196 185 296
car 0.0012 149 141 162 159
car 0.0010 244 192 261 213
car 0.0010 404 149 429 163
chair 0.0033 155 196 195 299
chair 0.0020 231 188 259 228
cow 0.0021 231 188 259 228
dog 0.0012 146 253 172 299
horse 0.0081 231 188 259 228
horse 0.0075 150 196 185 296
horse 0.0037 208 146 228 184
motorbike 0.0385 208 146 228 184
motorbike 0.0248 231 188 259 228
motorbike 0.0175 211 153 224 189
motorbike 0.0045 150 196 185 296
motorbike 0.0032 145 141 157 158
motorbike 0.0013 217 154 228 187
person 0.9639 151 192 186 292
person 0.3644 208 146 228 184
person 0.1785 211 153 224 189
person 0.0328 231 188 259 228
person 0.0197 217 154 228 187
person 0.0128 145 141 157 158
person 0.0103 472 159 481 179
person 0.0079 166 194 186 266
person 0.0047 157 201 176 300
person 0.0020 430 151 444 169
person 0.0017 205 144 228 165
person 0.0016 151 202 167 300
person 0.0015 144 193 213 287
person 0.0011 276 170 348 195
train 0.0016 143 138 159 155
