bottle 0.4961 55 166 76 210
bottle 0.0257 49 153 79 244
bottle 0.0208 59 165 73 193
bottle 0.0129 54 177 78 230
bottle 0.0094 50 168 72 223
bottle 0.0035 47 175 104 218
bottle 0.0030 197 299 300 486
bottle 0.0021 55 161 101 238
bottle 0.0021 43 104 90 208
bottle 0.0018 54 172 66 202
bottle 0.0017 63 166 87 207
bottle 0.0015 73 153 97 203
bottle 0.0013 48 163 83 198
chair 0.0075 0 196 84 358
chair 0.0032 124 187 181 226
chair 0.0031 78 186 229 311
chair 0.0031 224 69 289 321
chair 0.0029 84 188 189 252
chair 0.0020 299 84 374 397
chair 0.0017 140 108 247 319
chair 0.0013 0 277 81 356
chair 0.0013 117 194 172 239
chair 0.0010 125 184 238 259
diningtable 0.1266 -4 297 386 495
diningtable 0.0101 9 189 220 317
diningtable 0.0076 36 171 118 229
diningtable 0.0044 7 160 108 237
diningtable 0.0025 -3 219 148 345
diningtable 0.0022 68 221 230 336
diningtable 0.0013 -31 380 345 498
person 0.9630 218 34 292 294
person 0.5506 287 37 376 367
person 0.4833 279 20 354 266
person 0.4275 149 98 242 271
person 0.2850 276 14 349 158
person 0.2744 40 104 93 195
person 0.2664 329 3 373 87
person 0.1814 326 15 379 236
person 0.1422 82 112 233 298
person 0.0759 15 95 107 226
person 0.0596 -2 105 87 333
person 0.0550 212 49 287 177
person 0.0398 258 67 331 302
person 0.0238 319 3 382 139
person 0.0203 0 88 228 337
person 0.0164 312 141 375 378
person 0.0161 9 189 220 317
person 0.0108 284 11 339 96
person 0.0100 68 221 230 336
person 0.0095 159 101 183 161
person 0.0081 338 -23 387 345
person 0.0080 303 11 357 120
person 0.0057 18 97 202 251
person 0.0047 112 98 205 265
person 0.0045 339 17 368 70
person 0.0033 -3 219 148 345
person 0.0033 156 99 196 188
person 0.0027 290 2 375 91
person 0.0025 346 18 378 191
person 0.0023 333 16 357 68
person 0.0016 292 43 341 200
person 0.0016 273 119 355 356
person 0.0013 13 101 76 196
person 0.0013 53 166 78 225
person 0.0012 1 106 52 215
person 0.0011 305 43 353 165
person 0.0011 39 107 115 298
person 0.0010 274 98 312 264
person 0.0010 325 17 349 69
sofa 0.0036 0 196 84 358
tvmonitor 0.0028 15 95 107 226
