car 0.9957 72 63 499 328
car 0.0292 120 48 177 81
car 0.0254 419 80 439 131
car 0.0162 11 47 172 199
car 0.0107 0 63 10 88
car 0.0061 52 59 154 135
car 0.0052 476 65 499 279
car 0.0045 112 48 217 107
car 0.0033 420 82 436 106
car 0.0031 11 42 251 139
car 0.0031 -18 42 286 276
car 0.0031 407 89 449 132
car 0.0030 109 16 167 55
car 0.0027 84 37 210 85
car 0.0018 59 51 101 77
car 0.0016 420 76 435 95
car 0.0016 1 66 22 86
car 0.0015 -4 25 127 309
car 0.0015 297 71 345 111
car 0.0014 460 75 496 234
car 0.0014 318 72 364 110
car 0.0013 443 64 496 325
car 0.0011 57 55 106 92
car 0.0011 367 59 427 133
car 0.0010 123 50 153 78
motorbike 0.0046 420 84 440 137
motorbike 0.0027 476 65 499 279
motorbike 0.0020 115 52 164 78
person 0.9022 1 45 81 261
person 0.8988 -2 172 84 327
person 0.8978 380 60 421 135
person 0.7870 468 61 501 180
person 0.7733 437 70 454 139
person 0.7228 358 81 381 120
person 0.6957 338 73 362 111
person 0.6832 427 82 449 140
person 0.4292 320 64 344 102
person 0.2393 448 78 465 143
person 0.2059 456 73 471 149
person 0.1630 329 67 353 104
person 0.1429 363 79 377 111
person 0.1095 368 75 387 116
person 0.1064 419 80 439 131
person 0.1020 372 80 384 110
person 0.0979 353 76 371 113
person 0.0741 323 63 340 90
person 0.0522 431 72 460 154
person 0.0462 0 55 58 179
person 0.0411 3 162 60 263
person 0.0387 476 65 499 279
person 0.0386 455 61 492 149
person 0.0333 333 71 349 98
person 0.0296 318 72 364 110
person 0.0264 0 63 10 88
person 0.0259 410 66 427 123
person 0.0162 378 65 396 123
person 0.0158 0 58 27 180
person 0.0149 361 75 379 100
person 0.0141 414 87 459 136
person 0.0133 420 76 435 95
person 0.0129 460 75 496 234
person 0.0129 420 82 436 106
person 0.0124 460 71 471 97
person 0.0117 0 152 27 277
person 0.0111 431 76 447 95
person 0.0108 438 73 454 97
person 0.0108 449 73 462 98
person 0.0102 340 76 381 114
person 0.0101 0 67 24 105
person 0.0088 429 75 449 118
person 0.0087 370 75 387 98
person 0.0083 0 59 11 129
person 0.0072 331 64 349 90
person 0.0068 69 56 92 72
person 0.0066 432 79 446 106
person 0.0065 459 77 470 107
person 0.0063 1 66 22 86
person 0.0060 -1 31 118 367
person 0.0055 359 75 398 115
person 0.0055 72 62 173 136
person 0.0054 421 87 435 119
person 0.0053 411 71 425 97
person 0.0047 393 60 420 112
person 0.0039 487 78 500 187
person 0.0037 413 77 425 109
person 0.0034 -1 167 28 215
person 0.0032 475 58 497 132
person 0.0031 99 60 150 139
person 0.0031 485 53 500 138
person 0.0030 457 64 474 109
person 0.0029 342 67 359 88
person 0.0028 0 48 134 201
person 0.0027 480 65 495 85
person 0.0027 45 54 88 141
person 0.0026 381 72 396 97
person 0.0026 334 61 376 125
person 0.0025 463 95 485 166
person 0.0025 431 85 444 121
person 0.0023 397 80 420 140
person 0.0023 380 77 392 108
person 0.0023 0 64 8 159
person 0.0023 59 51 101 77
person 0.0022 18 52 76 147
person 0.0021 329 75 357 124
person 0.0021 381 88 392 116
person 0.0021 -1 173 5 207
person 0.0021 3 71 21 95
person 0.0020 5 49 91 112
person 0.0020 63 56 82 73
person 0.0019 350 60 390 130
person 0.0019 450 83 461 121
person 0.0018 435 56 457 98
person 0.0017 467 70 479 95
person 0.0017 0 73 8 111
person 0.0017 -1 59 14 97
person 0.0015 2 63 42 103
person 0.0015 362 75 418 125
person 0.0015 316 67 333 86
person 0.0014 97 82 142 127
person 0.0013 464 63 481 124
person 0.0013 0 192 9 282
person 0.0013 367 62 412 111
person 0.0013 360 98 377 121
person 0.0013 297 71 345 111
person 0.0013 396 65 437 105
person 0.0012 434 107 457 149
person 0.0012 446 103 467 154
person 0.0012 313 71 334 94
train 0.0012 5 0 125 42
