aeroplane 0.0032 95 129 124 140
boat 0.9951 70 165 245 316
boat 0.9171 197 168 474 304
boat 0.1014 178 156 308 204
boat 0.0269 139 163 372 272
boat 0.0227 186 161 266 188
boat 0.0205 95 129 124 140
boat 0.0175 253 133 479 226
boat 0.0123 197 164 358 223
boat 0.0048 16 169 382 323
boat 0.0044 203 166 284 196
boat 0.0030 300 149 487 270
boat 0.0027 84 127 135 142
boat 0.0020 182 171 302 246
boat 0.0017 206 174 283 211
boat 0.0015 77 169 209 224
boat 0.0013 188 150 261 178
boat 0.0010 187 165 244 200
pottedplant 0.0103 253 133 479 226
pottedplant 0.0066 228 156 480 274
pottedplant 0.0010 300 0 483 258
pottedplant 0.0010 307 126 436 195
