bird 0.0020 143 179 211 273
bottle 0.0010 124 192 142 217
cat 0.8457 139 178 217 272
cat 0.0085 152 181 279 297
cat 0.0012 119 180 147 215
chair 0.7649 34 364 182 497
chair 0.1003 142 179 235 272
chair 0.0384 191 180 279 269
chair 0.0279 33 371 324 498
chair 0.0216 143 167 298 498
chair 0.0053 210 167 290 425
chair 0.0051 20 245 294 501
chair 0.0044 -30 4 328 494
chair 0.0017 120 185 145 223
chair 0.0012 -2 6 135 496
chair 0.0010 98 63 292 435
diningtable 0.2000 62 247 307 500
diningtable 0.0173 33 339 260 493
diningtable 0.0011 81 380 360 500
dog 0.0199 143 179 211 273
pottedplant 0.8179 84 122 130 252
pottedplant 0.0161 119 180 147 215
pottedplant 0.0112 92 187 121 246
pottedplant 0.0085 93 161 134 268
pottedplant 0.0065 100 200 127 251
pottedplant 0.0021 -3 -17 93 376
pottedplant 0.0016 40 93 130 307
pottedplant 0.0016 124 192 142 217
pottedplant 0.0015 78 110 131 367
pottedplant 0.0011 103 181 126 229
