aeroplane 0.0116 83 423 131 451
boat 0.8951 175 17 300 462
boat 0.8035 88 424 140 451
boat 0.0688 78 433 135 455
boat 0.0128 90 428 121 448
boat 0.0096 161 394 198 465
boat 0.0073 78 418 134 444
boat 0.0049 91 434 156 453
boat 0.0045 185 225 288 483
boat 0.0025 90 429 108 446
boat 0.0024 87 438 123 452
boat 0.0020 168 -21 254 224
boat 0.0019 90 380 134 455
boat 0.0015 180 -1 261 361
boat 0.0015 177 7 221 152
boat 0.0012 92 423 117 439
person 0.0022 204 90 217 108
person 0.0017 204 82 216 103
train 0.0081 83 423 131 451
