bottle 0.0193 34 410 124 498
bottle 0.0074 336 205 352 262
bottle 0.0018 331 202 347 267
bottle 0.0018 339 208 350 243
bottle 0.0013 74 405 121 494
car 0.0017 355 270 374 314
car 0.0015 9 192 194 508
car 0.0011 10 175 82 271
chair 0.0042 9 192 194 508
horse 0.0011 9 192 194 508
person 0.9990 6 139 194 495
person 0.9964 161 81 365 494
person 0.9470 25 173 70 279
person 0.8836 270 95 360 273
person 0.8746 -2 179 28 293
person 0.1356 67 174 102 268
person 0.0196 8 166 77 439
person 0.0191 70 92 308 499
person 0.0147 74 188 99 245
person 0.0095 337 197 352 252
person 0.0058 0 171 38 245
person 0.0056 286 141 367 328
person 0.0055 5 252 114 464
person 0.0054 -8 173 51 301
person 0.0034 5 174 30 223
person 0.0032 331 166 368 277
person 0.0032 360 187 373 265
person 0.0031 310 184 353 287
person 0.0031 265 110 362 401
person 0.0030 342 253 366 292
person 0.0026 346 189 363 261
person 0.0025 334 182 357 231
person 0.0020 18 168 36 185
person 0.0020 16 173 39 221
person 0.0019 330 192 348 257
person 0.0016 65 209 106 261
person 0.0014 339 208 350 243
person 0.0013 335 213 352 272
person 0.0012 26 172 51 224
person 0.0012 69 152 117 256
person 0.0012 355 262 374 305
person 0.0011 339 260 354 284
person 0.0010 6 169 49 211
person 0.0010 135 80 310 348
person 0.0010 346 260 363 285
sofa 0.0010 9 192 194 508
