bicycle 0.0030 381 177 394 200
bus 0.4020 235 158 320 208
bus 0.0262 3 166 23 185
bus 0.0228 1 142 26 189
bus 0.0096 42 165 65 185
bus 0.0090 89 167 111 186
bus 0.0043 80 163 118 189
bus 0.0031 44 160 96 186
bus 0.0027 34 149 87 184
bus 0.0024 22 167 42 184
bus 0.0022 4 147 59 185
bus 0.0016 10 160 53 185
bus 0.0016 -1 139 14 189
bus 0.0014 83 126 164 187
bus 0.0013 5 155 23 177
bus 0.0012 40 145 66 188
bus 0.0011 0 163 14 185
bus 0.0010 277 164 330 202
car 0.9504 446 174 504 206
car 0.7779 235 158 320 208
car 0.7069 85 172 112 187
car 0.5844 42 165 65 185
car 0.4721 3 166 23 185
car 0.1090 40 162 81 185
car 0.1066 471 174 499 205
car 0.0955 83 168 104 185
car 0.0615 437 180 480 205
car 0.0378 22 167 42 184
car 0.0363 277 164 330 202
car 0.0233 0 163 14 185
car 0.0172 74 171 93 187
car 0.0140 72 163 111 189
car 0.0138 13 167 31 184
car 0.0114 47 171 75 185
car 0.0097 19 162 68 185
car 0.0087 45 169 96 187
car 0.0077 60 166 84 183
car 0.0069 -1 154 16 190
car 0.0056 36 166 55 184
car 0.0054 488 178 500 202
car 0.0048 381 171 394 197
car 0.0037 1 161 44 184
car 0.0028 100 171 117 186
car 0.0023 5 155 23 177
car 0.0022 1 142 26 189
car 0.0020 236 179 252 203
car 0.0015 491 189 499 209
car 0.0014 0 153 11 177
car 0.0014 10 169 54 188
car 0.0012 237 172 252 195
motorbike 0.0018 381 171 394 197
person 0.0336 381 171 394 197
person 0.0025 375 172 390 195
person 0.0024 83 168 104 185
person 0.0012 3 166 23 185
train 0.0071 1 142 26 189
train 0.0013 4 147 59 185
train 0.0012 41 146 99 186
train 0.0010 3 166 23 185
