bird 0.0012 326 71 409 139
bottle 0.0053 276 173 291 192
chair 0.0025 404 172 500 379
chair 0.0022 237 156 267 188
chair 0.0015 326 71 409 139
chair 0.0013 10 153 306 332
chair 0.0011 -4 181 100 369
person 0.0049 4 175 287 309
person 0.0014 276 173 291 192
pottedplant 0.6874 326 71 409 139
pottedplant 0.0048 327 77 414 202
pottedplant 0.0028 324 78 376 132
pottedplant 0.0018 19 293 151 371
pottedplant 0.0016 454 75 495 163
pottedplant 0.0014 276 173 291 192
sofa 0.9989 0 176 290 360
sofa 0.0022 7 283 268 379
sofa 0.0016 100 177 305 306
sofa 0.0010 -4 181 100 369
tvmonitor 0.0155 75 112 123 141
tvmonitor 0.0033 237 153 289 192
tvmonitor 0.0012 237 156 267 188
tvmonitor 0.0012 80 116 138 149
