bottle 0.0024 300 203 406 352
bottle 0.0013 299 204 408 269
car 0.0051 -3 -30 500 338
cat 0.0013 -2 -2 320 235
chair 0.0124 -4 2 498 367
dog 0.9354 1 -7 292 236
dog 0.0396 -22 9 439 356
dog 0.0022 -8 86 281 367
person 0.1312 -4 2 498 367
person 0.0448 -11 163 355 378
person 0.0064 0 -36 288 215
person 0.0038 -6 27 286 342
person 0.0015 -2 178 181 356
sofa 0.0116 -4 2 498 367
tvmonitor 0.0357 239 2 505 218
tvmonitor 0.0048 246 0 345 138
tvmonitor 0.0046 253 5 401 197
tvmonitor 0.0024 356 21 500 201
