aeroplane 0.0023 388 164 445 200
aeroplane 0.0022 166 152 186 170
bicycle 0.0043 166 152 186 170
boat 0.2353 381 131 439 214
boat 0.0858 433 107 470 203
boat 0.0081 408 116 452 204
boat 0.0080 384 165 434 200
boat 0.0052 406 127 428 197
boat 0.0051 387 120 474 200
boat 0.0040 453 188 497 212
boat 0.0025 446 100 489 212
boat 0.0024 476 83 498 232
boat 0.0019 391 151 441 194
boat 0.0018 166 152 186 170
boat 0.0017 416 -64 492 259
boat 0.0012 473 194 499 211
boat 0.0011 472 182 501 220
car 0.9407 68 202 111 242
car 0.2831 119 115 145 131
car 0.1092 166 152 186 170
car 0.0986 9 126 35 142
car 0.0121 -1 129 9 154
car 0.0109 -1 124 12 147
car 0.0075 70 208 98 235
car 0.0070 0 123 32 147
car 0.0033 88 200 111 238
car 0.0028 119 112 141 126
car 0.0026 -2 116 14 154
car 0.0019 75 199 105 232
car 0.0012 49 208 102 238
car 0.0010 418 184 438 201
car 0.0010 388 201 411 216
car 0.0010 1 131 24 150
cow 0.0011 166 152 186 170
motorbike 0.0081 166 152 186 170
motorbike 0.0016 67 208 110 245
person 0.0036 166 152 186 170
train 0.0016 388 164 445 200
train 0.0011 403 177 451 206
