bottle 0.0052 195 364 206 394
bottle 0.0012 196 354 209 386
bottle 0.0011 183 377 200 396
chair 0.0017 -4 135 367 511
dog 0.0025 160 356 203 404
person 0.8921 -8 5 310 495
person 0.7258 159 318 206 394
person 0.7193 200 313 241 397
person 0.3858 199 307 229 355
person 0.3367 128 356 159 399
person 0.3044 134 324 175 394
person 0.2219 148 323 175 375
person 0.1935 141 328 167 373
person 0.1710 19 222 350 506
person 0.1336 216 339 243 397
person 0.1288 132 328 157 373
person 0.1137 151 358 194 400
person 0.0739 206 306 234 372
person 0.0698 167 317 215 363
person 0.0538 196 345 226 395
person 0.0386 179 311 224 353
person 0.0347 137 328 153 356
person 0.0346 205 332 236 387
person 0.0341 29 18 278 309
person 0.0296 118 334 199 403
person 0.0253 174 314 205 350
person 0.0232 146 329 162 354
person 0.0220 154 328 170 352
person 0.0206 140 337 165 397
person 0.0172 148 317 175 352
person 0.0161 216 322 241 377
person 0.0158 3 199 218 481
person 0.0114 199 319 226 379
person 0.0101 125 328 146 373
person 0.0093 153 322 172 344
person 0.0089 134 367 152 391
person 0.0088 182 330 254 410
person 0.0082 180 149 356 500
person 0.0079 150 318 195 361
person 0.0079 158 333 204 439
person 0.0075 142 312 214 374
person 0.0073 206 332 250 442
person 0.0070 145 337 161 363
person 0.0067 196 307 264 483
person 0.0067 208 311 228 332
person 0.0062 123 341 150 395
person 0.0057 218 307 240 354
person 0.0055 127 336 142 363
person 0.0052 207 351 236 402
person 0.0052 149 340 175 395
person 0.0050 180 320 201 340
person 0.0049 184 309 249 376
person 0.0043 164 320 181 344
person 0.0034 148 333 195 385
person 0.0034 146 366 161 392
person 0.0033 194 345 212 394
person 0.0033 173 321 194 341
person 0.0033 195 364 206 394
person 0.0033 218 100 321 346
person 0.0031 159 321 184 359
person 0.0030 163 347 198 394
person 0.0025 130 327 143 356
person 0.0024 116 324 201 467
person 0.0024 222 327 236 352
person 0.0023 114 325 134 379
person 0.0019 145 322 164 345
person 0.0018 122 337 165 437
person 0.0018 191 320 215 376
person 0.0017 98 322 143 393
person 0.0017 155 367 171 391
person 0.0016 236 331 263 390
person 0.0016 206 307 250 354
person 0.0016 183 377 200 396
person 0.0016 154 336 169 362
person 0.0015 162 367 182 390
person 0.0015 227 331 251 389
person 0.0015 104 354 212 426
person 0.0014 222 317 237 343
person 0.0014 180 358 204 400
person 0.0014 9 239 151 425
person 0.0014 133 317 156 353
person 0.0014 204 318 221 343
person 0.0013 121 302 166 380
person 0.0012 232 307 267 407
person 0.0012 156 318 232 471
person 0.0012 111 367 159 405
person 0.0011 221 366 238 389
person 0.0011 75 321 166 393
person 0.0011 145 346 160 373
person 0.0011 198 297 226 332
person 0.0010 104 325 128 377
person 0.0010 221 336 237 361
person 0.0010 196 354 209 386
person 0.0010 76 66 430 493
tvmonitor 0.0026 -4 135 367 511
