aeroplane 0.0019 202 105 268 141
bird 0.0027 207 99 264 134
bottle 0.2165 187 96 203 134
bottle 0.1936 384 96 398 137
bottle 0.0032 338 101 362 134
bottle 0.0016 0 227 11 310
bottle 0.0015 184 98 197 131
bottle 0.0013 316 42 324 74
chair 0.9523 18 184 123 360
chair 0.0034 -1 209 22 341
chair 0.0015 0 227 11 310
chair 0.0013 0 269 12 344
diningtable 0.0024 -4 187 114 360
person 0.0051 283 55 299 77
person 0.0035 294 55 309 78
person 0.0026 0 227 11 310
person 0.0024 316 42 324 74
person 0.0014 -1 179 21 334
person 0.0014 307 53 319 80
person 0.0013 274 57 290 77
person 0.0011 285 49 300 70
pottedplant 0.6438 207 99 264 134
pottedplant 0.3889 397 241 500 373
pottedplant 0.0385 187 96 203 134
pottedplant 0.0365 231 100 276 132
pottedplant 0.0295 442 256 498 372
pottedplant 0.0105 473 272 498 320
pottedplant 0.0079 473 257 498 371
pottedplant 0.0067 228 105 263 143
pottedplant 0.0051 394 259 444 366
pottedplant 0.0036 406 316 502 372
pottedplant 0.0024 242 103 267 129
pottedplant 0.0021 207 98 229 133
pottedplant 0.0018 0 227 11 310
pottedplant 0.0016 490 264 500 369
pottedplant 0.0015 209 110 225 137
pottedplant 0.0015 423 250 481 366
pottedplant 0.0014 401 240 458 349
pottedplant 0.0012 438 311 494 359
pottedplant 0.0011 0 256 11 339
pottedplant 0.0011 441 2 500 236
pottedplant 0.0011 374 55 498 386
pottedplant 0.0011 475 208 499 344
pottedplant 0.0011 195 99 240 132
pottedplant 0.0010 213 104 238 130
