bottle 0.0101 236 32 416 126
bottle 0.0093 259 59 408 111
bottle 0.0039 165 263 200 366
bottle 0.0020 164 61 431 367
bottle 0.0017 161 291 191 342
cat 0.0078 219 58 344 112
cat 0.0015 236 32 416 126
chair 0.0151 165 66 481 372
dog 0.0019 219 58 344 112
person 0.9243 165 62 473 332
person 0.0271 194 63 394 243
person 0.0263 231 50 417 152
person 0.0203 178 228 404 381
person 0.0078 238 59 393 113
person 0.0028 251 28 473 130
person 0.0021 176 32 412 123
person 0.0015 293 80 501 376
sofa 0.0015 165 66 481 372
tvmonitor 0.5293 178 228 404 381
tvmonitor 0.0410 162 216 273 374
tvmonitor 0.0386 163 131 483 385
tvmonitor 0.0133 236 32 416 126
tvmonitor 0.0099 165 263 200 366
tvmonitor 0.0022 186 36 457 284
tvmonitor 0.0019 162 263 247 361
tvmonitor 0.0018 246 52 474 154
