bottle 0.0087 114 1 174 28
bottle 0.0031 131 1 194 27
bottle 0.0015 108 0 237 53
bottle 0.0010 109 0 196 16
car 0.0011 83 0 233 32
cat 0.0065 186 136 276 188
cat 0.0012 103 277 241 460
chair 0.0313 67 97 377 482
chair 0.0127 87 261 261 483
chair 0.0038 175 58 358 205
chair 0.0036 159 21 370 409
chair 0.0026 81 21 365 257
cow 0.0011 202 136 278 181
diningtable 0.0016 38 103 334 487
dog 0.4117 103 277 241 460
dog 0.2031 186 136 276 188
dog 0.0110 120 66 335 198
dog 0.0029 162 88 275 171
dog 0.0011 180 94 357 232
dog 0.0011 81 21 365 257
person 0.0032 102 0 166 31
person 0.0022 175 58 358 205
person 0.0010 52 0 226 53
pottedplant 0.0035 76 -1 241 52
sofa 0.0609 67 97 377 482
sofa 0.0027 68 -3 374 212
sofa 0.0021 87 261 261 483
sofa 0.0016 68 -3 378 100
sofa 0.0012 159 21 370 409
tvmonitor 0.0046 195 1 388 51
