bus 0.0010 104 36 184 82
car 0.9998 33 57 462 372
car 0.3275 118 42 177 64
car 0.1552 107 41 171 75
car 0.0215 142 44 192 69
car 0.0128 143 43 174 60
car 0.0127 106 39 154 64
car 0.0086 153 38 203 63
car 0.0067 104 38 213 80
car 0.0055 131 42 167 58
car 0.0032 115 40 142 58
car 0.0028 120 49 179 87
car 0.0027 63 69 118 84
car 0.0026 97 70 121 82
car 0.0025 69 70 93 83
car 0.0018 165 40 191 58
car 0.0015 159 43 213 71
car 0.0014 98 50 121 86
car 0.0013 153 41 182 59
person 0.0024 100 37 120 84
person 0.0011 32 54 417 368
