bottle 0.0085 425 161 469 203
bottle 0.0030 457 149 472 173
bottle 0.0025 449 148 463 173
car 0.0010 254 -4 408 126
cat 0.0030 397 257 501 322
chair 0.0106 -21 -25 369 338
chair 0.0019 251 -3 407 153
dog 0.9922 0 15 333 252
dog 0.9892 155 163 408 335
dog 0.0108 397 257 501 322
dog 0.0078 -2 73 216 316
dog 0.0013 369 228 498 335
dog 0.0011 150 13 423 320
dog 0.0011 -7 109 137 288
person 0.0751 -2 -38 295 236
person 0.0065 425 161 469 203
person 0.0054 254 -4 408 126
person 0.0025 62 -1 414 254
sofa 0.0140 -21 -25 369 338
sofa 0.0016 122 162 402 335
tvmonitor 0.3235 311 -7 402 129
tvmonitor 0.0139 251 -3 407 153
