bicycle 0.0010 262 172 344 234
car 0.0117 371 269 468 315
cow 0.0037 39 199 98 224
horse 0.8020 17 160 456 313
horse 0.2829 285 167 482 318
horse 0.0023 51 77 352 315
horse 0.0010 415 170 480 310
motorbike 0.0039 371 269 468 315
person 0.4812 211 62 312 311
person 0.0204 51 77 352 315
person 0.0180 -1 188 47 231
person 0.0040 33 198 87 225
person 0.0025 0 164 24 284
person 0.0017 299 164 321 199
person 0.0017 188 78 423 321
person 0.0011 0 178 90 237
person 0.0010 457 142 480 272
person 0.0010 -1 194 28 240
