bottle 0.0159 23 174 41 231
bottle 0.0100 26 176 38 207
bottle 0.0070 51 181 73 226
bottle 0.0011 80 178 98 225
chair 0.9655 101 228 179 365
chair 0.9418 0 257 89 374
chair 0.7737 150 291 242 378
chair 0.5803 194 200 237 264
chair 0.1138 175 203 199 257
chair 0.0998 1 257 28 368
chair 0.0867 134 207 160 253
chair 0.0781 152 203 183 256
chair 0.0721 185 203 208 257
chair 0.0669 355 294 443 371
chair 0.0614 102 232 157 325
chair 0.0604 103 240 243 375
chair 0.0505 57 253 106 334
chair 0.0450 124 204 163 267
chair 0.0388 163 205 190 254
chair 0.0319 472 286 499 374
chair 0.0315 40 254 91 337
chair 0.0294 193 201 217 258
chair 0.0221 -1 252 45 343
chair 0.0188 209 196 237 245
chair 0.0150 476 327 499 380
chair 0.0101 281 212 505 365
chair 0.0100 447 290 503 371
chair 0.0087 142 202 184 297
chair 0.0073 193 200 283 267
chair 0.0069 0 245 28 294
chair 0.0067 485 305 501 390
chair 0.0059 43 210 91 300
chair 0.0054 124 203 197 260
chair 0.0051 21 230 108 361
chair 0.0051 60 210 105 304
chair 0.0050 198 222 249 274
chair 0.0049 19 254 75 343
chair 0.0048 130 202 154 245
chair 0.0047 234 202 279 274
chair 0.0047 0 212 46 299
chair 0.0042 25 244 107 314
chair 0.0041 74 259 103 321
chair 0.0041 437 210 499 375
chair 0.0039 445 200 501 309
chair 0.0038 411 295 494 366
chair 0.0038 474 193 499 352
chair 0.0037 144 205 169 253
chair 0.0035 153 189 180 235
chair 0.0035 137 209 158 234
chair 0.0032 0 297 11 393
chair 0.0030 207 224 388 365
chair 0.0029 26 187 69 282
chair 0.0027 137 287 189 371
chair 0.0027 108 310 222 377
chair 0.0025 83 232 126 322
chair 0.0022 195 213 239 330
chair 0.0021 -1 231 29 271
chair 0.0021 0 184 25 330
chair 0.0019 3 175 93 335
chair 0.0018 175 198 217 249
chair 0.0018 447 333 504 376
chair 0.0017 0 246 9 368
chair 0.0015 9 254 34 302
chair 0.0014 484 189 500 255
chair 0.0014 169 207 186 233
chair 0.0013 232 230 275 268
chair 0.0013 223 222 301 288
chair 0.0013 178 206 196 235
chair 0.0013 3 221 93 289
chair 0.0012 404 190 496 333
chair 0.0012 21 259 66 297
chair 0.0012 136 187 158 239
chair 0.0011 201 196 230 232
chair 0.0011 233 217 255 263
chair 0.0011 220 193 247 246
diningtable 0.1860 11 240 178 371
diningtable 0.0463 17 253 103 369
diningtable 0.0335 103 240 243 375
diningtable 0.0094 3 241 95 314
diningtable 0.0091 -4 253 72 375
diningtable 0.0074 193 200 283 267
diningtable 0.0062 124 203 197 260
diningtable 0.0057 194 200 237 264
diningtable 0.0049 3 202 95 352
diningtable 0.0031 96 229 168 362
diningtable 0.0025 23 224 107 291
diningtable 0.0023 155 206 198 254
diningtable 0.0022 43 243 122 313
diningtable 0.0018 175 203 199 257
diningtable 0.0017 4 199 91 276
diningtable 0.0017 61 215 211 341
diningtable 0.0015 57 253 106 334
diningtable 0.0013 185 203 208 257
diningtable 0.0011 0 243 29 351
diningtable 0.0011 472 286 499 374
diningtable 0.0011 134 207 160 253
diningtable 0.0010 124 204 163 267
diningtable 0.0010 140 291 237 378
person 0.0955 23 183 42 235
person 0.0499 49 188 75 231
person 0.0067 227 217 443 345
person 0.0025 26 193 39 227
person 0.0014 44 189 88 280
person 0.0014 53 196 70 223
person 0.0014 475 197 498 245
person 0.0013 26 176 38 207
person 0.0012 74 186 92 231
person 0.0012 23 172 40 215
person 0.0012 26 187 69 282
person 0.0011 6 173 47 258
person 0.0010 473 175 498 297
pottedplant 0.0713 316 72 492 223
pottedplant 0.0037 23 174 41 231
pottedplant 0.0020 27 172 38 197
pottedplant 0.0019 475 119 499 237
pottedplant 0.0016 80 178 98 225
pottedplant 0.0016 154 179 178 222
pottedplant 0.0015 153 198 182 243
pottedplant 0.0015 403 81 498 236
pottedplant 0.0013 452 123 499 232
sheep 0.0014 316 72 492 223
sofa 0.9929 236 214 501 364
sofa 0.0103 207 224 388 365
sofa 0.0096 194 200 237 264
sofa 0.0041 358 209 495 349
sofa 0.0031 124 203 197 260
sofa 0.0022 16 210 168 342
sofa 0.0017 0 274 88 377
sofa 0.0016 103 240 243 375
sofa 0.0015 473 255 500 373
sofa 0.0014 193 200 283 267
sofa 0.0012 355 294 443 371
sofa 0.0012 447 290 503 371
sofa 0.0011 433 196 498 354
