bicycle 0.0178 409 31 461 132
bicycle 0.0073 202 71 245 153
bicycle 0.0062 414 34 460 80
bicycle 0.0043 178 93 199 130
bicycle 0.0021 366 30 455 164
bicycle 0.0012 388 53 435 147
bicycle 0.0012 424 24 464 100
bottle 0.0026 435 22 461 73
bottle 0.0023 178 79 197 131
bottle 0.0011 439 26 456 49
bus 0.0027 141 -10 350 91
bus 0.0018 177 0 317 146
bus 0.0014 192 7 291 76
bus 0.0010 304 14 445 151
car 0.8456 -1 116 109 185
car 0.1132 331 57 379 151
car 0.1116 324 53 426 149
car 0.0605 308 49 353 154
car 0.0368 192 7 291 76
car 0.0101 304 14 445 151
car 0.0077 177 0 317 146
car 0.0071 194 20 237 55
car 0.0071 -2 90 93 160
car 0.0070 297 75 377 152
car 0.0069 327 73 375 117
car 0.0064 -1 106 55 181
car 0.0051 364 56 457 144
car 0.0048 23 130 137 179
car 0.0048 357 45 399 154
car 0.0044 4 74 85 131
car 0.0033 193 34 282 135
car 0.0030 197 17 243 115
car 0.0028 183 1 267 59
car 0.0026 191 15 219 64
car 0.0026 150 95 203 130
car 0.0025 178 79 197 131
car 0.0024 4 86 61 123
car 0.0023 384 81 432 131
car 0.0022 31 84 55 126
car 0.0021 367 30 459 96
car 0.0020 2 76 27 117
car 0.0020 313 44 397 127
car 0.0019 -1 51 117 178
car 0.0019 244 20 283 113
car 0.0016 410 47 461 149
car 0.0014 404 37 453 76
car 0.0013 179 102 195 130
car 0.0012 26 85 77 126
car 0.0012 307 13 404 72
car 0.0012 0 80 8 111
car 0.0012 350 12 436 74
car 0.0011 405 30 428 67
car 0.0010 364 68 418 159
diningtable 0.0012 306 45 445 152
horse 0.0383 201 38 245 151
horse 0.0014 409 31 461 132
horse 0.0011 178 79 197 131
motorbike 0.0813 353 36 432 159
motorbike 0.0354 409 31 461 132
motorbike 0.0308 201 38 245 151
motorbike 0.0116 303 42 340 154
motorbike 0.0080 178 79 197 131
motorbike 0.0073 388 53 435 147
motorbike 0.0061 357 45 399 154
motorbike 0.0043 326 73 421 154
motorbike 0.0039 414 34 460 80
motorbike 0.0023 297 57 376 147
motorbike 0.0020 197 20 277 149
motorbike 0.0014 310 71 354 154
motorbike 0.0014 179 102 195 130
motorbike 0.0012 -1 116 109 185
motorbike 0.0012 367 30 459 96
motorbike 0.0010 181 50 222 143
motorbike 0.0010 332 21 467 147
person 0.8769 201 38 245 151
person 0.7045 244 25 286 148
person 0.3679 305 32 339 141
person 0.2160 357 45 399 154
person 0.0848 178 79 197 131
person 0.0344 353 36 432 159
person 0.0206 197 20 277 149
person 0.0131 184 27 224 138
person 0.0121 435 22 461 73
person 0.0084 409 31 461 132
person 0.0063 360 29 397 103
person 0.0063 359 38 396 75
person 0.0041 310 71 354 154
person 0.0040 191 15 219 64
person 0.0036 331 57 379 151
person 0.0034 308 25 350 105
person 0.0029 388 53 435 147
person 0.0027 179 102 195 130
person 0.0022 237 42 312 151
person 0.0020 177 0 317 146
person 0.0018 304 41 320 129
person 0.0018 188 22 209 69
person 0.0015 414 34 460 80
person 0.0015 439 26 456 49
person 0.0015 366 38 389 55
person 0.0014 405 30 428 67
person 0.0014 298 34 372 161
person 0.0013 366 44 388 65
person 0.0012 235 42 256 130
person 0.0010 361 45 378 70
person 0.0010 361 52 375 76
pottedplant 0.0013 489 66 499 165
