bottle 0.0014 370 182 387 202
person 0.9913 337 23 498 326
person 0.9730 54 60 199 332
person 0.8675 256 129 414 333
person 0.3565 173 175 276 328
person 0.2203 -1 82 100 341
person 0.0177 131 76 298 335
person 0.0064 266 33 363 124
person 0.0058 32 110 140 323
person 0.0047 0 20 98 222
person 0.0032 252 112 348 290
person 0.0030 92 59 201 222
person 0.0029 254 22 393 153
person 0.0026 66 92 105 189
person 0.0023 340 29 448 212
person 0.0022 327 -4 477 118
person 0.0021 175 173 265 254
person 0.0021 247 7 344 188
person 0.0018 141 170 226 330
person 0.0017 209 142 306 330
person 0.0014 75 154 261 335
person 0.0012 346 180 438 323
sheep 0.0016 327 -4 477 118
