car 0.0011 0 157 42 363
chair 0.0013 60 188 119 381
cow 0.0019 433 7 502 346
dog 0.0032 436 -3 502 397
dog 0.0014 294 3 501 381
horse 0.0050 433 7 502 346
person 0.9868 61 176 119 363
person 0.9514 0 164 41 390
person 0.9384 102 171 305 377
person 0.9336 252 60 499 376
person 0.6065 83 88 154 221
person 0.4262 155 82 236 168
person 0.1567 234 142 320 288
person 0.0468 361 -2 498 377
person 0.0454 55 186 123 285
person 0.0331 201 98 229 152
person 0.0259 211 42 363 349
person 0.0259 191 90 238 179
person 0.0184 436 -3 502 397
person 0.0166 225 66 331 250
person 0.0161 142 70 235 235
person 0.0096 250 156 340 354
person 0.0069 -1 142 29 289
person 0.0062 64 167 225 383
person 0.0050 209 206 370 381
person 0.0049 64 -2 509 378
person 0.0031 0 -108 54 265
person 0.0030 0 154 91 397
person 0.0027 249 184 304 278
person 0.0027 273 239 361 374
person 0.0025 0 31 21 207
person 0.0025 67 68 139 316
person 0.0024 170 73 259 199
person 0.0024 223 154 306 243
person 0.0023 1 279 42 372
person 0.0020 0 68 8 199
person 0.0020 220 159 307 350
person 0.0019 92 82 149 170
person 0.0019 -3 124 47 315
person 0.0018 269 107 360 289
person 0.0016 470 -1 500 468
person 0.0015 138 114 279 246
person 0.0013 230 82 327 158
person 0.0012 79 206 168 373
person 0.0011 0 6 30 351
