bottle 0.1813 84 177 114 255
bottle 0.1738 121 162 138 239
bottle 0.1647 115 173 142 253
bottle 0.0122 113 164 133 237
bottle 0.0039 125 173 134 197
bottle 0.0038 134 214 182 250
bottle 0.0025 119 175 159 250
bottle 0.0023 74 176 92 249
bottle 0.0016 126 178 146 246
bottle 0.0015 253 248 296 328
chair 0.0255 445 86 498 416
chair 0.0059 450 247 500 376
chair 0.0019 0 245 21 377
chair 0.0014 475 249 501 375
diningtable 0.5563 0 247 417 377
diningtable 0.0016 108 152 397 375
person 0.9191 441 15 500 344
person 0.6816 191 85 335 270
person 0.0142 202 68 453 363
person 0.0022 445 141 498 403
person 0.0013 0 169 20 380
person 0.0010 465 43 502 418
pottedplant 0.0233 5 106 161 259
pottedplant 0.0083 2 107 103 204
pottedplant 0.0012 1 130 91 299
pottedplant 0.0011 -1 109 54 209
sofa 0.0066 445 86 498 416
sofa 0.0011 450 247 500 376
