bicycle 0.0019 51 170 137 295
bicycle 0.0016 170 175 307 277
bottle 0.0029 209 171 224 194
bottle 0.0017 206 165 227 204
bottle 0.0013 219 170 231 196
bottle 0.0011 170 165 190 223
bus 0.0010 328 112 498 379
car 0.5500 328 112 498 379
car 0.0424 56 181 141 286
car 0.0067 177 182 301 273
motorbike 0.9334 170 175 307 277
motorbike 0.9006 55 172 145 293
motorbike 0.0234 213 182 302 251
motorbike 0.0067 168 165 203 255
motorbike 0.0056 163 175 242 255
person 0.0108 213 182 302 251
person 0.0048 260 188 286 206
person 0.0048 173 163 198 224
person 0.0044 71 192 137 295
person 0.0015 170 175 307 277
person 0.0014 234 183 294 211
person 0.0011 169 170 225 257
person 0.0010 92 169 104 200
pottedplant 0.0011 209 171 224 194
pottedplant 0.0010 206 165 227 204
