aeroplane 0.0010 380 236 421 268
bus 0.0118 384 236 428 269
bus 0.0027 183 252 208 268
car 0.9506 380 242 422 270
car 0.4679 90 244 166 289
car 0.4364 183 252 208 268
car 0.1798 173 254 219 272
car 0.1082 89 248 112 282
car 0.0334 176 255 201 271
car 0.0174 168 255 187 273
car 0.0115 189 253 218 265
car 0.0090 216 261 235 275
car 0.0077 81 246 138 275
car 0.0054 160 254 175 276
car 0.0044 191 257 221 270
car 0.0044 393 241 442 269
car 0.0021 208 260 228 273
car 0.0018 158 253 199 276
car 0.0015 187 257 243 279
car 0.0014 384 245 401 267
car 0.0014 158 246 176 284
car 0.0011 410 242 425 267
car 0.0010 151 242 168 290
person 0.0018 216 261 235 275
tvmonitor 0.0017 98 242 161 288
