bottle 0.0013 0 213 24 266
bottle 0.0013 0 198 12 282
bottle 0.0012 0 207 9 237
car 0.0084 0 164 28 215
chair 0.5530 147 192 224 324
chair 0.3431 271 182 355 289
chair 0.0143 35 202 135 264
chair 0.0040 -3 165 19 218
chair 0.0039 174 190 268 321
chair 0.0036 70 198 179 274
chair 0.0029 329 188 372 279
chair 0.0026 206 207 267 300
chair 0.0023 141 151 182 195
chair 0.0022 121 193 218 277
chair 0.0022 310 177 357 268
chair 0.0021 54 209 110 252
chair 0.0013 244 149 289 190
chair 0.0012 171 191 225 287
chair 0.0010 152 234 217 351
diningtable 0.7416 9 231 195 374
diningtable 0.0423 271 182 355 289
diningtable 0.0101 147 186 245 325
diningtable 0.0034 10 204 121 263
diningtable 0.0019 70 198 179 274
diningtable 0.0010 146 216 220 360
person 0.0011 0 157 23 234
sofa 0.0186 147 192 224 324
sofa 0.0108 260 184 346 292
sofa 0.0024 145 151 191 194
tvmonitor 0.7737 145 151 191 194
tvmonitor 0.5819 255 146 293 184
tvmonitor 0.4964 0 164 28 215
tvmonitor 0.0089 -1 168 16 233
tvmonitor 0.0084 175 155 272 199
tvmonitor 0.0032 0 137 21 227
tvmonitor 0.0017 4 175 23 205
tvmonitor 0.0010 0 174 14 208
