chair 0.9935 255 243 338 429
chair 0.9885 46 245 127 422
chair 0.9302 137 263 246 455
chair 0.1457 152 224 237 385
chair 0.1371 169 237 213 271
chair 0.0797 55 241 112 363
chair 0.0729 255 244 296 355
chair 0.0578 265 240 322 360
chair 0.0174 269 245 301 286
chair 0.0131 78 241 110 285
chair 0.0119 97 241 137 356
chair 0.0099 77 238 116 328
chair 0.0072 155 229 200 374
chair 0.0072 232 246 273 353
chair 0.0068 154 247 209 277
chair 0.0048 80 244 108 264
chair 0.0042 257 242 284 285
chair 0.0040 211 266 259 370
chair 0.0034 167 261 224 379
chair 0.0033 136 231 216 279
chair 0.0032 159 229 206 265
chair 0.0030 77 246 97 264
chair 0.0028 189 258 237 380
chair 0.0028 133 242 179 358
chair 0.0027 111 262 162 373
chair 0.0024 45 247 82 351
chair 0.0023 91 242 116 285
chair 0.0022 272 245 298 265
chair 0.0021 115 251 210 431
chair 0.0021 136 274 231 361
chair 0.0019 72 242 159 394
chair 0.0016 94 245 113 266
chair 0.0015 45 248 69 318
chair 0.0015 190 248 274 392
chair 0.0015 264 241 293 273
chair 0.0014 100 241 123 287
chair 0.0013 170 230 216 325
chair 0.0013 103 257 173 417
chair 0.0013 255 249 329 316
chair 0.0012 216 251 296 421
chair 0.0011 73 242 99 302
chair 0.0010 52 245 78 303
diningtable 0.3155 87 243 282 469
diningtable 0.0356 238 249 323 394
diningtable 0.0118 146 242 241 406
diningtable 0.0076 44 238 121 376
diningtable 0.0040 169 237 213 271
diningtable 0.0024 96 257 274 337
diningtable 0.0024 99 247 174 391
diningtable 0.0015 190 248 274 392
diningtable 0.0012 157 243 361 457
diningtable 0.0012 115 236 202 370
diningtable 0.0011 136 274 231 361
sofa 0.0035 169 237 213 271
