bird 0.0012 225 310 365 436
bird 0.0011 11 1 362 114
bottle 0.0141 -6 3 378 492
bottle 0.0012 11 1 362 114
cat 0.9853 -8 345 302 473
cat 0.2975 225 310 365 436
cat 0.1468 -21 279 388 472
cat 0.1011 98 314 354 438
cat 0.0047 -2 326 242 435
cat 0.0041 -12 -17 383 375
cat 0.0019 190 270 365 405
cat 0.0017 1 356 161 461
cat 0.0013 11 1 362 114
chair 0.0217 -29 327 329 479
chair 0.0020 -34 203 395 506
diningtable 0.0017 -8 361 303 487
dog 0.0020 -8 361 303 487
dog 0.0013 225 310 365 436
pottedplant 0.4697 -6 3 378 492
pottedplant 0.0042 -4 60 219 436
pottedplant 0.0042 297 248 369 426
pottedplant 0.0023 -1 210 209 360
pottedplant 0.0022 225 41 369 457
pottedplant 0.0021 -5 188 319 459
pottedplant 0.0016 10 105 66 192
pottedplant 0.0015 -6 176 157 323
sofa 0.0016 -29 327 329 479
tvmonitor 0.0027 -12 -17 383 375
