bicycle 0.2177 230 384 370 494
bicycle 0.0281 233 404 314 468
bicycle 0.0047 224 441 356 495
bicycle 0.0018 319 373 371 445
bicycle 0.0015 239 428 298 461
bird 0.0018 228 417 290 460
cow 0.0012 228 417 290 460
motorbike 0.0072 230 384 370 494
person 0.0020 228 417 290 460
pottedplant 0.0811 3 73 46 148
pottedplant 0.0540 -1 90 238 479
pottedplant 0.0259 18 78 62 164
pottedplant 0.0159 -14 19 390 483
pottedplant 0.0109 230 384 370 494
pottedplant 0.0084 4 65 28 136
pottedplant 0.0058 72 148 118 187
pottedplant 0.0046 221 470 278 500
pottedplant 0.0036 2 13 140 404
pottedplant 0.0036 224 441 356 495
pottedplant 0.0035 -3 44 53 282
pottedplant 0.0034 35 80 60 138
pottedplant 0.0026 209 472 254 498
pottedplant 0.0024 221 475 244 499
pottedplant 0.0021 71 451 201 499
pottedplant 0.0019 2 66 79 223
pottedplant 0.0017 30 133 126 190
pottedplant 0.0016 3 97 45 225
pottedplant 0.0014 19 147 38 168
pottedplant 0.0010 222 484 239 500
pottedplant 0.0010 -1 84 18 136
pottedplant 0.0010 35 77 81 166
pottedplant 0.0010 79 159 130 192
