bottle 0.0201 90 70 104 96
bottle 0.0043 255 277 277 313
bottle 0.0026 80 80 95 99
bottle 0.0022 212 150 229 206
bottle 0.0012 259 286 274 316
bottle 0.0010 95 69 109 94
chair 0.5818 71 213 378 501
chair 0.0690 33 78 202 483
chair 0.0499 0 289 313 501
chair 0.0304 102 277 279 439
chair 0.0103 54 371 387 500
chair 0.0033 206 164 377 496
chair 0.0032 292 356 375 495
chair 0.0026 106 216 270 363
chair 0.0020 123 241 330 406
chair 0.0018 48 44 310 460
chair 0.0015 47 241 262 404
chair 0.0010 214 323 376 493
person 0.9941 31 29 209 472
person 0.9328 78 190 368 483
person 0.3992 105 238 268 412
person 0.0080 208 157 376 437
person 0.0044 255 279 277 323
person 0.0042 36 79 78 122
person 0.0042 -15 231 252 494
person 0.0025 33 38 412 467
person 0.0020 112 284 339 435
person 0.0016 57 87 75 110
person 0.0016 53 82 78 116
person 0.0014 44 281 262 438
person 0.0014 129 212 329 367
person 0.0013 284 145 374 525
person 0.0011 216 161 329 318
pottedplant 0.0195 179 79 207 123
pottedplant 0.0112 90 70 104 96
pottedplant 0.0044 171 57 213 147
pottedplant 0.0035 -1 201 59 475
pottedplant 0.0022 171 71 213 111
pottedplant 0.0017 139 14 217 195
pottedplant 0.0015 153 38 209 132
pottedplant 0.0011 189 87 213 130
sofa 0.1050 71 213 378 501
sofa 0.0058 13 377 357 501
sofa 0.0031 33 93 256 479
