bottle 0.9737 230 92 413 216
bottle 0.1624 23 255 45 338
bottle 0.1054 206 83 439 281
bottle 0.0967 118 98 455 350
bottle 0.0742 12 244 45 349
bottle 0.0347 -1 221 22 365
bottle 0.0142 29 258 51 317
bottle 0.0092 271 94 401 175
bottle 0.0074 56 256 68 283
bottle 0.0072 18 255 65 368
bottle 0.0048 95 111 407 248
bottle 0.0043 256 105 347 177
bottle 0.0037 199 134 243 216
bottle 0.0033 7 278 45 372
bottle 0.0032 213 149 239 196
bottle 0.0032 332 166 484 305
bottle 0.0029 0 305 13 386
bottle 0.0028 210 138 264 213
bottle 0.0026 0 313 25 377
bottle 0.0026 108 56 127 82
bottle 0.0025 0 265 10 368
bottle 0.0021 0 351 8 379
bottle 0.0019 207 121 310 197
bottle 0.0018 267 161 454 280
bottle 0.0013 20 20 28 51
bottle 0.0012 17 255 35 339
bottle 0.0011 178 80 423 168
bottle 0.0011 28 265 43 293
bottle 0.0010 325 89 415 158
bottle 0.0010 52 257 70 296
chair 0.0025 17 13 487 363
chair 0.0016 -1 194 21 356
diningtable 0.0030 -4 115 498 387
person 0.9927 -9 71 435 379
person 0.2983 399 158 499 388
person 0.0156 234 147 497 380
person 0.0094 -1 194 21 356
person 0.0053 409 157 454 234
person 0.0048 68 24 111 97
person 0.0044 0 75 207 373
person 0.0033 405 159 494 287
person 0.0028 0 197 10 320
person 0.0026 332 166 484 305
person 0.0012 0 34 29 399
person 0.0012 12 244 45 349
person 0.0011 23 255 45 338
tvmonitor 0.0139 3 21 426 370
