bicycle 0.0016 286 234 300 258
bus 0.0223 140 218 164 260
bus 0.0062 242 203 269 239
bus 0.0039 144 204 171 237
bus 0.0036 183 218 247 261
bus 0.0031 128 201 169 229
bus 0.0024 280 215 365 263
bus 0.0021 87 213 110 228
bus 0.0019 140 211 162 230
bus 0.0017 481 220 502 283
bus 0.0014 118 203 137 240
bus 0.0013 220 202 269 242
bus 0.0012 142 197 191 229
bus 0.0010 121 209 134 233
bus 0.0010 259 217 286 242
bus 0.0010 349 210 370 252
car 0.8521 183 218 247 261
car 0.6606 294 214 370 264
car 0.6287 259 217 286 242
car 0.5979 477 224 501 277
car 0.2642 87 213 110 228
car 0.2620 262 218 304 246
car 0.1586 54 213 106 229
car 0.1528 280 220 325 258
car 0.1050 285 220 304 256
car 0.0834 349 210 370 252
car 0.0742 256 217 276 238
car 0.0736 242 203 269 239
car 0.0648 63 212 97 226
car 0.0634 140 211 162 230
car 0.0597 273 221 294 242
car 0.0525 44 214 100 239
car 0.0349 50 213 76 230
car 0.0291 325 213 377 252
car 0.0289 129 208 169 234
car 0.0248 245 218 266 238
car 0.0238 148 210 169 231
car 0.0210 262 215 283 233
car 0.0183 140 218 164 260
car 0.0164 288 217 316 252
car 0.0153 5 221 19 238
car 0.0130 121 209 134 233
car 0.0118 263 226 285 245
car 0.0115 290 229 351 263
car 0.0115 129 210 149 228
car 0.0109 45 214 65 231
car 0.0100 187 209 244 239
car 0.0099 115 210 128 231
car 0.0099 280 221 292 251
car 0.0097 159 211 174 230
car 0.0095 220 202 269 242
car 0.0081 149 219 166 238
car 0.0055 188 219 209 260
car 0.0054 291 221 313 243
car 0.0053 142 219 160 239
car 0.0052 138 205 162 224
car 0.0050 99 212 121 227
car 0.0044 86 210 131 231
car 0.0043 0 219 13 239
car 0.0040 146 204 171 224
car 0.0037 253 211 291 238
car 0.0035 147 226 165 253
car 0.0034 145 239 166 260
car 0.0033 121 205 137 224
car 0.0033 271 217 293 232
car 0.0029 488 193 498 270
car 0.0028 340 211 366 264
car 0.0027 127 215 171 248
car 0.0027 13 221 28 235
car 0.0027 137 200 177 229
car 0.0027 448 228 505 266
car 0.0027 145 210 169 251
car 0.0026 61 210 121 242
car 0.0025 114 206 128 222
car 0.0024 159 220 174 235
car 0.0024 118 203 137 240
car 0.0022 301 221 319 242
car 0.0022 105 205 154 236
car 0.0021 349 212 373 233
car 0.0020 140 222 194 257
car 0.0019 88 208 112 223
car 0.0018 59 217 85 236
car 0.0017 477 205 498 259
car 0.0015 286 234 300 258
car 0.0015 75 212 107 233
car 0.0014 489 213 499 247
car 0.0013 233 198 259 245
car 0.0013 61 208 81 221
car 0.0012 49 202 110 226
car 0.0012 292 236 311 259
car 0.0012 131 201 166 260
car 0.0011 486 225 500 255
car 0.0011 90 217 109 235
car 0.0011 484 232 501 266
car 0.0010 3 216 21 234
car 0.0010 214 206 235 217
car 0.0010 324 215 357 260
car 0.0010 202 206 227 216
motorbike 0.0061 285 220 304 256
motorbike 0.0057 280 220 325 258
person 0.0347 285 220 304 256
person 0.0149 5 221 19 238
person 0.0097 290 219 316 259
person 0.0079 280 221 292 251
person 0.0068 121 209 134 233
person 0.0028 13 221 28 235
person 0.0021 140 218 164 260
person 0.0017 121 218 133 241
person 0.0016 87 213 110 228
person 0.0016 286 234 300 258
person 0.0013 115 210 128 231
person 0.0012 149 219 166 238
person 0.0011 121 205 137 224
train 0.0071 140 218 164 260
train 0.0010 241 195 266 234
tvmonitor 0.0031 180 226 250 266
