bottle 0.0010 235 9 294 49
chair 0.0343 2 -3 500 365
chair 0.0038 3 139 432 409
dog 0.0030 285 186 451 310
dog 0.0019 130 2 308 47
person 0.6357 21 48 414 381
person 0.3311 82 171 490 400
person 0.0112 204 194 456 305
person 0.0054 295 156 496 420
person 0.0033 282 199 450 369
person 0.0017 162 203 416 367
person 0.0011 100 179 401 317
person 0.0011 313 179 496 313
person 0.0010 35 5 394 250
sofa 0.9921 0 65 498 418
sofa 0.0068 31 23 404 321
sofa 0.0039 101 196 479 419
sofa 0.0016 13 -33 477 67
sofa 0.0013 300 0 503 419
