bicycle 0.0050 280 280 324 331
bicycle 0.0015 311 165 389 330
bird 0.0013 87 255 135 329
bird 0.0013 311 165 389 330
cat 0.0223 87 255 135 329
cat 0.0202 281 263 324 333
cat 0.0015 306 155 393 326
chair 0.0142 311 165 389 330
chair 0.0053 53 194 128 335
chair 0.0025 82 228 132 326
chair 0.0016 280 280 324 331
chair 0.0010 282 236 321 327
cow 0.0045 311 165 389 330
cow 0.0034 95 255 138 329
cow 0.0017 281 263 324 333
dog 0.8519 281 263 324 333
dog 0.4451 87 255 135 329
dog 0.1722 311 165 389 330
dog 0.0062 292 234 332 326
dog 0.0050 60 200 138 330
dog 0.0040 317 217 362 326
dog 0.0019 290 266 379 328
dog 0.0013 61 252 113 327
dog 0.0012 311 259 330 335
horse 0.0783 311 165 389 330
horse 0.0077 68 259 140 329
horse 0.0034 282 236 321 327
horse 0.0021 53 194 128 335
person 0.9956 221 149 264 274
person 0.9882 57 150 126 327
person 0.9575 264 153 298 276
person 0.7011 300 155 380 324
person 0.2157 275 151 315 307
person 0.0378 239 143 270 263
person 0.0316 292 162 330 277
person 0.0154 283 162 350 332
person 0.0105 95 255 138 329
person 0.0103 263 144 279 201
person 0.0081 328 174 373 328
person 0.0080 257 147 275 204
person 0.0068 282 236 321 327
person 0.0045 267 151 279 175
person 0.0034 223 143 245 219
person 0.0031 228 150 241 173
person 0.0025 82 228 132 326
person 0.0020 259 165 331 266
person 0.0019 69 156 112 192
person 0.0013 317 217 362 326
person 0.0013 217 149 233 215
person 0.0011 245 146 265 202
person 0.0011 265 153 277 186
person 0.0010 259 157 271 188
person 0.0010 315 194 328 286
person 0.0010 256 157 271 248
sheep 0.0027 281 263 324 333
sheep 0.0025 87 255 135 329
