bottle 0.0115 34 208 46 235
bottle 0.0110 347 148 356 177
bottle 0.0061 30 211 42 234
bottle 0.0030 347 158 358 185
bottle 0.0030 349 158 371 206
bottle 0.0022 278 142 296 186
bottle 0.0022 352 150 363 178
bottle 0.0021 344 141 359 183
bottle 0.0019 352 158 366 185
bottle 0.0014 487 235 499 264
bottle 0.0014 284 147 296 178
chair 0.9793 330 218 482 372
chair 0.9651 73 206 149 349
chair 0.9296 8 242 83 369
chair 0.9047 281 190 322 284
chair 0.8630 236 180 285 280
chair 0.2677 0 221 30 367
chair 0.0608 0 207 41 303
chair 0.0522 100 200 147 321
chair 0.0342 25 227 77 332
chair 0.0309 274 194 355 281
chair 0.0306 0 173 23 305
chair 0.0244 -2 197 56 359
chair 0.0173 313 184 357 281
chair 0.0171 0 216 24 284
chair 0.0132 -1 204 14 277
chair 0.0125 476 226 499 268
chair 0.0093 66 233 108 352
chair 0.0082 39 224 135 354
chair 0.0068 266 171 332 293
chair 0.0038 476 158 499 273
chair 0.0037 277 155 317 249
chair 0.0034 484 210 500 271
chair 0.0028 333 211 445 299
chair 0.0020 225 176 261 267
chair 0.0019 487 235 499 264
chair 0.0015 0 218 10 319
chair 0.0015 0 281 28 406
chair 0.0013 -4 278 49 368
chair 0.0013 0 186 12 255
chair 0.0012 19 237 44 301
chair 0.0012 251 160 296 248
chair 0.0011 406 218 492 373
chair 0.0010 481 66 500 288
diningtable 0.1917 231 184 321 282
diningtable 0.1289 18 231 152 362
diningtable 0.0458 0 218 68 370
diningtable 0.0450 274 194 355 281
diningtable 0.0204 281 190 322 284
diningtable 0.0133 243 178 393 279
diningtable 0.0118 236 177 287 268
diningtable 0.0043 257 184 336 262
diningtable 0.0041 334 270 480 376
diningtable 0.0038 73 206 149 349
diningtable 0.0037 0 197 29 349
diningtable 0.0035 334 205 485 357
diningtable 0.0034 22 243 96 366
diningtable 0.0027 6 232 88 325
diningtable 0.0024 0 207 41 303
diningtable 0.0021 313 184 357 281
person 0.0041 0 197 29 349
person 0.0012 0 173 23 305
person 0.0012 0 218 68 370
pottedplant 0.0036 476 213 499 266
pottedplant 0.0032 487 190 500 272
pottedplant 0.0013 490 113 500 193
pottedplant 0.0012 0 192 28 319
pottedplant 0.0011 481 66 500 288
sofa 0.0158 334 205 485 357
sofa 0.0048 0 221 30 367
sofa 0.0017 0 218 68 370
sofa 0.0017 0 173 23 305
tvmonitor 0.4156 319 140 348 182
tvmonitor 0.0054 296 138 349 175
tvmonitor 0.0022 277 141 328 184
tvmonitor 0.0018 323 146 342 176
tvmonitor 0.0015 312 141 336 180
