bicycle 0.0013 111 241 257 386
car 0.0196 185 127 277 192
car 0.0013 296 21 313 46
car 0.0010 185 253 281 348
motorbike 0.9045 111 203 275 385
motorbike 0.0121 185 127 277 192
motorbike 0.0081 186 239 285 363
motorbike 0.0068 107 184 215 333
motorbike 0.0031 142 259 247 397
motorbike 0.0010 292 16 318 48
person 0.2007 107 184 215 333
person 0.1623 111 203 275 385
person 0.0070 270 144 321 214
person 0.0045 306 122 329 176
person 0.0026 285 127 326 202
person 0.0022 296 21 313 46
person 0.0015 143 183 244 344
person 0.0015 265 158 310 197
person 0.0012 13 295 66 376
person 0.0010 290 20 304 45
