car 0.0068 101 174 128 216
cow 0.0047 87 273 264 499
dog 0.0118 86 241 242 505
horse 0.9584 92 237 255 505
horse 0.0020 138 239 375 505
motorbike 0.0028 86 241 242 505
person 0.8420 97 142 251 448
person 0.0285 96 117 121 166
person 0.0185 134 132 245 350
person 0.0048 88 112 122 213
person 0.0032 92 140 187 384
person 0.0023 199 273 240 368
person 0.0010 116 225 232 493
pottedplant 0.1691 276 193 302 237
pottedplant 0.0521 249 163 302 237
pottedplant 0.0034 239 163 282 232
pottedplant 0.0015 265 192 294 237
pottedplant 0.0015 250 159 270 214
pottedplant 0.0011 277 213 300 239
