aeroplane 0.0021 240 111 270 124
boat 0.4935 243 119 284 149
boat 0.2308 232 114 280 139
boat 0.0638 250 124 279 157
boat 0.0396 240 111 270 124
boat 0.0302 241 117 271 134
boat 0.0237 228 108 282 128
boat 0.0219 242 122 269 144
boat 0.0105 204 99 227 109
boat 0.0083 183 100 210 109
boat 0.0080 3 91 60 120
boat 0.0077 262 133 280 153
boat 0.0063 213 99 235 110
boat 0.0053 241 132 268 153
boat 0.0046 136 101 161 110
boat 0.0040 192 99 220 108
boat 0.0040 261 127 280 144
boat 0.0037 0 94 10 118
boat 0.0034 162 100 190 108
boat 0.0031 153 100 181 108
boat 0.0026 239 117 255 133
boat 0.0026 109 80 258 116
boat 0.0024 162 97 230 110
boat 0.0022 143 100 170 108
boat 0.0021 240 104 269 130
boat 0.0018 238 124 255 141
boat 0.0018 -5 102 70 123
boat 0.0017 172 101 201 109
boat 0.0014 218 98 288 118
boat 0.0011 241 101 266 112
boat 0.0011 239 94 279 153
boat 0.0010 128 98 205 111
boat 0.0010 186 96 244 112
person 0.0016 248 118 277 134
train 0.0021 243 119 284 149
train 0.0015 232 114 280 139
