bicycle 0.0017 478 74 500 191
bicycle 0.0012 428 79 443 107
car 0.9994 15 44 480 276
car 0.0088 480 65 499 146
car 0.0020 428 79 443 107
car 0.0019 322 89 465 145
car 0.0017 316 72 487 197
car 0.0016 307 69 443 125
car 0.0012 410 75 446 107
car 0.0012 476 104 498 177
car 0.0011 41 18 207 68
car 0.0011 52 1 129 30
horse 0.0058 478 74 500 191
motorbike 0.0060 478 74 500 191
motorbike 0.0020 426 74 445 108
motorbike 0.0016 417 73 439 109
person 0.6988 477 63 501 176
person 0.2115 418 69 438 105
person 0.1333 485 62 500 147
person 0.1108 426 68 445 105
person 0.0751 410 69 428 105
person 0.0353 487 81 500 185
person 0.0288 399 69 419 105
person 0.0227 377 68 398 102
person 0.0213 342 67 359 85
person 0.0184 368 67 391 101
person 0.0094 361 71 377 95
person 0.0073 350 68 368 86
person 0.0063 390 72 406 99
person 0.0054 339 64 364 99
person 0.0049 410 75 446 107
person 0.0044 430 68 445 88
person 0.0038 347 66 393 99
person 0.0029 423 69 437 88
person 0.0021 375 67 422 104
person 0.0020 371 70 387 87
person 0.0014 384 71 411 111
person 0.0013 439 67 449 101
person 0.0013 387 73 430 109
