bottle 0.0249 124 222 148 269
bottle 0.0027 334 9 352 53
bottle 0.0027 100 406 141 495
bottle 0.0015 124 222 140 251
bottle 0.0012 67 412 176 493
chair 0.0202 187 351 394 499
chair 0.0120 319 252 419 443
chair 0.0075 8 261 127 434
chair 0.0043 126 237 276 397
chair 0.0037 400 354 422 425
chair 0.0019 372 329 417 419
chair 0.0014 31 338 132 409
chair 0.0012 51 252 146 414
chair 0.0010 155 476 441 498
diningtable 0.1369 10 402 261 497
diningtable 0.0490 44 373 392 495
diningtable 0.0226 -9 437 351 499
diningtable 0.0064 218 353 411 498
diningtable 0.0024 67 437 217 498
diningtable 0.0020 159 444 416 499
diningtable 0.0012 -26 375 153 498
person 0.9884 124 129 273 422
person 0.9871 189 337 387 497
person 0.9015 312 237 412 432
person 0.8318 8 242 129 426
person 0.3114 254 260 333 345
person 0.0295 220 255 362 386
person 0.0130 44 373 392 495
person 0.0113 59 251 86 297
person 0.0050 234 290 402 436
person 0.0045 42 251 126 339
person 0.0037 16 236 115 317
person 0.0029 55 261 106 306
person 0.0025 51 236 146 399
person 0.0024 291 256 341 344
person 0.0022 353 245 423 427
person 0.0017 294 341 419 482
person 0.0016 133 183 360 454
person 0.0015 190 166 277 396
person 0.0012 261 287 323 339
person 0.0011 236 258 281 348
pottedplant 0.3510 320 85 418 240
pottedplant 0.0040 123 215 143 260
pottedplant 0.0038 298 77 418 410
sofa 0.0162 8 261 127 434
sofa 0.0050 319 252 419 443
sofa 0.0025 126 166 281 460
sofa 0.0010 173 318 397 508
