bottle 0.0022 152 303 164 333
chair 0.0012 246 -3 498 329
chair 0.0011 -3 38 495 342
diningtable 0.0943 -14 295 523 377
diningtable 0.0052 -6 219 508 374
diningtable 0.0014 2 297 260 377
diningtable 0.0011 10 265 413 360
person 0.9812 1 53 330 336
person 0.9550 248 4 505 343
person 0.0112 144 -2 442 317
person 0.0012 473 160 499 312
person 0.0012 50 54 522 375
person 0.0011 455 228 500 318
pottedplant 0.0305 249 9 421 132
pottedplant 0.0165 254 20 346 106
pottedplant 0.0039 250 16 355 186
pottedplant 0.0039 198 -5 471 328
pottedplant 0.0024 119 18 391 128
pottedplant 0.0011 255 29 303 102
sofa 0.0106 -3 67 499 362
