boat 0.0067 2 61 80 302
bottle 0.3505 145 195 219 474
bottle 0.0094 309 62 380 344
bottle 0.0037 236 143 305 360
bottle 0.0034 172 224 189 245
bottle 0.0033 203 250 222 318
bottle 0.0022 222 267 240 318
bottle 0.0021 211 257 231 312
bottle 0.0018 -13 475 71 498
bottle 0.0012 154 228 209 326
chair 0.0027 -12 471 51 501
diningtable 0.0027 39 251 336 502
pottedplant 0.0095 235 139 308 337
tvmonitor 0.3155 297 99 375 341
tvmonitor 0.0113 313 -12 380 379
tvmonitor 0.0093 235 139 308 337
tvmonitor 0.0012 282 47 404 442
