boat 0.0076 -1 159 10 184
boat 0.0038 -1 150 26 191
boat 0.0036 -3 150 12 191
boat 0.0019 438 151 495 189
boat 0.0017 -1 165 7 192
boat 0.0013 440 138 499 214
boat 0.0011 1 162 25 182
boat 0.0010 -1 150 9 176
bus 0.0068 438 151 495 189
bus 0.0026 451 144 497 178
bus 0.0023 -1 150 26 191
car 0.0040 -1 159 10 184
car 0.0036 -1 165 7 192
person 0.0023 -1 159 10 184
person 0.0023 439 171 451 187
person 0.0019 163 162 175 185
person 0.0015 367 150 388 193
person 0.0014 273 150 290 210
person 0.0014 244 169 262 192
person 0.0012 237 170 252 191
person 0.0011 271 165 281 192
person 0.0010 -1 165 7 192
train 0.9997 29 101 456 301
train 0.0228 440 138 499 214
train 0.0088 438 151 495 189
train 0.0037 -1 150 26 191
train 0.0033 451 144 497 178
train 0.0014 435 118 499 264
train 0.0011 430 143 481 179
train 0.0011 450 162 498 197
