bicycle 0.0024 56 46 361 334
boat 0.0153 16 38 477 347
bottle 0.0147 317 93 437 153
bottle 0.0054 265 58 326 141
bottle 0.0014 240 80 320 147
car 0.0026 332 94 446 153
car 0.0011 27 -27 461 310
chair 0.0327 56 46 361 334
chair 0.0017 317 93 437 153
horse 0.0029 16 38 477 347
motorbike 0.0024 56 46 361 334
person 0.9984 54 -7 355 330
person 0.0055 258 7 331 152
person 0.0044 265 58 326 141
person 0.0015 240 80 320 147
person 0.0011 55 4 209 174
pottedplant 0.0033 317 93 437 153
sofa 0.0016 56 46 361 334
