bird 0.0011 182 212 234 302
bottle 0.0157 317 143 348 260
bottle 0.0045 320 159 344 206
bottle 0.0022 329 160 351 221
bottle 0.0018 345 167 355 196
bottle 0.0016 324 169 339 195
bottle 0.0012 332 168 347 193
car 0.0044 182 143 232 184
car 0.0036 133 127 222 284
cat 0.0019 182 212 234 302
chair 0.0014 136 136 199 317
dog 0.0131 182 212 234 302
dog 0.0014 315 153 346 281
horse 0.0019 316 164 347 295
motorbike 0.0018 317 143 348 260
person 0.9942 135 132 199 303
person 0.9801 224 122 284 286
person 0.9571 329 95 417 375
person 0.6832 315 153 346 281
person 0.6325 272 149 309 280
person 0.0668 157 131 244 310
person 0.0645 299 152 339 274
person 0.0459 189 213 239 301
person 0.0232 273 140 296 204
person 0.0190 250 131 312 294
person 0.0083 321 176 342 265
person 0.0080 186 126 260 280
person 0.0059 305 137 358 296
person 0.0059 320 159 344 206
person 0.0039 326 151 353 194
person 0.0030 281 152 300 233
person 0.0030 196 138 243 257
person 0.0026 267 127 297 235
person 0.0026 321 128 349 232
person 0.0026 221 126 266 236
person 0.0018 183 157 228 279
person 0.0015 275 148 292 174
person 0.0011 323 161 341 183
person 0.0010 265 144 301 183
sheep 0.0011 169 238 239 306
sofa 0.0017 108 138 254 298
