bottle 0.1188 164 224 202 329
bottle 0.0137 190 224 207 283
bottle 0.0062 178 221 206 270
bottle 0.0047 137 179 208 370
bottle 0.0035 183 228 203 298
bottle 0.0014 173 230 195 296
bottle 0.0011 192 223 206 250
bottle 0.0010 194 237 205 272
chair 0.0010 172 224 205 332
person 0.6137 107 172 199 499
person 0.0326 111 161 205 329
person 0.0168 8 323 30 380
person 0.0124 164 224 202 329
person 0.0060 136 180 208 412
person 0.0026 167 222 198 267
person 0.0011 178 221 206 270
pottedplant 0.0033 164 224 202 329
