bus 0.0014 411 -12 501 288
bus 0.0010 359 177 383 227
car 0.0011 172 244 200 272
car 0.0010 -5 89 129 150
chair 0.0012 471 216 498 262
cow 0.0012 172 244 200 272
person 0.0533 20 146 45 201
person 0.0018 22 149 41 175
person 0.0016 15 147 38 184
pottedplant 0.0248 465 220 489 259
pottedplant 0.0021 471 216 498 262
pottedplant 0.0015 369 221 387 239
train 0.9870 2 105 156 365
train 0.9776 196 127 358 298
train 0.0189 379 -23 495 302
train 0.0141 399 107 498 289
train 0.0012 175 6 350 312
train 0.0011 360 153 391 248
