bottle 0.0019 192 68 242 96
car 0.0011 267 130 316 188
cat 0.0015 314 120 352 199
chair 0.6991 429 136 479 245
chair 0.2261 -2 186 45 316
chair 0.1485 316 124 351 228
chair 0.0167 325 55 432 322
chair 0.0098 0 261 42 344
chair 0.0050 324 125 371 226
chair 0.0026 359 100 461 323
chair 0.0026 124 163 227 328
chair 0.0024 392 115 485 269
chair 0.0024 82 199 133 276
chair 0.0023 178 223 306 274
chair 0.0022 317 161 352 254
chair 0.0018 0 85 49 346
chair 0.0017 320 92 388 289
chair 0.0017 41 194 93 276
chair 0.0016 267 130 316 188
chair 0.0015 304 144 343 241
chair 0.0014 0 171 10 244
chair 0.0013 325 170 354 227
chair 0.0013 188 213 242 260
diningtable 0.0102 429 136 479 245
diningtable 0.0038 -2 186 45 316
diningtable 0.0028 316 124 351 228
person 0.8743 121 164 208 325
person 0.6467 318 9 439 326
person 0.0086 314 120 352 199
person 0.0058 128 173 277 317
person 0.0040 132 165 220 258
person 0.0024 192 68 242 96
person 0.0020 -1 184 35 322
person 0.0016 312 -10 392 280
person 0.0011 138 180 157 238
person 0.0010 264 128 316 208
pottedplant 0.0079 82 199 133 276
pottedplant 0.0043 202 69 248 96
pottedplant 0.0010 314 120 352 199
sofa 0.0552 -2 186 45 316
sofa 0.0080 264 128 316 208
sofa 0.0062 314 120 352 199
sofa 0.0047 431 133 478 229
sofa 0.0025 0 261 42 344
sofa 0.0025 325 41 432 305
sofa 0.0024 124 163 227 328
tvmonitor 0.5424 266 129 314 190
tvmonitor 0.0139 116 76 250 201
tvmonitor 0.0096 -2 186 45 316
tvmonitor 0.0056 197 90 247 190
tvmonitor 0.0018 314 120 352 199
tvmonitor 0.0012 -2 234 38 334
tvmonitor 0.0011 257 119 328 231
