bottle 0.0049 144 78 162 122
bottle 0.0018 333 0 377 31
bottle 0.0014 135 -2 153 66
bottle 0.0013 205 1 220 61
chair 0.7518 330 114 376 209
chair 0.4902 175 71 264 124
chair 0.1243 -1 155 39 256
chair 0.0566 25 104 66 192
chair 0.0505 184 69 237 116
chair 0.0331 217 75 263 125
chair 0.0057 325 359 371 469
chair 0.0048 317 193 374 481
chair 0.0039 229 332 371 486
chair 0.0039 200 73 298 125
chair 0.0037 329 -5 376 208
chair 0.0033 334 74 372 186
chair 0.0032 237 77 281 124
chair 0.0030 291 352 375 473
chair 0.0028 -24 142 341 493
chair 0.0026 223 146 378 493
chair 0.0025 1 112 44 211
chair 0.0021 351 115 377 185
chair 0.0020 328 138 377 252
chair 0.0018 30 473 290 499
chair 0.0016 62 450 258 500
chair 0.0013 291 98 379 261
chair 0.0012 319 124 376 313
chair 0.0012 20 134 63 226
chair 0.0012 -2 269 83 481
chair 0.0011 164 378 361 493
chair 0.0010 -1 175 24 292
diningtable 0.9985 -21 135 380 493
diningtable 0.0056 175 71 264 124
diningtable 0.0031 54 293 384 497
diningtable 0.0024 -3 167 37 262
diningtable 0.0019 -16 85 400 327
diningtable 0.0016 184 69 237 116
diningtable 0.0015 217 75 263 125
diningtable 0.0014 -1 442 373 497
diningtable 0.0012 223 146 378 493
diningtable 0.0011 330 114 376 209
diningtable 0.0011 7 97 369 227
diningtable 0.0010 89 385 369 501
person 0.0031 326 -3 377 179
person 0.0011 223 146 378 493
pottedplant 0.0059 333 0 377 31
pottedplant 0.0029 343 1 370 43
sofa 0.0070 175 71 264 124
sofa 0.0025 -1 155 39 256
