bottle 0.0415 229 270 252 333
bottle 0.0138 250 188 268 244
bottle 0.0041 104 474 164 499
bottle 0.0032 357 302 371 322
bottle 0.0028 119 488 146 499
bottle 0.0026 53 240 104 288
bottle 0.0018 357 380 377 436
bottle 0.0017 109 488 137 499
bottle 0.0015 80 144 92 169
bottle 0.0015 248 202 271 268
bottle 0.0012 130 487 155 499
bottle 0.0011 94 487 173 500
cat 0.0102 64 242 108 287
chair 0.0942 163 230 220 277
chair 0.0839 155 347 312 503
chair 0.0123 -2 287 23 338
chair 0.0103 80 280 129 305
chair 0.0062 240 442 342 499
chair 0.0052 73 268 137 303
chair 0.0052 142 450 291 499
chair 0.0047 255 259 372 480
chair 0.0036 83 446 232 499
chair 0.0036 221 365 369 493
chair 0.0029 165 139 269 330
chair 0.0026 252 408 367 499
chair 0.0026 118 471 312 499
chair 0.0022 -5 283 138 505
chair 0.0021 93 474 156 499
chair 0.0018 95 410 146 494
chair 0.0015 88 286 121 303
chair 0.0015 -4 268 21 368
chair 0.0015 220 416 323 495
chair 0.0014 64 242 108 287
chair 0.0014 22 444 174 498
chair 0.0013 142 272 222 335
chair 0.0012 -5 364 23 502
chair 0.0011 150 241 238 322
chair 0.0011 22 472 258 499
chair 0.0011 -2 404 41 494
chair 0.0010 84 416 192 494
chair 0.0010 197 471 385 499
chair 0.0010 229 153 366 320
diningtable 0.0081 155 347 312 503
diningtable 0.0032 -5 445 312 501
diningtable 0.0019 -8 283 134 478
diningtable 0.0017 177 160 355 319
diningtable 0.0017 158 229 234 285
diningtable 0.0016 68 312 240 496
diningtable 0.0014 46 471 270 499
diningtable 0.0013 10 288 112 341
diningtable 0.0010 153 299 298 448
dog 0.0191 64 242 108 287
dog 0.0035 65 246 128 305
dog 0.0030 152 268 239 339
dog 0.0013 80 280 129 305
dog 0.0011 158 229 234 285
person 0.9472 152 331 309 496
person 0.9042 194 118 271 323
person 0.7950 5 157 106 313
person 0.6623 2 282 118 508
person 0.5893 151 276 240 345
person 0.4039 241 264 368 403
person 0.3032 248 124 344 278
person 0.0404 158 243 359 493
person 0.0399 225 118 326 359
person 0.0370 224 323 373 490
person 0.0275 64 242 108 287
person 0.0196 65 246 128 305
person 0.0149 153 266 298 377
person 0.0091 -6 163 131 485
person 0.0079 152 272 239 433
person 0.0071 333 121 377 238
person 0.0059 169 114 364 367
person 0.0055 160 118 234 288
person 0.0045 149 268 204 338
person 0.0043 273 265 377 476
person 0.0041 184 270 284 334
person 0.0040 68 312 240 496
person 0.0039 175 130 204 167
person 0.0036 80 136 92 164
person 0.0032 175 118 261 175
person 0.0031 151 292 177 347
person 0.0029 137 287 229 372
person 0.0028 276 115 382 286
person 0.0027 188 122 245 202
person 0.0021 73 276 125 354
person 0.0021 178 121 349 243
person 0.0021 180 137 200 158
person 0.0020 207 162 296 341
person 0.0020 171 123 214 239
person 0.0020 1 252 206 504
person 0.0019 39 284 121 347
person 0.0019 152 216 238 334
person 0.0017 251 125 335 197
person 0.0017 -6 198 21 319
person 0.0016 171 119 211 160
person 0.0015 -9 163 64 317
person 0.0014 229 270 252 333
person 0.0014 56 292 142 493
person 0.0014 249 134 268 181
person 0.0014 87 137 98 163
person 0.0013 189 130 267 228
person 0.0013 169 288 234 335
person 0.0013 -2 287 23 338
person 0.0012 -7 210 125 348
person 0.0011 0 186 21 227
person 0.0010 18 152 97 243
person 0.0010 233 264 320 335
pottedplant 0.0028 357 302 371 322
pottedplant 0.0026 0 194 20 237
pottedplant 0.0014 137 275 187 311
pottedplant 0.0012 354 301 375 339
pottedplant 0.0011 80 136 92 164
sofa 0.0027 255 259 372 480
sofa 0.0022 165 139 269 330
sofa 0.0015 163 230 220 277
sofa 0.0013 155 347 312 503
sofa 0.0011 152 268 239 339
tvmonitor 0.0014 -2 280 22 328
