cow 0.0099 207 257 228 265
cow 0.0096 132 253 184 281
cow 0.0085 303 260 320 273
cow 0.0071 321 261 345 272
cow 0.0066 2 250 45 275
cow 0.0044 133 256 165 286
cow 0.0042 205 252 227 263
cow 0.0038 19 257 46 271
cow 0.0037 0 262 83 327
cow 0.0017 329 262 352 272
cow 0.0015 180 279 237 376
cow 0.0011 99 250 123 266
cow 0.0010 352 260 370 272
cow 0.0010 60 259 80 275
sheep 0.9807 0 262 83 327
sheep 0.9773 182 275 235 371
sheep 0.6953 128 257 169 285
sheep 0.4439 233 268 295 318
sheep 0.2166 321 261 345 272
sheep 0.1384 329 262 352 272
sheep 0.1258 303 260 320 273
sheep 0.1143 2 250 45 275
sheep 0.1135 19 257 46 271
sheep 0.1051 207 257 228 265
sheep 0.0636 101 255 120 267
sheep 0.0355 331 264 350 275
sheep 0.0317 297 260 311 271
sheep 0.0247 156 262 178 279
sheep 0.0242 352 260 370 272
sheep 0.0239 60 259 80 275
sheep 0.0236 99 250 123 266
sheep 0.0233 205 252 227 263
sheep 0.0189 215 259 236 266
sheep 0.0182 310 260 335 272
sheep 0.0167 308 259 357 276
sheep 0.0158 143 260 172 280
sheep 0.0144 354 265 369 276
sheep 0.0135 101 249 157 283
sheep 0.0111 237 261 290 288
sheep 0.0107 201 257 217 266
sheep 0.0093 20 255 84 277
sheep 0.0088 143 255 191 280
sheep 0.0084 90 243 147 271
sheep 0.0083 61 264 79 284
sheep 0.0078 313 264 332 276
sheep 0.0078 42 260 84 290
sheep 0.0077 1 255 26 273
sheep 0.0075 1 245 64 272
sheep 0.0073 132 257 151 286
sheep 0.0060 126 243 170 273
sheep 0.0059 137 249 162 265
sheep 0.0053 246 260 265 271
sheep 0.0046 298 263 310 277
sheep 0.0046 29 258 54 271
sheep 0.0039 252 260 275 271
sheep 0.0034 263 261 283 270
sheep 0.0033 361 266 374 277
sheep 0.0032 -2 256 29 333
sheep 0.0031 339 261 363 270
sheep 0.0031 59 259 80 295
sheep 0.0030 0 250 9 274
sheep 0.0027 106 254 130 271
sheep 0.0026 199 253 219 263
sheep 0.0025 97 244 124 272
sheep 0.0022 357 260 377 272
sheep 0.0020 234 269 256 321
sheep 0.0020 167 265 182 280
sheep 0.0019 24 263 43 276
sheep 0.0019 137 242 195 273
sheep 0.0018 0 214 85 276
sheep 0.0016 118 255 142 275
sheep 0.0015 342 265 360 275
sheep 0.0015 166 261 182 273
sheep 0.0015 -3 232 68 289
sheep 0.0014 115 250 145 263
sheep 0.0014 233 256 294 277
sheep 0.0013 10 260 72 285
sheep 0.0013 50 255 92 280
sheep 0.0012 243 264 267 280
sheep 0.0012 191 255 240 270
sheep 0.0011 286 258 339 276
sheep 0.0011 213 253 234 263
sheep 0.0011 0 256 8 349
sheep 0.0011 20 268 84 303
sheep 0.0011 311 263 368 280
sheep 0.0011 271 260 291 328
sheep 0.0011 0 257 44 286
sheep 0.0010 61 253 118 278
sheep 0.0010 260 265 290 280
sheep 0.0010 97 234 160 263
