bottle 0.0145 195 55 213 98
bottle 0.0080 165 103 188 146
chair 0.0074 392 146 506 323
chair 0.0018 228 52 352 245
chair 0.0017 0 114 60 313
chair 0.0015 145 164 256 225
chair 0.0014 145 184 229 214
chair 0.0010 331 126 353 193
diningtable 0.0021 17 164 485 337
diningtable 0.0013 392 146 506 323
diningtable 0.0011 71 159 267 250
person 0.4695 211 45 350 228
person 0.0085 330 72 351 133
person 0.0072 198 30 449 288
person 0.0044 1 37 60 313
person 0.0032 306 80 320 105
person 0.0030 0 122 90 276
person 0.0022 0 -122 28 278
person 0.0017 328 54 372 144
person 0.0016 319 57 355 141
person 0.0014 362 0 503 339
person 0.0014 -4 -130 57 285
person 0.0013 310 71 330 118
person 0.0012 26 139 74 218
person 0.0012 329 60 352 109
person 0.0010 366 129 498 297
person 0.0010 337 75 364 131
person 0.0010 -1 56 21 259
pottedplant 0.0017 0 114 60 313
pottedplant 0.0011 0 184 54 284
pottedplant 0.0010 281 -9 343 26
