aeroplane 0.9719 124 93 445 231
aeroplane 0.0991 375 248 487 297
aeroplane 0.0422 386 175 480 222
aeroplane 0.0289 400 190 473 216
aeroplane 0.0269 -2 177 95 220
aeroplane 0.0261 30 189 94 213
aeroplane 0.0233 -6 189 69 215
aeroplane 0.0168 80 130 352 237
aeroplane 0.0123 398 263 457 296
aeroplane 0.0117 206 67 263 107
aeroplane 0.0086 87 196 115 207
aeroplane 0.0083 20 287 68 311
aeroplane 0.0077 472 215 500 298
aeroplane 0.0069 400 223 499 294
aeroplane 0.0062 391 197 461 220
aeroplane 0.0049 71 193 128 209
aeroplane 0.0031 13 182 89 209
aeroplane 0.0028 24 177 143 219
aeroplane 0.0027 209 229 298 248
aeroplane 0.0027 373 248 423 292
aeroplane 0.0026 92 215 144 246
aeroplane 0.0024 325 114 482 239
aeroplane 0.0024 366 187 464 236
aeroplane 0.0021 437 201 459 215
aeroplane 0.0020 404 150 498 212
aeroplane 0.0020 -3 188 127 232
aeroplane 0.0018 375 262 440 296
aeroplane 0.0018 8 194 36 211
aeroplane 0.0017 330 211 486 309
aeroplane 0.0016 432 242 502 299
aeroplane 0.0015 425 198 469 217
aeroplane 0.0015 -8 288 72 324
aeroplane 0.0015 367 177 494 287
aeroplane 0.0015 -2 284 47 314
aeroplane 0.0014 0 185 67 237
aeroplane 0.0013 416 261 475 294
aeroplane 0.0013 390 276 446 299
aeroplane 0.0013 398 187 501 241
bicycle 0.0024 412 262 462 295
bicycle 0.0010 473 255 500 301
boat 0.0456 -2 189 86 212
boat 0.0285 1 284 64 339
boat 0.0180 -2 177 95 220
boat 0.0162 17 287 70 322
boat 0.0110 -3 289 49 325
boat 0.0076 473 240 500 300
boat 0.0059 -3 188 127 232
boat 0.0036 206 67 263 107
boat 0.0027 36 189 106 213
boat 0.0022 -3 197 48 221
boat 0.0019 87 196 115 207
boat 0.0016 475 225 500 274
boat 0.0016 5 198 99 219
boat 0.0015 0 200 133 324
boat 0.0015 31 285 59 312
boat 0.0014 -2 228 56 321
boat 0.0012 -3 271 86 325
boat 0.0012 8 194 36 211
boat 0.0011 0 185 67 237
boat 0.0011 -11 310 77 344
boat 0.0010 216 80 275 108
boat 0.0010 -4 187 94 275
bus 0.0014 28 287 73 312
car 0.0138 397 274 458 299
car 0.0128 28 287 73 312
car 0.0073 375 248 487 297
car 0.0055 209 229 298 248
car 0.0046 31 287 59 306
car 0.0029 437 201 459 215
car 0.0028 307 287 491 391
car 0.0025 412 262 462 295
car 0.0017 389 262 446 298
car 0.0012 473 255 500 301
car 0.0011 186 228 245 248
cow 0.0023 375 248 487 297
motorbike 0.0019 398 263 457 296
person 0.0037 31 287 59 306
person 0.0013 20 287 68 311
train 0.0032 28 287 73 312
train 0.0019 -2 189 86 212
train 0.0018 375 248 487 297
train 0.0017 473 240 500 300
train 0.0010 209 229 298 248
