aeroplane 0.0020 -1 317 9 375
aeroplane 0.0017 0 327 8 364
bird 0.0065 0 327 8 364
bird 0.0060 -1 317 9 375
boat 0.5729 147 185 412 256
boat 0.0427 128 217 357 260
boat 0.0368 146 237 207 258
boat 0.0216 154 227 217 254
boat 0.0100 133 235 181 258
boat 0.0094 188 210 443 255
boat 0.0075 128 151 165 250
boat 0.0065 135 233 162 248
boat 0.0044 134 238 161 258
boat 0.0037 142 239 172 255
boat 0.0037 153 241 180 255
boat 0.0035 384 215 432 244
boat 0.0030 153 235 181 249
boat 0.0030 143 233 172 248
boat 0.0022 168 242 203 254
boat 0.0017 148 218 223 246
boat 0.0017 387 211 412 246
boat 0.0016 198 146 439 248
boat 0.0016 148 211 415 281
boat 0.0016 123 218 245 262
boat 0.0012 171 233 200 248
boat 0.0012 406 222 429 239
boat 0.0011 0 327 8 364
boat 0.0011 -1 317 9 375
boat 0.0011 132 232 149 250
person 0.0020 0 335 8 373
person 0.0017 0 325 10 385
