bottle 0.5274 290 196 332 275
bottle 0.0629 298 176 319 246
bottle 0.0192 256 170 422 370
bottle 0.0116 275 190 356 356
bottle 0.0095 294 188 314 271
bottle 0.0075 180 120 262 354
bottle 0.0062 286 184 320 259
bottle 0.0057 197 185 238 287
bottle 0.0051 281 189 325 314
bottle 0.0043 468 168 480 195
bottle 0.0041 279 189 349 251
bottle 0.0039 458 169 470 196
bottle 0.0035 474 162 496 202
bottle 0.0032 289 193 387 272
bottle 0.0026 302 189 317 216
bottle 0.0016 477 169 494 194
bottle 0.0016 488 147 500 235
bottle 0.0013 449 165 466 202
bottle 0.0010 205 180 226 245
car 0.0015 26 20 270 375
chair 0.0228 242 145 431 378
chair 0.0068 28 41 269 377
chair 0.0033 266 205 375 369
chair 0.0024 447 173 499 255
chair 0.0010 411 172 453 261
diningtable 0.0358 373 243 498 375
diningtable 0.0087 264 222 447 380
diningtable 0.0031 413 172 501 259
diningtable 0.0012 239 283 434 372
person 0.9941 57 21 274 378
person 0.9858 240 26 438 364
person 0.0284 22 16 476 377
person 0.0020 186 177 259 363
person 0.0018 275 190 356 356
person 0.0016 290 196 332 275
person 0.0016 256 170 422 370
person 0.0013 15 21 178 356
tvmonitor 0.0021 26 20 270 375
tvmonitor 0.0016 234 25 440 287
