aeroplane 0.0396 407 137 422 155
aeroplane 0.0121 333 164 346 179
aeroplane 0.0020 -3 341 48 372
aeroplane 0.0010 404 143 419 156
bicycle 0.0066 423 255 448 295
bicycle 0.0052 287 272 322 341
bicycle 0.0046 322 264 357 332
bicycle 0.0029 180 318 264 373
bicycle 0.0028 478 248 493 270
bicycle 0.0024 417 240 441 298
bicycle 0.0021 12 327 115 375
bicycle 0.0020 382 235 414 301
bicycle 0.0017 -2 352 48 375
bicycle 0.0016 219 299 260 372
bicycle 0.0015 276 268 356 332
bicycle 0.0014 370 239 454 302
bicycle 0.0013 408 239 428 299
bicycle 0.0012 474 226 497 270
bicycle 0.0012 417 248 458 289
bicycle 0.0011 333 164 346 179
bicycle 0.0010 99 316 176 374
bicycle 0.0010 414 241 488 299
bird 0.0908 407 137 422 155
bird 0.0404 333 164 346 179
bird 0.0106 424 245 449 291
bird 0.0016 404 143 419 156
bird 0.0015 417 240 441 298
bird 0.0014 318 293 361 335
bird 0.0013 429 255 446 282
bird 0.0010 325 163 344 177
bird 0.0010 401 131 423 156
bird 0.0010 267 239 281 259
boat 0.0197 407 137 422 155
boat 0.0038 333 164 346 179
boat 0.0033 -1 295 90 372
boat 0.0027 412 228 486 285
boat 0.0026 411 209 481 236
boat 0.0022 252 187 384 246
boat 0.0015 384 217 484 267
boat 0.0014 100 139 326 241
boat 0.0012 228 152 281 193
boat 0.0011 408 194 491 251
boat 0.0011 -2 352 48 375
boat 0.0010 419 218 491 245
boat 0.0010 190 147 240 197
boat 0.0010 221 142 269 183
boat 0.0010 432 235 481 265
bottle 0.0332 182 292 193 321
bottle 0.0179 182 303 193 327
bottle 0.0111 470 246 483 269
bottle 0.0102 200 324 215 345
bottle 0.0053 149 317 163 338
bottle 0.0052 189 315 205 338
bottle 0.0048 149 323 165 345
bottle 0.0048 276 274 289 300
bottle 0.0041 190 325 205 344
bottle 0.0039 293 261 310 276
bottle 0.0038 468 239 483 262
bottle 0.0038 188 305 204 327
bottle 0.0037 277 265 290 291
bottle 0.0035 424 245 449 291
bottle 0.0035 180 281 197 331
bottle 0.0033 304 262 318 275
bottle 0.0032 187 294 204 318
bottle 0.0032 430 247 445 272
bottle 0.0031 418 229 434 248
bottle 0.0029 284 261 299 277
bottle 0.0029 209 296 225 318
bottle 0.0028 285 265 299 287
bottle 0.0027 182 313 194 338
bottle 0.0026 181 294 210 337
bottle 0.0026 218 318 228 352
bottle 0.0025 208 286 224 308
bottle 0.0024 304 267 319 287
bottle 0.0024 485 190 500 273
bottle 0.0024 437 247 453 271
bottle 0.0022 207 276 222 299
bottle 0.0021 209 321 222 348
bottle 0.0020 142 324 158 344
bottle 0.0020 455 241 478 259
bottle 0.0019 199 314 215 338
bottle 0.0018 284 262 320 335
bottle 0.0018 204 315 228 375
bottle 0.0017 429 255 446 282
bottle 0.0017 383 231 399 248
bottle 0.0016 142 316 159 337
bottle 0.0016 218 329 229 361
bottle 0.0015 276 259 292 279
bottle 0.0015 199 295 215 317
bottle 0.0014 214 315 234 373
bottle 0.0014 199 286 215 308
bottle 0.0014 267 275 282 298
bottle 0.0014 272 265 293 313
bottle 0.0014 478 248 493 270
bottle 0.0014 275 282 288 311
bottle 0.0013 417 240 441 298
bottle 0.0013 304 252 318 269
bottle 0.0013 92 355 110 376
bottle 0.0012 173 308 186 325
bottle 0.0012 267 239 281 259
bottle 0.0012 472 218 482 243
bottle 0.0011 370 234 390 248
bottle 0.0011 407 226 428 293
bottle 0.0010 437 240 455 260
bottle 0.0010 137 356 162 375
bus 0.0014 412 211 489 267
car 0.0090 412 211 489 267
car 0.0068 428 227 484 257
car 0.0061 390 231 473 288
car 0.0059 293 261 310 276
car 0.0057 414 218 478 248
car 0.0054 284 261 299 277
car 0.0052 444 236 488 264
car 0.0033 0 326 94 377
car 0.0032 141 298 226 370
car 0.0025 414 241 488 299
car 0.0022 207 276 222 299
car 0.0018 -2 352 48 375
car 0.0018 411 209 481 236
car 0.0016 225 263 243 276
car 0.0015 370 234 390 248
car 0.0014 287 272 322 341
car 0.0013 370 239 454 302
car 0.0013 475 187 499 259
car 0.0013 426 223 477 286
car 0.0012 413 226 448 290
car 0.0011 265 276 332 339
car 0.0010 208 286 224 308
car 0.0010 293 255 312 268
car 0.0010 175 303 265 371
cat 0.0409 424 245 449 291
cat 0.0099 417 240 441 298
cat 0.0077 432 242 481 274
cat 0.0067 325 282 355 329
cat 0.0036 337 264 361 313
cat 0.0021 98 335 160 374
cat 0.0021 318 293 361 335
cat 0.0021 229 305 259 366
cat 0.0015 271 281 293 335
cat 0.0015 263 270 286 327
cat 0.0013 347 250 373 290
cat 0.0013 326 269 355 311
cat 0.0012 444 236 488 264
cat 0.0012 221 317 250 372
cat 0.0011 357 251 382 290
cat 0.0010 432 242 458 279
chair 0.3847 383 251 412 304
chair 0.3560 286 285 318 333
chair 0.3088 323 272 358 340
chair 0.2371 357 251 382 290
chair 0.2229 367 248 389 293
chair 0.1786 218 313 262 372
chair 0.1411 424 245 449 291
chair 0.1185 337 264 361 313
chair 0.1121 263 281 286 334
chair 0.1035 417 240 441 298
chair 0.0993 319 280 345 333
chair 0.0944 347 250 373 290
chair 0.0931 408 239 428 299
chair 0.0874 166 350 207 376
chair 0.0753 189 142 282 211
chair 0.0657 271 269 291 328
chair 0.0634 94 310 162 376
chair 0.0621 291 274 330 339
chair 0.0605 326 269 355 311
chair 0.0586 341 247 364 292
chair 0.0499 271 293 294 339
chair 0.0452 239 303 264 368
chair 0.0433 205 331 230 375
chair 0.0422 348 257 391 297
chair 0.0411 311 280 332 336
chair 0.0310 378 251 400 301
chair 0.0303 254 280 276 334
chair 0.0285 310 276 355 322
chair 0.0266 455 303 499 368
chair 0.0257 230 305 260 351
chair 0.0242 267 290 323 339
chair 0.0241 343 247 360 270
chair 0.0223 317 268 345 310
chair 0.0223 432 242 481 274
chair 0.0188 371 255 387 285
chair 0.0184 276 274 289 300
chair 0.0184 151 340 204 371
chair 0.0181 333 281 361 329
chair 0.0172 455 241 478 259
chair 0.0170 350 247 368 271
chair 0.0167 351 240 367 260
chair 0.0164 103 349 174 376
chair 0.0163 370 248 389 271
chair 0.0158 202 295 236 371
chair 0.0156 369 240 390 257
chair 0.0156 364 260 416 308
chair 0.0150 293 261 310 276
chair 0.0145 252 264 277 314
chair 0.0141 263 267 286 312
chair 0.0135 437 247 453 271
chair 0.0134 470 246 483 269
chair 0.0133 298 275 322 325
chair 0.0132 277 265 290 291
chair 0.0132 349 244 389 278
chair 0.0127 149 317 163 338
chair 0.0126 432 242 458 279
chair 0.0122 360 249 381 270
chair 0.0119 397 241 418 295
chair 0.0116 246 306 263 329
chair 0.0113 284 261 299 277
chair 0.0109 444 236 488 264
chair 0.0108 144 332 172 377
chair 0.0107 267 275 282 298
chair 0.0106 312 292 353 338
chair 0.0103 318 261 362 298
chair 0.0101 149 323 165 345
chair 0.0101 346 260 371 310
chair 0.0101 170 335 222 377
chair 0.0101 275 282 288 311
chair 0.0100 344 242 360 260
chair 0.0098 243 301 265 338
chair 0.0096 430 247 445 272
chair 0.0096 183 286 223 368
chair 0.0095 362 242 418 295
chair 0.0094 220 332 250 374
chair 0.0092 445 241 467 258
chair 0.0090 207 276 222 299
chair 0.0088 163 315 192 357
chair 0.0086 446 248 466 267
chair 0.0085 429 255 446 282
chair 0.0083 285 265 299 287
chair 0.0082 214 315 234 373
chair 0.0081 456 248 477 266
chair 0.0080 409 255 448 295
chair 0.0079 473 312 499 357
chair 0.0079 320 260 342 275
chair 0.0078 266 304 283 330
chair 0.0078 197 319 219 371
chair 0.0076 437 240 455 260
chair 0.0074 370 234 390 248
chair 0.0073 310 266 333 313
chair 0.0073 184 306 210 344
chair 0.0073 343 255 361 281
chair 0.0071 208 286 224 308
chair 0.0070 255 305 272 329
chair 0.0068 255 268 289 344
chair 0.0066 388 352 485 374
chair 0.0065 362 263 378 295
chair 0.0064 360 240 381 257
chair 0.0064 273 260 294 300
cow 0.0191 432 235 481 265
cow 0.0052 424 245 449 291
cow 0.0047 442 242 489 272
cow 0.0030 333 164 346 179
cow 0.0019 455 241 478 259
cow 0.0018 417 240 441 298
cow 0.0017 284 261 299 277
cow 0.0012 445 241 467 258
cow 0.0011 407 137 422 155
cow 0.0011 423 241 470 279
diningtable 0.0995 139 323 226 370
diningtable 0.0626 277 275 356 339
diningtable 0.0596 324 328 503 375
diningtable 0.0539 323 272 358 340
diningtable 0.0332 218 313 262 372
diningtable 0.0291 287 272 322 341
diningtable 0.0282 180 318 264 373
diningtable 0.0254 348 250 390 289
diningtable 0.0245 99 316 176 374
diningtable 0.0213 155 296 243 370
diningtable 0.0134 370 239 454 302
diningtable 0.0124 365 250 417 302
diningtable 0.0120 362 309 506 362
diningtable 0.0117 432 235 481 265
diningtable 0.0098 338 256 382 300
diningtable 0.0082 442 242 489 272
diningtable 0.0081 266 280 325 333
diningtable 0.0077 301 267 371 328
diningtable 0.0073 166 350 207 376
diningtable 0.0067 202 295 236 371
diningtable 0.0067 414 241 488 299
diningtable 0.0067 413 236 449 300
diningtable 0.0056 310 276 355 322
diningtable 0.0054 103 349 174 376
diningtable 0.0049 408 239 428 299
diningtable 0.0043 367 248 389 293
diningtable 0.0041 359 242 398 279
diningtable 0.0040 319 269 362 310
diningtable 0.0039 175 306 217 345
diningtable 0.0039 183 286 223 368
diningtable 0.0034 424 245 449 291
diningtable 0.0033 423 241 470 279
diningtable 0.0032 151 340 204 371
diningtable 0.0032 263 281 286 334
diningtable 0.0031 154 315 199 357
diningtable 0.0029 189 142 282 211
diningtable 0.0027 299 282 346 335
diningtable 0.0026 390 231 473 288
diningtable 0.0026 202 331 250 375
diningtable 0.0022 271 269 291 328
diningtable 0.0021 255 268 289 344
diningtable 0.0021 331 260 367 326
diningtable 0.0021 253 297 293 333
diningtable 0.0018 391 233 426 301
diningtable 0.0017 391 341 482 368
diningtable 0.0017 126 332 172 376
diningtable 0.0017 25 324 153 374
diningtable 0.0016 388 352 485 374
diningtable 0.0016 455 241 478 259
diningtable 0.0016 183 331 231 376
diningtable 0.0015 176 287 215 328
diningtable 0.0015 254 280 276 334
diningtable 0.0015 297 266 346 312
diningtable 0.0014 396 243 441 295
diningtable 0.0013 277 265 290 291
diningtable 0.0013 210 304 261 351
diningtable 0.0013 189 315 205 338
diningtable 0.0012 332 250 370 289
diningtable 0.0012 142 350 193 375
diningtable 0.0012 293 261 310 276
diningtable 0.0012 308 263 353 296
diningtable 0.0012 262 286 304 329
diningtable 0.0012 246 259 280 355
diningtable 0.0011 252 264 277 314
diningtable 0.0010 430 247 445 272
diningtable 0.0010 271 293 294 339
diningtable 0.0010 212 306 301 365
diningtable 0.0010 208 286 224 308
diningtable 0.0010 222 270 261 362
diningtable 0.0010 369 240 390 257
diningtable 0.0010 276 274 289 300
diningtable 0.0010 421 226 473 258
diningtable 0.0010 441 308 491 345
diningtable 0.0010 455 303 499 368
diningtable 0.0010 337 256 410 316
dog 0.1619 424 245 449 291
dog 0.0430 319 281 361 330
dog 0.0395 432 242 481 274
dog 0.0374 417 240 441 298
dog 0.0103 94 310 162 376
dog 0.0101 337 264 361 313
dog 0.0094 271 281 293 335
dog 0.0082 444 236 488 264
dog 0.0082 367 248 389 293
dog 0.0066 357 251 382 290
dog 0.0054 333 164 346 179
dog 0.0051 408 239 428 299
dog 0.0042 263 270 286 327
dog 0.0042 103 335 174 374
dog 0.0042 407 137 422 155
dog 0.0041 347 250 373 290
dog 0.0031 362 242 418 295
dog 0.0027 432 242 458 279
dog 0.0026 409 255 448 295
dog 0.0026 397 241 418 295
dog 0.0025 383 251 412 304
dog 0.0025 287 272 322 341
dog 0.0021 181 284 209 329
dog 0.0021 212 332 259 375
dog 0.0021 219 299 260 372
dog 0.0020 100 349 157 376
dog 0.0019 338 256 382 300
dog 0.0018 341 247 364 292
dog 0.0017 272 265 293 313
dog 0.0015 429 255 446 282
dog 0.0015 204 315 228 375
dog 0.0014 326 269 355 311
dog 0.0013 455 241 478 259
dog 0.0012 263 295 285 336
dog 0.0011 424 234 470 269
dog 0.0011 125 349 171 375
dog 0.0010 470 246 483 269
dog 0.0010 255 244 287 337
horse 0.0150 432 235 481 265
horse 0.0065 424 245 449 291
horse 0.0033 442 242 489 272
horse 0.0031 407 226 428 293
horse 0.0031 413 236 449 300
horse 0.0026 94 310 162 376
horse 0.0021 475 192 497 270
horse 0.0021 284 261 299 277
horse 0.0015 397 241 418 295
horse 0.0014 333 164 346 179
horse 0.0013 423 241 470 279
horse 0.0012 287 272 322 341
horse 0.0011 383 242 430 294
horse 0.0011 455 241 478 259
motorbike 0.0030 287 272 322 341
motorbike 0.0013 413 236 449 300
motorbike 0.0013 475 192 497 270
motorbike 0.0012 284 261 299 277
motorbike 0.0011 444 236 488 264
motorbike 0.0010 382 235 414 301
person 0.9034 92 300 148 375
person 0.6875 246 238 284 337
person 0.3908 382 235 414 301
person 0.3163 474 190 501 271
person 0.2973 181 277 209 322
person 0.2488 181 279 221 356
person 0.2322 287 272 322 341
person 0.2119 205 300 228 354
person 0.1629 390 228 408 250
person 0.1469 99 316 176 374
person 0.1408 392 227 427 292
person 0.1097 413 226 448 290
person 0.0998 424 245 449 291
person 0.0815 385 229 412 274
person 0.0809 405 227 430 275
person 0.0766 284 261 299 277
person 0.0766 399 227 415 250
person 0.0636 182 292 193 321
person 0.0618 219 299 260 372
person 0.0539 180 281 197 331
person 0.0477 181 294 210 337
person 0.0460 213 296 232 358
person 0.0449 272 265 293 313
person 0.0428 285 265 299 287
person 0.0427 162 289 210 369
person 0.0394 418 229 434 248
person 0.0368 395 226 419 273
person 0.0346 209 296 225 318
person 0.0333 417 240 441 298
person 0.0327 293 261 310 276
person 0.0298 408 228 426 248
person 0.0297 288 267 316 313
person 0.0294 486 198 500 280
person 0.0283 277 265 290 291
person 0.0270 262 243 285 297
person 0.0255 195 306 221 348
person 0.0239 432 235 481 265
person 0.0236 387 224 428 257
person 0.0235 383 231 399 248
person 0.0234 398 223 417 241
person 0.0227 252 254 277 306
person 0.0227 267 239 281 259
person 0.0226 204 292 229 327
person 0.0226 397 241 418 295
person 0.0208 408 239 428 299
person 0.0192 149 317 163 338
person 0.0189 304 262 318 275
person 0.0187 415 228 438 275
person 0.0181 276 259 292 279
person 0.0169 293 267 310 285
person 0.0163 181 274 195 299
person 0.0155 207 276 222 299
person 0.0151 263 270 286 327
person 0.0149 149 323 165 345
person 0.0143 144 321 171 372
person 0.0133 392 225 407 242
person 0.0133 187 271 205 287
person 0.0133 177 273 199 307
person 0.0123 208 286 224 308
person 0.0121 255 268 289 344
person 0.0117 200 278 235 356
person 0.0117 281 261 304 296
person 0.0110 267 245 281 269
person 0.0106 216 297 230 317
person 0.0106 187 294 204 318
person 0.0105 187 274 204 298
person 0.0105 432 242 458 279
person 0.0102 180 273 197 287
person 0.0102 276 274 289 300
person 0.0099 182 303 193 327
person 0.0092 304 252 318 269
person 0.0090 199 286 215 308
person 0.0089 204 281 227 316
person 0.0087 272 253 296 287
person 0.0086 470 246 483 269
person 0.0083 304 267 319 287
person 0.0082 408 222 426 240
person 0.0081 209 303 224 329
person 0.0079 138 318 163 354
person 0.0077 430 247 445 272
person 0.0076 199 276 214 298
person 0.0076 183 289 228 328
person 0.0076 274 250 290 269
person 0.0076 222 250 265 333
person 0.0073 382 237 397 257
person 0.0070 194 280 219 318
person 0.0070 452 200 496 264
person 0.0069 199 295 215 317
person 0.0066 333 164 346 179
person 0.0064 468 239 483 262
person 0.0063 201 313 239 373
person 0.0063 370 230 449 291
person 0.0063 420 223 436 241
person 0.0061 425 234 449 270
person 0.0061 178 303 199 347
person 0.0060 187 284 204 311
person 0.0059 437 240 455 260
person 0.0058 322 264 357 332
person 0.0056 142 316 159 337
person 0.0054 96 299 126 355
pottedplant 0.0090 293 261 310 276
pottedplant 0.0063 284 261 299 277
pottedplant 0.0059 370 234 390 248
pottedplant 0.0053 207 276 222 299
pottedplant 0.0035 369 240 390 257
pottedplant 0.0027 208 286 224 308
pottedplant 0.0026 304 252 318 269
pottedplant 0.0026 274 250 290 269
pottedplant 0.0025 320 260 342 275
pottedplant 0.0024 304 262 318 275
pottedplant 0.0024 293 255 312 268
pottedplant 0.0022 276 259 292 279
pottedplant 0.0021 344 242 360 260
pottedplant 0.0021 351 240 367 260
pottedplant 0.0020 252 254 277 306
pottedplant 0.0020 424 245 449 291
pottedplant 0.0019 267 239 281 259
pottedplant 0.0016 283 254 300 269
pottedplant 0.0016 204 281 227 316
pottedplant 0.0016 312 261 331 274
pottedplant 0.0014 227 277 242 298
pottedplant 0.0012 149 317 163 338
pottedplant 0.0012 181 294 210 337
pottedplant 0.0012 273 260 294 300
pottedplant 0.0012 217 288 232 307
pottedplant 0.0011 284 262 320 335
pottedplant 0.0010 182 303 193 327
pottedplant 0.0010 366 241 393 280
sheep 0.0101 407 137 422 155
sheep 0.0054 333 164 346 179
sheep 0.0045 432 235 481 265
sheep 0.0025 424 245 449 291
sheep 0.0019 442 242 489 272
sheep 0.0011 455 241 478 259
sofa 0.0564 94 310 162 376
sofa 0.0440 324 328 503 375
sofa 0.0381 189 142 282 211
sofa 0.0168 432 235 481 265
sofa 0.0139 166 350 207 376
sofa 0.0132 141 298 226 370
sofa 0.0113 455 303 499 368
sofa 0.0100 104 325 220 374
sofa 0.0094 219 299 260 372
sofa 0.0087 390 231 473 288
sofa 0.0070 283 285 322 333
sofa 0.0067 175 303 265 371
sofa 0.0061 348 250 390 289
sofa 0.0060 276 268 356 332
sofa 0.0052 442 242 489 272
sofa 0.0049 144 317 192 356
sofa 0.0043 319 274 361 322
sofa 0.0039 370 239 454 302
sofa 0.0035 403 307 497 363
sofa 0.0033 154 322 247 370
sofa 0.0033 414 241 488 299
sofa 0.0029 151 340 204 371
sofa 0.0028 359 242 398 279
sofa 0.0027 421 226 473 258
sofa 0.0026 350 236 389 267
sofa 0.0025 412 211 489 267
sofa 0.0025 309 268 355 310
sofa 0.0024 414 218 478 248
sofa 0.0022 308 245 354 274
sofa 0.0021 293 261 310 276
sofa 0.0020 103 349 174 376
sofa 0.0017 175 306 217 345
sofa 0.0015 388 352 485 374
sofa 0.0015 307 255 354 282
sofa 0.0014 391 341 482 368
sofa 0.0013 362 242 418 295
sofa 0.0013 318 261 362 298
sofa 0.0013 299 264 344 295
sofa 0.0011 413 236 449 300
sofa 0.0011 441 308 491 345
sofa 0.0011 221 142 269 183
sofa 0.0010 228 152 281 193
sofa 0.0010 411 209 481 236
tvmonitor 0.0218 324 328 503 375
tvmonitor 0.0085 293 261 310 276
tvmonitor 0.0056 369 240 390 257
tvmonitor 0.0049 207 276 222 299
tvmonitor 0.0040 252 254 277 306
tvmonitor 0.0035 455 308 496 345
tvmonitor 0.0029 388 352 485 374
tvmonitor 0.0026 414 218 478 248
tvmonitor 0.0026 370 234 390 248
tvmonitor 0.0026 231 266 256 309
tvmonitor 0.0026 208 286 224 308
tvmonitor 0.0023 415 330 478 360
tvmonitor 0.0021 344 242 360 260
tvmonitor 0.0019 391 341 482 368
tvmonitor 0.0018 277 265 290 291
tvmonitor 0.0018 284 261 299 277
tvmonitor 0.0018 276 259 292 279
tvmonitor 0.0017 351 240 367 260
tvmonitor 0.0016 227 277 242 298
tvmonitor 0.0015 154 315 199 357
tvmonitor 0.0013 473 312 499 357
tvmonitor 0.0013 286 274 318 325
tvmonitor 0.0012 428 227 484 257
tvmonitor 0.0011 209 296 225 318
tvmonitor 0.0010 274 250 290 269
