boat 0.0011 338 254 432 456
boat 0.0010 6 254 89 379
bottle 0.0071 351 208 377 262
bottle 0.0021 8 270 17 299
bottle 0.0015 344 212 369 274
bottle 0.0015 11 272 27 294
bottle 0.0014 12 264 26 286
bottle 0.0011 337 218 361 270
chair 0.1083 340 248 431 431
chair 0.0102 346 248 428 338
chair 0.0010 367 261 428 371
diningtable 0.0062 335 281 430 460
person 0.0828 21 262 81 365
person 0.0139 16 270 42 336
person 0.0076 45 269 72 336
person 0.0044 26 270 50 336
person 0.0032 9 267 31 339
person 0.0030 38 267 61 335
person 0.0017 338 254 432 456
person 0.0017 3 270 17 354
person 0.0014 57 267 77 337
pottedplant 0.2914 97 245 328 465
pottedplant 0.2002 43 212 140 264
pottedplant 0.0682 123 27 304 469
pottedplant 0.0527 338 254 432 456
pottedplant 0.0302 183 335 262 453
pottedplant 0.0229 346 208 372 263
pottedplant 0.0228 45 215 92 256
pottedplant 0.0113 233 268 331 410
pottedplant 0.0042 8 229 130 369
pottedplant 0.0040 90 258 203 412
pottedplant 0.0036 104 206 148 245
pottedplant 0.0032 337 218 361 270
pottedplant 0.0031 178 206 276 468
pottedplant 0.0028 113 213 140 255
pottedplant 0.0027 71 212 124 257
pottedplant 0.0026 116 338 315 458
pottedplant 0.0015 223 337 263 454
pottedplant 0.0013 259 208 280 261
pottedplant 0.0011 1 16 354 479
pottedplant 0.0011 295 249 319 264
pottedplant 0.0011 326 213 370 260
pottedplant 0.0010 367 261 428 371
sofa 0.0883 338 254 432 456
tvmonitor 0.6917 6 254 89 379
tvmonitor 0.1462 24 263 79 346
tvmonitor 0.0081 338 254 432 456
tvmonitor 0.0028 15 257 122 337
tvmonitor 0.0010 4 263 19 343
