bicycle 0.0037 103 105 210 205
bicycle 0.0028 118 75 160 109
bicycle 0.0023 252 106 334 192
bicycle 0.0017 303 104 378 194
bicycle 0.0013 0 40 13 105
bicycle 0.0012 233 90 257 108
bicycle 0.0011 490 58 498 88
bicycle 0.0011 265 91 281 108
bus 0.0096 29 7 219 93
bus 0.0094 257 26 376 94
bus 0.0032 247 11 475 104
bus 0.0020 489 18 499 94
bus 0.0015 46 2 163 76
bus 0.0014 250 63 299 106
bus 0.0010 255 47 335 109
car 0.4273 4 1 183 95
car 0.0487 148 39 205 73
car 0.0431 386 103 466 195
car 0.0410 253 85 333 189
car 0.0355 303 104 378 194
car 0.0310 260 61 307 107
car 0.0250 233 90 257 108
car 0.0247 -1 7 27 105
car 0.0230 191 76 240 107
car 0.0200 306 71 379 167
car 0.0157 0 40 13 105
car 0.0139 114 83 205 190
car 0.0138 490 49 498 80
car 0.0126 202 71 249 99
car 0.0119 390 47 469 155
car 0.0114 210 75 261 109
car 0.0107 -1 -6 45 94
car 0.0094 264 84 282 105
car 0.0083 216 71 236 83
car 0.0081 1 15 92 100
car 0.0056 454 54 494 88
car 0.0054 138 69 213 166
car 0.0050 260 68 330 137
car 0.0047 215 73 237 92
car 0.0047 114 38 163 70
car 0.0046 195 82 216 102
car 0.0044 123 43 205 105
car 0.0043 489 18 499 94
car 0.0041 125 75 172 110
car 0.0040 2 37 48 108
car 0.0038 491 37 499 73
car 0.0035 71 4 167 74
car 0.0030 231 76 276 108
car 0.0026 80 11 251 96
car 0.0026 397 37 473 92
car 0.0024 76 29 207 86
car 0.0024 102 122 196 210
car 0.0023 173 76 220 111
car 0.0021 0 37 7 70
car 0.0021 90 38 149 71
car 0.0020 476 50 500 93
car 0.0020 203 74 230 90
car 0.0019 0 20 10 91
car 0.0019 144 36 191 61
car 0.0018 145 34 185 91
car 0.0017 261 76 286 107
car 0.0017 104 43 156 85
car 0.0017 156 31 217 63
car 0.0016 251 57 296 94
car 0.0016 318 46 365 81
car 0.0016 128 91 146 109
car 0.0016 205 70 228 81
car 0.0016 214 74 239 107
car 0.0016 194 42 255 66
car 0.0015 255 47 335 109
car 0.0015 123 92 138 108
car 0.0015 136 49 261 106
car 0.0015 8 60 60 104
car 0.0015 199 43 215 60
car 0.0014 241 64 288 103
car 0.0014 243 92 262 107
car 0.0014 155 38 177 54
car 0.0014 257 26 376 94
car 0.0013 256 91 273 107
car 0.0013 490 66 499 97
car 0.0012 58 12 208 149
car 0.0012 2 33 44 74
car 0.0011 443 44 487 83
car 0.0011 -2 11 25 63
car 0.0011 267 73 363 158
car 0.0011 224 74 249 109
car 0.0011 204 82 228 101
car 0.0011 127 43 151 63
car 0.0010 0 65 9 99
car 0.0010 226 74 244 94
car 0.0010 226 68 243 84
car 0.0010 489 42 499 120
motorbike 0.9733 389 76 467 196
motorbike 0.9047 305 78 380 193
motorbike 0.7531 256 76 332 192
motorbike 0.6926 104 105 195 207
motorbike 0.0282 145 65 211 200
motorbike 0.0100 296 78 335 188
motorbike 0.0054 0 40 13 105
motorbike 0.0045 232 76 257 108
motorbike 0.0038 125 75 172 110
motorbike 0.0036 2 37 48 108
motorbike 0.0032 -1 7 27 105
motorbike 0.0030 117 79 175 196
motorbike 0.0025 8 60 60 104
motorbike 0.0024 271 88 446 184
motorbike 0.0017 260 61 307 107
motorbike 0.0011 490 49 498 80
motorbike 0.0010 396 41 470 114
motorbike 0.0010 265 91 281 108
motorbike 0.0010 123 92 138 108
person 0.9037 394 43 467 189
person 0.8152 323 60 378 172
person 0.7655 270 63 320 172
person 0.7363 119 67 206 202
person 0.2119 150 40 181 86
person 0.1983 139 58 190 185
person 0.1712 445 41 471 89
person 0.0949 433 38 470 113
person 0.0740 396 41 470 114
person 0.0647 453 38 473 76
person 0.0408 0 40 13 105
person 0.0291 312 30 331 78
person 0.0280 457 48 471 79
person 0.0250 0 12 46 105
person 0.0243 61 29 82 63
person 0.0183 296 78 335 188
person 0.0158 0 31 22 99
person 0.0151 12 30 34 98
person 0.0124 490 49 498 80
person 0.0108 267 64 318 104
person 0.0091 235 82 254 106
person 0.0087 425 32 449 78
person 0.0084 -1 -7 26 95
person 0.0080 152 54 204 146
person 0.0073 148 39 205 73
person 0.0065 155 43 177 65
person 0.0058 111 103 179 202
person 0.0056 -1 10 10 80
person 0.0054 8 60 60 104
person 0.0051 154 100 207 204
person 0.0049 489 18 499 94
person 0.0048 436 35 456 52
person 0.0045 -2 11 25 63
person 0.0045 454 53 474 109
person 0.0045 264 84 282 105
person 0.0040 309 47 333 94
person 0.0040 491 37 499 73
person 0.0039 435 34 461 77
person 0.0039 123 92 138 108
person 0.0037 128 82 146 105
person 0.0036 306 104 373 192
person 0.0035 18 46 48 101
person 0.0034 313 40 329 68
person 0.0034 310 67 373 137
person 0.0034 426 50 466 176
person 0.0033 155 38 177 54
person 0.0033 0 37 7 70
person 0.0032 287 65 316 119
person 0.0032 447 38 467 55
person 0.0030 455 38 473 57
person 0.0030 429 33 447 51
person 0.0028 141 44 216 107
person 0.0026 268 56 296 94
person 0.0026 448 50 466 77
person 0.0026 68 25 89 64
person 0.0024 231 64 256 105
person 0.0023 0 43 9 81
person 0.0023 226 74 244 94
person 0.0022 123 75 150 109
person 0.0022 291 65 311 83
person 0.0022 226 68 243 84
person 0.0022 448 41 466 66
person 0.0022 0 15 22 169
person 0.0022 198 37 215 56
person 0.0021 446 37 488 113
person 0.0020 391 65 421 101
person 0.0020 155 50 176 74
person 0.0020 282 64 302 82
person 0.0019 256 82 272 105
person 0.0018 279 66 306 116
person 0.0018 392 49 444 152
person 0.0018 416 44 442 88
person 0.0015 262 63 288 107
person 0.0015 409 35 458 95
person 0.0015 224 74 249 109
person 0.0014 216 71 236 83
person 0.0014 477 30 499 80
person 0.0013 293 63 330 142
person 0.0013 120 64 172 179
person 0.0013 242 62 266 104
person 0.0012 215 73 237 92
person 0.0012 271 62 294 83
person 0.0012 489 42 499 120
person 0.0012 253 85 333 189
person 0.0012 267 71 295 109
person 0.0011 195 82 216 102
person 0.0011 427 32 466 62
person 0.0011 227 80 245 104
person 0.0010 278 58 305 93
person 0.0010 253 63 277 104
person 0.0010 214 74 239 107
