bottle 0.0089 488 150 499 229
bottle 0.0029 284 185 297 214
bottle 0.0025 343 166 358 212
bottle 0.0021 460 185 473 214
bottle 0.0020 334 162 349 180
bottle 0.0019 345 189 357 210
bottle 0.0019 406 173 428 228
bottle 0.0018 344 162 357 183
bottle 0.0017 278 186 289 215
bottle 0.0017 477 177 497 222
bottle 0.0017 346 173 356 207
bottle 0.0016 323 189 341 207
bottle 0.0016 221 208 268 252
bottle 0.0014 491 152 500 190
bottle 0.0012 330 160 355 202
bottle 0.0010 490 168 499 268
bottle 0.0010 401 167 419 233
car 0.0020 277 170 353 231
chair 0.0914 138 194 159 265
chair 0.0785 144 166 208 323
chair 0.0556 133 181 163 284
chair 0.0308 133 195 150 262
chair 0.0231 346 311 435 337
chair 0.0087 146 193 165 264
chair 0.0080 -1 248 23 338
chair 0.0075 279 289 427 337
chair 0.0025 142 213 191 322
chair 0.0020 147 145 189 292
chair 0.0015 279 248 393 337
chair 0.0014 149 204 162 233
chair 0.0014 351 131 413 326
chair 0.0013 -1 265 13 346
chair 0.0012 135 197 147 222
chair 0.0012 269 312 355 336
diningtable 0.0054 135 165 201 325
diningtable 0.0052 133 181 163 284
diningtable 0.0028 197 227 389 334
diningtable 0.0024 138 194 159 265
diningtable 0.0011 346 311 435 337
diningtable 0.0010 133 187 151 252
dog 0.0035 145 156 191 308
horse 0.0027 144 166 208 323
person 0.9823 149 146 204 321
person 0.9664 358 122 417 313
person 0.0083 350 128 407 224
person 0.0040 132 159 163 273
person 0.0037 146 149 185 246
person 0.0021 372 127 442 332
person 0.0015 488 150 499 229
pottedplant 0.0031 138 194 159 265
sofa 0.0176 144 166 208 323
sofa 0.0027 346 311 435 337
sofa 0.0017 241 227 408 334
tvmonitor 0.0038 285 180 338 216
tvmonitor 0.0019 277 170 353 231
tvmonitor 0.0016 292 172 350 210
tvmonitor 0.0014 346 311 435 337
