bicycle 0.0010 171 225 263 361
bottle 0.0058 217 222 237 292
bottle 0.0012 222 233 244 300
bottle 0.0010 221 159 271 204
chair 0.7629 78 -6 217 119
chair 0.3188 173 244 261 368
chair 0.0799 188 -5 453 350
chair 0.0354 165 171 316 359
chair 0.0143 -12 -31 217 117
chair 0.0121 217 0 256 114
chair 0.0102 155 -8 345 313
chair 0.0081 -5 -76 101 126
chair 0.0078 -1 142 86 426
chair 0.0041 211 237 262 347
chair 0.0036 188 157 398 289
chair 0.0036 73 291 166 366
chair 0.0034 412 -1 449 75
chair 0.0032 198 234 246 322
chair 0.0031 198 1 248 96
chair 0.0030 416 -2 499 75
chair 0.0024 234 256 287 364
chair 0.0024 412 -19 501 149
chair 0.0019 165 289 246 366
chair 0.0018 175 119 324 263
chair 0.0015 168 169 241 339
chair 0.0011 0 288 88 372
chair 0.0011 183 289 290 369
chair 0.0011 164 0 340 139
chair 0.0011 161 -1 242 127
chair 0.0010 170 232 231 322
diningtable 0.1241 78 -6 217 119
diningtable 0.0364 -12 -31 217 117
diningtable 0.0133 173 244 261 368
diningtable 0.0041 161 -8 432 250
diningtable 0.0010 322 324 457 367
dog 0.0073 171 158 317 292
person 0.9791 200 -13 447 325
person 0.5947 -1 113 92 390
person 0.2160 171 158 317 292
person 0.0515 155 -8 345 313
person 0.0342 11 122 162 376
person 0.0064 174 147 407 368
person 0.0038 161 133 274 334
person 0.0020 0 117 93 250
person 0.0016 208 156 438 292
person 0.0011 0 143 19 404
pottedplant 0.0013 173 230 308 370
sofa 0.0199 188 -5 453 350
sofa 0.0012 -1 142 86 426
sofa 0.0011 171 158 317 292
sofa 0.0010 75 -19 220 116
