bird 0.0021 400 65 431 104
car 0.4856 14 353 88 381
car 0.0477 0 351 11 374
car 0.0378 1 351 45 376
car 0.0341 0 354 26 375
car 0.0262 45 355 99 378
car 0.0126 67 359 95 375
car 0.0077 428 351 504 381
car 0.0059 452 346 498 369
car 0.0037 23 341 78 371
car 0.0033 145 336 186 373
car 0.0028 9 338 37 373
car 0.0027 79 357 101 374
car 0.0021 292 277 315 293
car 0.0020 -2 346 13 379
car 0.0019 299 279 323 294
car 0.0017 14 340 32 356
car 0.0014 14 344 33 366
car 0.0013 188 348 206 375
car 0.0013 475 348 497 364
car 0.0013 414 342 500 395
car 0.0012 3 345 25 368
car 0.0012 464 341 486 354
car 0.0011 56 357 90 373
car 0.0010 70 353 111 375
horse 0.0013 151 237 168 296
motorbike 0.0048 145 336 186 373
motorbike 0.0027 156 239 174 294
motorbike 0.0026 334 348 349 376
motorbike 0.0021 187 340 208 374
motorbike 0.0017 151 237 168 296
motorbike 0.0011 146 341 172 380
person 0.7124 145 333 175 377
person 0.6275 151 237 168 296
person 0.5954 187 340 208 374
person 0.2749 334 348 349 376
person 0.2273 156 228 173 293
person 0.0486 338 342 360 375
person 0.0405 142 333 162 375
person 0.0277 158 342 175 370
person 0.0249 348 339 368 373
person 0.0128 26 338 39 356
person 0.0108 196 340 210 373
person 0.0095 151 342 168 370
person 0.0090 329 351 340 375
person 0.0086 173 342 184 370
person 0.0062 34 338 48 356
person 0.0052 242 208 267 257
person 0.0049 121 353 132 376
person 0.0048 339 339 379 372
person 0.0038 330 348 369 375
person 0.0037 26 344 40 364
person 0.0036 113 352 127 377
person 0.0036 250 208 276 258
person 0.0035 265 204 283 259
person 0.0030 165 222 185 296
person 0.0028 144 237 161 298
person 0.0027 326 341 357 372
person 0.0027 157 331 174 363
person 0.0024 183 345 197 369
person 0.0021 14 340 32 356
person 0.0021 148 350 168 378
person 0.0017 0 351 11 374
person 0.0016 31 346 52 362
person 0.0015 111 336 129 375
person 0.0015 421 345 434 368
person 0.0014 152 237 167 262
person 0.0014 179 268 193 291
person 0.0013 159 249 172 288
person 0.0013 429 343 443 367
person 0.0011 0 232 10 306
person 0.0010 167 340 210 373
person 0.0010 153 257 165 297
sheep 0.0024 376 -92 495 134
