bus 0.0035 -1 166 24 274
bus 0.0019 -1 105 19 251
car 0.3822 0 176 105 264
car 0.2587 -1 166 24 274
car 0.1129 118 167 219 253
car 0.0446 38 170 226 263
car 0.0130 1 145 179 255
car 0.0119 -2 174 48 268
car 0.0053 53 197 150 265
car 0.0047 -1 185 8 296
car 0.0025 22 19 492 362
car 0.0022 -1 105 19 251
car 0.0020 -1 154 7 248
car 0.0016 129 122 286 254
car 0.0013 0 172 18 372
car 0.0010 152 176 242 244
chair 0.0057 154 115 488 383
person 0.9986 159 43 488 375
person 0.0070 441 120 499 356
person 0.0068 0 174 20 325
person 0.0044 366 54 498 382
person 0.0028 -1 129 22 271
person 0.0019 472 153 499 211
person 0.0018 -1 222 7 314
person 0.0014 478 28 500 210
person 0.0014 0 148 7 237
person 0.0013 180 38 295 238
person 0.0013 408 141 499 403
person 0.0013 453 282 498 376
person 0.0011 0 228 17 396
person 0.0011 478 111 499 320
sofa 0.0012 154 115 488 383
