aeroplane 0.9976 0 55 497 337
aeroplane 0.1624 311 221 492 307
aeroplane 0.0033 304 100 498 270
aeroplane 0.0033 394 218 500 299
aeroplane 0.0024 262 225 412 286
aeroplane 0.0014 212 221 458 315
aeroplane 0.0013 296 210 420 266
aeroplane 0.0013 448 232 502 262
bicycle 0.0018 292 266 309 291
bicycle 0.0013 276 265 312 291
car 0.0100 292 266 309 291
car 0.0077 284 269 305 291
car 0.0029 276 265 312 291
cow 0.0012 292 266 309 291
motorbike 0.0046 292 266 309 291
motorbike 0.0024 284 269 305 291
motorbike 0.0016 276 265 312 291
person 0.0073 292 266 309 291
person 0.0045 284 269 305 291
