bus 0.9985 92 136 301 392
bus 0.0038 74 247 96 282
bus 0.0019 297 222 332 301
bus 0.0015 234 188 307 366
bus 0.0011 274 220 307 338
bus 0.0010 295 207 370 280
car 0.6376 332 255 376 372
car 0.0428 325 263 367 303
car 0.0400 345 260 381 345
car 0.0187 74 247 96 282
car 0.0048 331 245 373 320
car 0.0043 324 256 346 294
car 0.0042 318 263 383 334
car 0.0024 292 244 375 383
car 0.0023 298 238 317 254
car 0.0014 327 271 350 309
car 0.0013 308 257 353 374
car 0.0012 341 264 369 318
motorbike 0.0012 334 286 375 378
person 0.1728 304 244 327 301
person 0.0607 234 225 261 263
person 0.0444 345 257 379 372
person 0.0210 298 238 320 296
person 0.0175 300 238 328 359
person 0.0058 235 222 282 267
person 0.0053 229 232 255 273
person 0.0051 238 225 259 247
person 0.0040 307 244 322 265
person 0.0030 317 249 333 296
person 0.0028 300 244 318 264
person 0.0028 319 250 331 278
person 0.0026 359 313 373 388
person 0.0023 308 249 324 277
person 0.0020 274 220 307 338
person 0.0017 293 237 308 307
person 0.0016 201 222 224 269
person 0.0013 74 247 96 282
person 0.0013 257 220 282 270
person 0.0011 233 231 252 258
