bicycle 0.0088 346 179 414 216
bicycle 0.0020 346 162 393 214
car 0.0037 366 171 414 213
car 0.0013 399 163 414 176
cow 0.1630 365 177 416 218
cow 0.0054 347 162 413 214
cow 0.0040 384 169 414 214
cow 0.0028 346 179 393 215
cow 0.0024 77 123 124 230
cow 0.0018 354 159 385 215
cow 0.0017 399 163 414 176
dog 0.0088 365 177 416 218
horse 0.9803 77 142 125 239
horse 0.9790 146 126 298 274
horse 0.0857 266 112 385 238
horse 0.0563 365 177 416 218
horse 0.0518 193 128 376 259
horse 0.0375 337 163 411 218
horse 0.0181 275 108 366 195
horse 0.0103 303 153 400 226
horse 0.0067 334 131 379 215
horse 0.0048 236 119 323 267
horse 0.0039 303 121 366 224
horse 0.0033 348 143 393 215
horse 0.0031 241 110 321 190
horse 0.0031 269 141 318 242
horse 0.0029 288 140 342 243
horse 0.0020 80 115 122 199
horse 0.0016 384 169 414 214
motorbike 0.0036 366 171 414 213
motorbike 0.0036 77 123 124 230
motorbike 0.0018 293 113 379 200
person 0.9805 208 70 255 203
person 0.9330 80 115 122 199
person 0.3320 279 106 318 179
person 0.1150 293 113 379 200
person 0.0331 334 131 379 215
person 0.0251 256 106 338 178
person 0.0203 348 143 393 215
person 0.0158 288 99 313 162
person 0.0158 368 150 385 190
person 0.0112 369 150 383 173
person 0.0106 96 114 109 131
person 0.0103 163 105 317 253
person 0.0087 96 117 122 184
person 0.0080 89 108 116 175
person 0.0062 366 171 414 213
person 0.0044 364 148 380 172
person 0.0031 186 190 204 262
person 0.0024 198 89 273 179
person 0.0024 360 143 384 181
person 0.0023 274 110 371 251
person 0.0023 80 118 105 169
person 0.0021 214 74 305 207
person 0.0019 348 142 376 199
person 0.0018 100 114 115 131
person 0.0014 305 135 398 215
person 0.0014 399 163 414 176
person 0.0013 70 143 118 235
person 0.0011 364 156 379 181
person 0.0010 272 120 318 224
sheep 0.0116 365 177 416 218
