bicycle 0.7495 214 243 291 370
bicycle 0.0151 199 163 294 378
bicycle 0.0089 189 241 220 292
bicycle 0.0021 188 230 208 288
chair 0.0078 339 151 447 395
chair 0.0068 212 212 292 367
chair 0.0064 449 115 496 244
chair 0.0017 401 294 498 375
chair 0.0016 335 235 479 379
chair 0.0014 393 147 467 397
dog 0.0023 189 241 220 292
motorbike 0.0183 212 212 292 367
motorbike 0.0047 191 229 220 288
motorbike 0.0011 187 242 208 291
person 0.9643 206 150 297 353
person 0.0052 191 229 220 288
person 0.0022 260 169 296 303
person 0.0021 179 162 265 342
person 0.0015 255 152 300 235
person 0.0012 81 218 98 301
