bicycle 0.0018 298 177 438 301
bottle 0.0310 371 158 385 184
bottle 0.0077 367 157 390 201
bottle 0.0030 359 149 383 195
bottle 0.0010 338 146 365 208
car 0.0015 360 111 467 166
chair 0.2864 298 177 438 301
chair 0.0948 299 138 377 288
chair 0.0299 294 149 337 278
chair 0.0158 307 131 482 291
chair 0.0140 368 155 461 304
chair 0.0071 368 209 422 297
chair 0.0066 323 202 385 298
chair 0.0024 388 150 440 268
chair 0.0013 77 125 140 286
chair 0.0012 370 151 424 268
chair 0.0012 487 87 499 178
chair 0.0012 346 204 405 298
diningtable 0.0752 298 177 438 301
diningtable 0.0128 307 131 482 291
diningtable 0.0044 372 148 460 240
diningtable 0.0042 307 137 396 292
diningtable 0.0012 366 172 493 312
diningtable 0.0011 297 169 380 266
diningtable 0.0011 286 135 355 288
diningtable 0.0010 308 215 481 319
person 0.9710 79 107 137 274
person 0.8865 119 110 174 278
person 0.3544 299 138 377 288
person 0.2189 292 133 444 288
person 0.1400 373 144 458 284
person 0.0856 295 126 337 261
person 0.0767 387 146 442 242
person 0.0593 300 131 371 215
person 0.0488 296 121 336 198
person 0.0242 335 140 365 199
person 0.0199 297 127 327 176
person 0.0185 100 111 141 245
person 0.0165 358 145 438 210
person 0.0102 328 141 357 181
person 0.0080 326 145 375 245
person 0.0076 370 151 424 268
person 0.0075 126 114 166 206
person 0.0072 391 144 467 213
person 0.0054 398 143 436 180
person 0.0045 368 135 459 189
person 0.0038 305 154 397 241
person 0.0030 346 143 371 197
person 0.0029 296 109 324 158
person 0.0026 307 175 482 309
person 0.0022 388 105 470 258
person 0.0021 294 113 314 171
person 0.0019 305 122 333 165
person 0.0015 371 158 385 184
person 0.0013 388 146 430 193
person 0.0012 406 119 494 313
person 0.0011 406 148 427 170
person 0.0010 3 140 41 286
pottedplant 0.0063 298 177 438 301
pottedplant 0.0021 301 7 448 171
pottedplant 0.0017 409 44 427 106
pottedplant 0.0012 487 87 499 178
sofa 0.0112 299 138 377 288
sofa 0.0094 292 133 444 288
sofa 0.0084 372 148 460 240
sofa 0.0023 307 175 482 309
tvmonitor 0.0280 5 132 42 212
tvmonitor 0.0072 428 101 469 177
tvmonitor 0.0064 301 7 448 171
tvmonitor 0.0034 393 108 472 170
tvmonitor 0.0027 457 96 494 213
tvmonitor 0.0017 477 76 499 202
tvmonitor 0.0015 487 85 500 163
tvmonitor 0.0015 3 140 41 286
tvmonitor 0.0014 482 74 500 350
tvmonitor 0.0013 298 95 444 252
