bird 0.8476 74 101 322 215
bird 0.4762 385 249 432 313
bird 0.1313 48 295 75 352
bird 0.0320 27 293 76 365
bird 0.0145 74 111 327 334
bird 0.0066 20 121 261 235
bird 0.0061 65 150 297 279
bird 0.0058 193 197 257 241
bird 0.0049 387 250 413 306
bird 0.0045 166 186 269 244
bird 0.0044 383 243 475 314
bird 0.0019 67 4 337 239
bird 0.0016 184 194 247 225
bird 0.0016 54 301 72 329
bird 0.0015 164 125 311 192
boat 0.0017 77 112 319 242
bottle 0.0057 57 104 314 213
bottle 0.0010 359 -6 435 137
cat 0.0071 57 104 314 213
cat 0.0028 27 293 76 365
cat 0.0013 385 249 432 313
dog 0.0010 77 112 319 242
person 0.0017 369 -8 448 140
person 0.0016 33 146 325 376
person 0.0011 77 112 319 242
pottedplant 0.0020 52 112 315 332
