bottle 0.0038 78 189 141 231
bottle 0.0011 239 148 287 179
chair 0.0053 449 165 500 201
chair 0.0048 144 145 245 239
chair 0.0043 0 161 28 275
chair 0.0034 258 131 349 223
chair 0.0021 31 176 146 249
chair 0.0018 488 146 502 220
chair 0.0017 379 149 451 207
chair 0.0016 -1 185 25 236
chair 0.0015 -2 194 45 270
chair 0.0012 23 116 146 247
chair 0.0011 237 156 286 225
diningtable 0.4058 -15 212 435 362
diningtable 0.0253 174 218 414 323
diningtable 0.0016 13 227 337 320
dog 0.0012 282 124 349 221
person 0.8080 23 116 146 247
person 0.7987 275 126 353 221
person 0.7593 138 111 239 239
person 0.5586 336 128 399 220
person 0.0199 286 124 430 225
person 0.0050 221 125 375 223
person 0.0031 342 126 380 165
person 0.0029 306 125 356 203
person 0.0025 0 161 28 275
person 0.0019 275 117 356 170
person 0.0016 31 176 146 249
person 0.0011 318 127 398 296
pottedplant 0.1618 239 214 406 321
pottedplant 0.0450 279 237 388 305
pottedplant 0.0210 252 254 380 318
pottedplant 0.0202 324 245 378 290
pottedplant 0.0180 253 67 275 121
pottedplant 0.0116 318 255 346 302
pottedplant 0.0081 309 63 337 108
pottedplant 0.0066 337 238 383 279
pottedplant 0.0044 379 149 451 207
pottedplant 0.0038 437 40 498 201
pottedplant 0.0037 239 148 287 179
pottedplant 0.0035 318 69 343 119
pottedplant 0.0029 252 219 352 299
pottedplant 0.0024 299 35 340 125
pottedplant 0.0015 244 53 265 117
pottedplant 0.0014 259 255 307 300
pottedplant 0.0014 395 169 441 213
pottedplant 0.0014 256 41 296 115
pottedplant 0.0013 237 144 288 221
pottedplant 0.0012 490 99 500 188
pottedplant 0.0010 492 139 500 169
sofa 0.0024 258 131 349 223
sofa 0.0011 0 161 28 275
