bird 0.0072 47 1 71 13
bird 0.0063 33 -5 75 20
bird 0.0025 1 -20 83 172
bird 0.0010 291 57 390 133
boat 0.1806 177 160 381 194
boat 0.1555 198 69 388 187
boat 0.0846 189 168 280 192
boat 0.0252 196 127 355 185
boat 0.0236 316 157 379 195
boat 0.0194 213 107 337 171
boat 0.0173 269 157 401 196
boat 0.0116 49 126 110 155
boat 0.0104 188 179 280 197
boat 0.0059 206 118 426 196
boat 0.0057 329 152 387 186
boat 0.0051 182 160 287 186
boat 0.0048 303 175 396 200
boat 0.0041 205 118 265 145
boat 0.0038 262 171 284 184
boat 0.0029 243 168 321 189
boat 0.0028 268 134 396 187
boat 0.0024 334 152 362 200
boat 0.0022 323 123 341 137
boat 0.0021 266 58 451 186
boat 0.0019 196 91 321 152
boat 0.0018 41 139 119 159
boat 0.0015 278 98 396 175
boat 0.0015 199 104 286 178
boat 0.0014 53 136 72 151
boat 0.0014 305 60 403 131
boat 0.0013 477 129 496 170
boat 0.0012 194 175 397 199
boat 0.0012 283 172 300 185
boat 0.0011 329 124 351 136
boat 0.0011 479 137 493 164
boat 0.0011 57 134 85 150
boat 0.0010 388 128 405 169
car 0.0030 272 115 313 155
person 0.1517 341 154 356 179
person 0.1014 338 152 350 174
person 0.0218 278 124 303 159
person 0.0206 273 123 294 161
person 0.0189 283 130 300 155
person 0.0174 277 128 291 157
person 0.0102 263 123 284 159
person 0.0099 259 122 306 161
person 0.0095 325 154 372 180
person 0.0089 334 152 362 200
person 0.0071 272 115 313 155
person 0.0044 296 129 311 155
person 0.0035 316 157 379 195
person 0.0031 291 123 315 160
person 0.0023 283 172 300 185
person 0.0016 261 128 272 152
person 0.0012 275 119 291 146
person 0.0012 262 171 284 184
person 0.0011 349 159 368 177
person 0.0010 263 165 283 180
person 0.0010 304 125 315 158
