bottle 0.0017 235 239 442 372
bottle 0.0010 255 187 269 212
car 0.0228 260 238 458 368
car 0.0041 286 226 412 280
car 0.0010 305 238 436 307
diningtable 0.0016 235 239 442 372
person 0.9667 88 125 325 351
person 0.6851 -7 76 278 376
person 0.3534 2 30 126 364
person 0.2548 274 184 352 259
person 0.1192 251 191 424 342
person 0.0438 251 183 347 325
person 0.0189 135 165 445 369
person 0.0148 234 191 328 268
person 0.0118 202 160 382 299
person 0.0044 7 122 486 394
person 0.0030 103 133 155 173
person 0.0030 235 239 442 372
person 0.0028 271 218 396 283
person 0.0024 118 134 308 262
person 0.0020 235 216 293 263
person 0.0020 248 183 303 259
person 0.0018 208 150 309 322
person 0.0015 246 178 265 221
person 0.0013 255 187 269 212
person 0.0010 249 89 461 372
tvmonitor 0.0213 235 239 442 372
