aeroplane 0.0040 453 272 498 304
aeroplane 0.0026 49 161 170 203
aeroplane 0.0015 87 163 150 183
aeroplane 0.0012 69 167 130 196
boat 0.2232 69 160 176 201
boat 0.0433 15 211 488 392
boat 0.0177 69 167 130 196
boat 0.0158 87 163 150 183
boat 0.0045 41 139 210 225
boat 0.0038 106 166 134 177
boat 0.0036 111 162 185 186
boat 0.0024 73 167 205 214
boat 0.0015 64 174 117 204
boat 0.0014 75 167 107 194
boat 0.0013 89 173 106 190
boat 0.0011 73 174 93 191
boat 0.0010 36 169 144 214
bus 0.0083 69 168 113 195
bus 0.0020 68 163 130 188
bus 0.0017 453 272 498 304
bus 0.0012 488 256 500 320
bus 0.0011 471 267 500 309
car 0.0699 453 272 498 304
car 0.0128 471 267 500 309
car 0.0051 456 280 477 295
car 0.0050 55 192 71 207
car 0.0030 490 273 499 303
car 0.0026 69 168 113 195
car 0.0020 455 273 477 288
car 0.0018 488 256 500 320
car 0.0016 53 188 70 201
car 0.0015 78 172 104 191
car 0.0013 492 281 500 311
car 0.0011 462 277 488 297
car 0.0011 438 270 492 294
car 0.0010 463 272 487 286
person 0.0076 89 173 106 190
person 0.0038 89 168 107 182
person 0.0032 329 298 354 316
person 0.0022 78 172 104 191
person 0.0018 318 297 365 318
person 0.0015 489 253 498 283
person 0.0014 490 273 499 303
person 0.0014 488 243 499 317
person 0.0014 73 174 93 191
person 0.0011 47 161 58 181
person 0.0010 492 281 500 311
train 0.0160 69 168 113 195
train 0.0065 50 167 165 213
train 0.0038 453 272 498 304
train 0.0028 76 165 142 197
train 0.0012 87 163 150 183
