bus 0.0014 85 257 101 273
car 0.0141 85 257 101 273
car 0.0036 75 261 92 282
car 0.0033 72 262 84 287
car 0.0013 99 251 108 275
car 0.0011 211 208 230 220
person 0.0103 72 262 84 287
person 0.0054 85 257 101 273
person 0.0034 75 261 92 282
person 0.0025 252 245 263 266
person 0.0024 99 251 108 275
person 0.0023 54 257 63 290
person 0.0014 69 141 88 162
person 0.0012 52 255 64 309
person 0.0010 65 143 101 219
pottedplant 0.0035 299 254 316 274
pottedplant 0.0012 294 254 320 289
train 0.9290 108 201 240 310
train 0.0011 85 257 101 273
