boat 0.0010 0 67 504 368
bottle 0.0065 452 114 498 155
bottle 0.0028 99 180 160 224
bottle 0.0023 488 121 500 146
bottle 0.0011 227 85 243 105
cat 0.0078 452 114 498 155
cat 0.0022 330 70 496 193
chair 0.0674 330 70 496 193
chair 0.0196 455 131 501 219
chair 0.0068 452 114 498 155
chair 0.0042 298 74 344 102
chair 0.0031 318 170 501 346
chair 0.0029 472 128 499 258
chair 0.0023 143 134 512 367
chair 0.0020 401 190 499 355
chair 0.0017 340 57 482 114
chair 0.0014 364 66 493 137
chair 0.0014 489 146 501 237
chair 0.0013 475 195 499 350
chair 0.0013 293 60 466 164
chair 0.0012 112 46 256 232
chair 0.0012 451 72 500 162
chair 0.0012 488 121 500 146
chair 0.0010 303 72 358 120
chair 0.0010 364 100 490 177
diningtable 0.0091 17 204 483 377
diningtable 0.0018 455 131 501 219
diningtable 0.0017 452 114 498 155
dog 0.0242 330 70 496 193
dog 0.0178 452 114 498 155
dog 0.0030 293 60 466 164
dog 0.0012 329 57 428 139
person 0.9366 332 56 494 174
person 0.9197 157 77 500 357
person 0.6389 112 46 256 232
person 0.2015 137 66 350 233
person 0.0513 305 58 411 136
person 0.0475 310 60 504 326
person 0.0315 328 56 454 117
person 0.0250 452 114 498 155
person 0.0133 331 59 382 140
person 0.0085 45 78 386 347
person 0.0077 177 100 390 267
person 0.0060 204 41 246 91
person 0.0051 153 35 251 120
person 0.0049 453 112 501 211
person 0.0042 202 75 453 208
person 0.0039 334 56 384 95
person 0.0025 352 177 501 341
person 0.0022 270 68 368 130
person 0.0022 148 64 434 163
person 0.0021 364 66 493 137
person 0.0019 469 128 499 225
person 0.0019 364 100 490 177
person 0.0017 326 71 431 158
person 0.0015 108 172 220 228
person 0.0013 322 236 500 366
person 0.0011 260 130 472 316
person 0.0011 348 115 503 252
sofa 0.0383 0 67 504 368
sofa 0.0099 330 70 496 193
sofa 0.0048 17 204 483 377
sofa 0.0029 455 131 501 219
sofa 0.0028 120 53 449 252
sofa 0.0015 293 60 466 164
sofa 0.0014 328 56 454 117
sofa 0.0012 226 69 507 332
sofa 0.0011 270 68 368 130
tvmonitor 0.0015 298 72 345 121
