bicycle 0.0017 0 237 13 302
bottle 0.0018 377 336 438 376
bus 0.0017 182 166 231 321
car 0.0059 0 228 13 292
car 0.0024 137 232 176 324
car 0.0023 0 242 10 275
chair 0.0017 231 206 274 329
person 0.9961 12 198 56 340
person 0.9945 230 179 274 324
person 0.9944 187 178 229 329
person 0.9896 101 193 143 346
person 0.0106 142 242 171 296
person 0.0094 0 251 12 323
person 0.0055 274 207 312 309
person 0.0036 137 232 176 324
person 0.0032 0 251 9 284
person 0.0031 235 243 271 328
person 0.0029 0 228 13 292
person 0.0029 385 292 474 376
person 0.0025 126 213 161 337
person 0.0024 1 215 28 329
person 0.0023 377 323 453 374
person 0.0015 -1 253 24 321
person 0.0012 220 189 290 287
person 0.0012 1 243 21 298
person 0.0011 227 181 240 300
person 0.0011 0 279 7 315
pottedplant 0.0042 451 291 495 372
pottedplant 0.0034 377 336 438 376
pottedplant 0.0033 292 190 454 346
pottedplant 0.0028 443 161 500 385
pottedplant 0.0027 479 199 500 384
pottedplant 0.0026 274 226 312 314
pottedplant 0.0025 476 283 500 376
pottedplant 0.0012 69 240 92 294
