car 0.9795 89 129 379 291
car 0.9358 101 115 157 135
car 0.0505 474 92 497 137
car 0.0419 90 114 135 135
car 0.0413 100 117 125 135
car 0.0107 186 135 328 184
car 0.0103 91 120 149 139
car 0.0103 124 112 172 135
car 0.0046 159 117 175 137
car 0.0042 106 122 135 137
car 0.0040 112 106 160 132
car 0.0036 151 115 167 133
car 0.0030 138 114 160 131
car 0.0026 102 123 123 136
car 0.0025 487 81 498 150
car 0.0020 95 103 144 134
car 0.0019 124 110 151 127
car 0.0016 489 97 498 132
car 0.0013 90 116 115 132
car 0.0012 115 110 142 127
person 0.0010 159 123 175 139
