boat 0.2793 39 50 120 85
boat 0.0351 106 57 133 115
boat 0.0171 33 65 109 85
boat 0.0053 34 45 107 74
boat 0.0046 103 63 153 109
boat 0.0033 21 50 81 83
boat 0.0031 97 58 143 95
boat 0.0016 81 52 139 82
boat 0.0010 69 61 130 90
boat 0.0010 45 43 161 89
bus 0.9995 142 0 498 289
bus 0.0059 296 -3 497 254
bus 0.0020 92 9 356 279
car 0.0020 0 135 25 283
car 0.0012 163 160 211 203
motorbike 0.0016 0 135 25 283
person 0.9978 28 124 73 272
person 0.9950 223 166 278 376
person 0.9939 151 171 222 372
person 0.9727 0 126 27 273
person 0.0437 5 125 42 271
person 0.0247 180 176 261 370
person 0.0149 181 160 209 201
person 0.0126 -1 116 10 210
person 0.0057 235 54 256 101
person 0.0055 206 180 236 335
person 0.0049 147 183 185 360
person 0.0035 -1 172 9 289
person 0.0031 240 55 267 101
person 0.0029 -1 118 7 265
person 0.0023 218 179 272 299
person 0.0022 132 154 204 330
person 0.0019 138 165 219 229
person 0.0019 195 71 219 120
person 0.0018 1 161 20 380
person 0.0017 157 164 207 267
person 0.0014 221 58 265 138
person 0.0013 164 108 192 139
person 0.0012 -7 -64 97 80
person 0.0011 185 168 205 191
person 0.0011 174 162 219 236
