bicycle 0.0011 487 127 499 217
cow 0.9135 136 132 218 232
cow 0.0282 424 144 468 182
cow 0.0281 411 131 494 191
cow 0.0108 244 124 281 196
cow 0.0024 488 141 498 219
cow 0.0013 471 119 499 201
cow 0.0013 390 144 482 201
cow 0.0011 433 141 501 203
dog 0.0032 138 129 217 233
dog 0.0021 424 144 468 182
dog 0.0013 411 131 494 191
horse 0.0104 137 140 217 236
horse 0.0059 424 144 468 182
horse 0.0020 411 131 494 191
horse 0.0011 252 127 278 179
horse 0.0010 487 127 499 217
sheep 0.0159 137 140 217 236
sheep 0.0103 424 144 468 182
sheep 0.0016 411 131 494 191
sheep 0.0014 488 141 498 219
