aeroplane 0.0014 -15 44 224 82
bird 0.2464 368 182 409 225
bird 0.0022 371 176 394 215
bird 0.0010 375 197 402 221
boat 0.5470 307 15 390 163
boat 0.4972 -15 44 224 82
boat 0.0837 -1 56 86 78
boat 0.0202 -2 48 67 72
boat 0.0140 9 231 413 310
boat 0.0079 400 66 494 86
boat 0.0077 0 53 47 77
boat 0.0072 -9 27 179 74
boat 0.0070 9 58 35 74
boat 0.0063 -1 16 10 78
boat 0.0056 -8 42 111 80
boat 0.0054 403 43 500 90
boat 0.0050 287 109 384 163
boat 0.0046 10 51 34 67
boat 0.0045 0 42 10 71
boat 0.0034 -2 34 47 64
boat 0.0029 0 30 8 64
boat 0.0026 22 32 41 46
boat 0.0024 391 52 480 84
boat 0.0023 91 41 267 79
boat 0.0023 0 52 9 79
boat 0.0021 0 37 31 78
boat 0.0018 238 249 393 305
boat 0.0012 0 15 24 62
boat 0.0012 10 271 201 312
boat 0.0011 2 48 28 67
car 0.0011 -15 44 224 82
person 0.7343 314 112 333 153
person 0.0284 318 111 338 144
person 0.0053 309 111 350 152
person 0.0015 314 128 329 154
person 0.0011 317 110 330 128
person 0.0010 315 116 343 163
train 0.0280 -15 44 224 82
train 0.0023 7 56 98 78
