aeroplane 0.0140 152 290 166 306
aeroplane 0.0016 228 261 241 279
bicycle 0.3520 29 144 100 199
bicycle 0.0378 15 153 70 189
bicycle 0.0193 152 290 166 306
bicycle 0.0078 18 164 85 195
bicycle 0.0037 56 159 107 202
bicycle 0.0019 27 134 78 187
bicycle 0.0018 152 295 168 312
bird 0.0195 152 290 166 306
bird 0.0012 219 198 233 224
bird 0.0011 152 295 168 312
boat 0.0326 201 195 246 312
boat 0.0093 152 290 166 306
boat 0.0032 0 304 10 369
boat 0.0028 207 269 224 308
boat 0.0010 193 189 276 317
bus 0.0014 0 310 9 380
car 0.0317 152 290 166 306
car 0.0134 0 310 9 380
car 0.0110 21 149 83 192
car 0.0022 0 315 8 354
car 0.0011 0 274 8 362
car 0.0010 152 295 168 312
cow 0.0415 152 290 166 306
cow 0.0047 31 148 91 193
cow 0.0013 18 164 85 195
cow 0.0013 152 295 168 312
cow 0.0012 42 158 100 201
dog 0.0282 152 290 166 306
dog 0.0095 31 148 91 193
dog 0.0017 42 158 100 201
horse 0.0154 152 290 166 306
horse 0.0077 21 149 83 192
horse 0.0011 42 147 101 196
motorbike 0.5463 29 144 100 199
motorbike 0.0309 152 290 166 306
motorbike 0.0285 15 153 70 189
motorbike 0.0150 32 128 76 191
motorbike 0.0025 18 164 85 195
motorbike 0.0013 0 310 9 380
motorbike 0.0010 55 150 108 197
person 0.4953 39 130 85 196
person 0.2430 37 126 68 180
person 0.0413 152 290 166 306
person 0.0239 17 141 70 184
person 0.0235 46 123 72 167
person 0.0149 0 304 10 369
person 0.0139 32 130 57 178
person 0.0047 22 144 50 182
person 0.0045 65 258 85 297
person 0.0040 209 273 222 304
person 0.0026 29 160 94 199
person 0.0023 0 315 8 354
person 0.0018 56 129 83 178
person 0.0016 28 150 58 190
person 0.0015 18 126 70 168
person 0.0014 25 153 44 175
person 0.0013 61 130 99 196
person 0.0012 33 152 51 175
person 0.0011 34 142 51 166
person 0.0011 52 125 69 145
person 0.0010 219 198 233 224
pottedplant 0.0011 152 290 166 306
sheep 0.0121 152 290 166 306
train 0.0015 152 290 166 306
train 0.0011 0 310 9 380
