aeroplane 0.0011 375 166 401 179
boat 0.9912 149 -5 344 227
boat 0.0902 375 166 401 179
boat 0.0242 273 198 348 222
boat 0.0138 367 163 409 182
boat 0.0067 260 211 361 227
boat 0.0040 278 205 308 218
boat 0.0039 233 183 293 221
boat 0.0030 277 212 308 223
boat 0.0020 318 205 342 217
boat 0.0018 162 195 393 228
boat 0.0017 252 199 316 221
boat 0.0015 218 196 290 224
boat 0.0015 437 -62 505 252
boat 0.0013 295 204 328 216
boat 0.0012 307 203 336 216
boat 0.0011 163 169 316 225
boat 0.0010 160 -3 251 250
boat 0.0010 335 215 366 224
