bicycle 0.0012 306 203 317 234
bottle 0.0040 379 208 398 271
bus 0.8172 201 133 282 220
bus 0.7224 0 137 142 335
bus 0.0242 475 117 499 237
bus 0.0086 183 130 301 252
bus 0.0082 478 132 498 195
bus 0.0079 201 187 284 248
bus 0.0060 323 104 496 259
bus 0.0035 477 183 498 240
bus 0.0032 142 208 182 276
bus 0.0030 162 142 245 211
bus 0.0028 278 157 317 235
bus 0.0020 258 138 305 220
bus 0.0019 293 158 335 230
bus 0.0017 486 179 500 264
bus 0.0013 229 147 284 246
bus 0.0012 236 161 318 235
bus 0.0010 258 183 299 244
car 0.7787 142 208 182 276
car 0.5863 178 207 225 267
car 0.0963 210 204 238 257
car 0.0781 478 132 498 195
car 0.0482 475 117 499 237
car 0.0414 477 183 498 240
car 0.0377 220 210 270 248
car 0.0360 163 208 204 272
car 0.0342 201 187 284 248
car 0.0203 141 210 160 270
car 0.0191 179 201 257 260
car 0.0141 145 205 173 257
car 0.0139 262 183 283 237
car 0.0113 157 197 178 209
car 0.0098 146 196 171 208
car 0.0097 485 174 499 251
car 0.0069 202 205 246 242
car 0.0066 134 211 168 287
car 0.0061 155 202 179 216
car 0.0060 203 212 228 265
car 0.0051 167 206 188 274
car 0.0050 252 185 277 236
car 0.0031 240 188 287 233
car 0.0029 202 137 283 283
car 0.0020 407 289 500 374
car 0.0019 167 206 223 242
car 0.0018 176 206 201 257
car 0.0016 221 209 246 249
car 0.0015 137 208 179 239
car 0.0015 144 200 188 225
car 0.0015 487 105 498 188
car 0.0014 296 189 311 238
car 0.0014 271 185 292 239
car 0.0013 306 203 317 234
car 0.0011 407 224 502 397
car 0.0011 298 195 309 229
car 0.0011 146 207 205 240
car 0.0011 479 153 500 312
car 0.0011 478 197 498 222
car 0.0010 486 130 500 216
car 0.0010 282 184 305 242
person 0.0152 315 198 327 229
person 0.0134 325 198 334 229
person 0.0118 306 197 317 229
person 0.0082 262 183 283 237
person 0.0032 379 208 398 271
person 0.0018 322 192 336 233
person 0.0016 298 195 309 229
person 0.0013 484 123 500 206
person 0.0013 296 189 311 238
person 0.0011 143 209 181 284
pottedplant 0.0218 379 208 398 271
pottedplant 0.0031 388 203 403 277
pottedplant 0.0012 371 206 389 273
train 0.0111 323 104 496 259
train 0.0026 201 133 282 220
train 0.0021 475 117 499 237
train 0.0011 478 132 498 195
