aeroplane 0.0037 68 167 113 198
aeroplane 0.0027 64 161 147 202
boat 0.0032 64 161 147 202
bus 0.0022 64 161 147 202
bus 0.0019 68 167 113 198
bus 0.0014 105 169 151 201
car 0.9027 106 174 151 201
car 0.4316 67 174 114 199
car 0.1477 87 174 136 200
car 0.0108 140 176 153 200
car 0.0063 131 174 150 200
car 0.0030 69 166 98 198
car 0.0029 100 181 154 209
car 0.0026 98 177 126 198
car 0.0015 0 173 9 205
car 0.0015 76 170 106 192
car 0.0012 64 161 147 202
car 0.0010 0 164 8 196
car 0.0010 88 176 115 197
person 0.0010 140 176 153 200
train 0.9947 180 111 478 221
train 0.0059 64 161 147 202
train 0.0036 447 103 499 176
train 0.0026 332 118 487 192
train 0.0019 69 85 107 193
train 0.0019 366 101 494 175
train 0.0012 72 142 441 237
train 0.0010 68 167 113 198
