cow 0.0017 113 153 159 243
horse 0.9990 53 175 297 423
horse 0.0114 122 126 273 395
horse 0.0044 118 146 198 309
horse 0.0042 51 211 177 422
horse 0.0039 136 198 223 406
horse 0.0017 163 222 299 409
horse 0.0016 113 153 159 243
person 0.9710 137 164 209 323
person 0.6685 188 120 247 292
person 0.0087 122 126 273 395
person 0.0073 100 148 184 336
person 0.0051 168 161 263 359
person 0.0046 131 250 154 312
person 0.0041 153 211 197 338
person 0.0026 166 157 209 290
person 0.0026 136 198 223 406
person 0.0023 153 120 236 297
person 0.0011 138 226 161 300
