car 0.9657 58 35 439 339
car 0.3419 328 104 471 253
car 0.0467 35 123 231 251
car 0.0333 328 110 433 209
car 0.0294 427 88 499 294
car 0.0240 165 59 397 231
car 0.0059 37 104 316 348
car 0.0035 241 104 419 247
car 0.0028 344 105 434 322
car 0.0025 474 109 499 284
car 0.0024 277 60 462 307
car 0.0020 342 107 398 139
car 0.0016 51 84 283 218
car 0.0016 303 147 442 294
car 0.0016 341 69 518 295
car 0.0015 32 106 181 215
car 0.0015 391 81 484 275
car 0.0014 346 101 395 127
car 0.0010 453 68 497 105
motorbike 0.0069 418 120 496 295
person 0.9919 418 71 496 286
person 0.0608 453 68 497 105
person 0.0466 471 66 500 174
person 0.0205 455 64 497 146
person 0.0146 477 79 499 276
person 0.0079 473 71 499 122
person 0.0064 484 67 500 127
person 0.0063 459 65 489 94
person 0.0048 449 74 500 203
person 0.0041 474 76 495 97
person 0.0020 423 69 481 171
person 0.0020 485 47 502 107
person 0.0020 490 62 499 167
person 0.0019 429 110 478 278
person 0.0017 464 74 486 94
person 0.0017 450 181 496 285
person 0.0015 486 74 500 99
person 0.0012 469 34 499 323
person 0.0011 457 69 479 86
person 0.0011 0 99 9 171
