bicycle 0.0287 257 141 307 178
bicycle 0.0167 268 129 316 175
bicycle 0.0094 250 127 296 175
bicycle 0.0057 299 131 343 174
bicycle 0.0028 282 143 321 175
bicycle 0.0010 52 153 128 247
bicycle 0.0010 243 142 287 181
boat 0.0016 210 362 238 373
car 0.0052 268 129 316 175
car 0.0033 257 141 307 178
car 0.0023 331 126 369 164
chair 0.0038 375 356 440 374
chair 0.0022 379 323 494 377
chair 0.0015 378 342 437 370
chair 0.0014 391 361 426 373
cow 0.1751 268 129 316 175
cow 0.0768 257 141 307 178
cow 0.0176 260 124 289 177
cow 0.0160 286 133 339 171
cow 0.0153 53 170 124 249
cow 0.0114 282 143 321 175
cow 0.0038 300 133 323 171
cow 0.0017 243 142 287 181
cow 0.0016 309 121 337 167
cow 0.0015 319 124 343 176
cow 0.0014 288 129 316 167
cow 0.0013 300 141 343 178
cow 0.0013 314 149 406 241
cow 0.0012 136 131 178 176
cow 0.0010 331 126 369 164
cow 0.0010 451 149 499 196
dog 0.0091 268 129 316 175
dog 0.0026 257 141 307 178
dog 0.0024 260 124 289 177
dog 0.0023 142 129 173 177
dog 0.0018 52 153 128 247
dog 0.0015 299 131 343 174
horse 0.9807 95 151 266 273
horse 0.9753 322 137 497 262
horse 0.7450 53 170 124 249
horse 0.2191 268 129 316 175
horse 0.1982 314 149 406 241
horse 0.1498 77 141 128 248
horse 0.0430 122 130 210 217
horse 0.0422 257 141 307 178
horse 0.0402 314 130 365 221
horse 0.0387 106 151 190 271
horse 0.0335 250 127 296 175
horse 0.0275 429 136 502 265
horse 0.0188 411 143 496 212
horse 0.0129 299 131 343 174
horse 0.0123 300 130 374 185
horse 0.0074 282 143 321 175
horse 0.0073 61 132 143 219
horse 0.0057 171 137 269 269
horse 0.0047 320 114 342 169
horse 0.0044 423 122 470 220
horse 0.0039 136 131 178 176
horse 0.0033 358 123 397 223
horse 0.0031 101 160 150 265
horse 0.0021 159 140 206 238
horse 0.0020 331 126 369 164
horse 0.0020 307 119 353 167
horse 0.0020 74 154 174 239
horse 0.0018 374 151 493 239
horse 0.0018 300 133 323 171
horse 0.0017 155 136 243 213
horse 0.0017 336 151 451 242
horse 0.0016 264 121 288 167
horse 0.0016 471 136 498 260
horse 0.0015 364 146 412 245
horse 0.0013 143 121 191 166
horse 0.0010 243 142 287 181
horse 0.0010 144 127 171 162
motorbike 0.0369 268 129 316 175
motorbike 0.0103 257 141 307 178
motorbike 0.0077 250 127 296 175
motorbike 0.0047 299 131 343 174
motorbike 0.0027 122 130 210 217
motorbike 0.0025 331 126 369 164
motorbike 0.0018 52 153 128 247
motorbike 0.0012 99 136 261 268
person 0.9036 163 120 206 207
person 0.8957 420 119 457 200
person 0.5570 85 128 125 218
person 0.5447 359 122 396 192
person 0.4590 320 114 342 169
person 0.2303 83 130 101 195
person 0.2189 264 121 288 167
person 0.1702 66 132 114 221
person 0.0992 138 124 188 197
person 0.0829 323 132 376 225
person 0.0756 144 127 171 162
person 0.0606 324 117 338 148
person 0.0455 136 127 223 217
person 0.0402 328 117 349 168
person 0.0396 274 122 288 147
person 0.0370 414 117 488 200
person 0.0358 309 121 337 167
person 0.0337 372 120 399 171
person 0.0294 136 131 178 176
person 0.0274 268 124 316 169
person 0.0246 269 121 282 148
person 0.0194 367 119 393 155
person 0.0190 331 126 369 164
person 0.0173 71 134 137 195
person 0.0172 314 121 361 186
person 0.0151 250 127 296 175
person 0.0122 150 127 167 145
person 0.0122 148 131 167 153
person 0.0122 271 120 291 155
person 0.0121 364 129 409 219
person 0.0102 158 124 174 144
person 0.0091 287 134 318 174
person 0.0091 98 135 139 215
person 0.0090 347 134 372 190
person 0.0080 325 127 338 158
person 0.0076 347 123 393 164
person 0.0074 337 125 411 192
person 0.0070 88 124 114 184
person 0.0066 331 120 346 147
person 0.0065 95 126 123 180
person 0.0064 143 121 191 166
person 0.0063 351 140 368 163
person 0.0060 352 133 369 155
person 0.0059 153 122 178 165
person 0.0057 332 128 345 157
person 0.0051 348 125 372 163
person 0.0051 314 123 333 145
person 0.0048 426 112 450 178
person 0.0040 127 135 269 268
person 0.0036 340 133 360 154
person 0.0036 359 122 382 165
person 0.0035 312 116 350 155
person 0.0032 299 131 343 174
person 0.0032 120 132 173 217
person 0.0031 308 250 500 373
person 0.0031 174 117 200 155
person 0.0030 436 116 453 132
person 0.0029 305 140 319 168
person 0.0028 86 136 98 169
person 0.0028 108 133 189 272
person 0.0028 127 140 171 183
person 0.0026 473 116 499 204
person 0.0026 300 133 323 171
person 0.0026 54 137 126 254
person 0.0025 362 125 381 145
person 0.0024 338 124 360 143
person 0.0023 282 127 300 143
person 0.0021 362 130 378 155
person 0.0021 142 142 160 163
person 0.0021 378 121 395 145
person 0.0020 176 115 202 189
person 0.0019 142 134 159 155
person 0.0019 351 126 370 145
person 0.0019 159 129 173 153
person 0.0019 445 147 469 198
person 0.0017 95 127 109 144
person 0.0016 148 117 211 176
person 0.0015 84 145 96 178
person 0.0015 178 118 197 133
person 0.0015 338 133 380 171
person 0.0015 254 122 280 170
person 0.0014 365 141 412 181
person 0.0014 334 121 364 151
person 0.0014 341 141 360 161
person 0.0013 181 124 257 199
person 0.0013 419 117 440 190
person 0.0013 441 145 502 257
person 0.0013 313 131 331 154
person 0.0012 350 145 398 239
person 0.0010 372 120 389 135
person 0.0010 253 142 279 181
person 0.0010 164 120 192 153
person 0.0010 87 132 99 155
person 0.0010 80 151 104 206
sheep 0.0092 280 134 323 174
sheep 0.0017 257 141 307 178
