boat 0.0011 40 -9 457 85
bus 0.0214 10 19 437 357
bus 0.0061 376 35 498 91
bus 0.0023 -5 15 265 278
bus 0.0020 396 -11 504 141
bus 0.0017 29 18 386 126
bus 0.0016 1 72 178 224
bus 0.0014 401 6 499 84
bus 0.0013 40 -9 457 85
bus 0.0013 394 42 500 122
bus 0.0012 0 40 255 174
car 0.9924 10 77 493 356
car 0.0910 377 43 499 115
car 0.0673 407 34 498 210
car 0.0296 1 72 178 224
car 0.0241 329 80 495 218
car 0.0162 -2 63 104 251
car 0.0111 474 75 498 203
car 0.0072 -5 15 265 278
car 0.0066 447 86 502 195
car 0.0060 406 96 497 182
car 0.0059 368 42 409 77
car 0.0057 288 57 351 89
car 0.0047 337 16 490 134
car 0.0046 -3 121 123 195
car 0.0043 380 84 493 150
car 0.0039 280 45 344 84
car 0.0035 0 40 255 174
car 0.0032 368 56 427 90
car 0.0027 0 172 10 268
car 0.0027 -4 20 195 138
car 0.0026 336 37 384 63
car 0.0024 396 -11 504 141
car 0.0023 376 40 401 57
car 0.0023 434 74 497 116
car 0.0023 445 55 501 151
car 0.0022 153 39 493 275
car 0.0020 363 40 461 91
car 0.0020 300 43 361 87
car 0.0019 419 74 510 99
car 0.0018 345 47 393 89
car 0.0017 401 6 499 84
car 0.0015 323 23 379 55
car 0.0012 227 45 280 85
car 0.0011 354 66 476 128
car 0.0011 339 58 380 90
car 0.0011 43 100 102 130
car 0.0010 -4 89 128 152
car 0.0010 -1 41 52 127
car 0.0010 489 61 499 148
car 0.0010 362 65 451 102
car 0.0010 225 41 264 74
motorbike 0.0017 339 58 380 90
motorbike 0.0010 276 35 360 84
person 0.2051 339 46 381 91
person 0.1553 356 46 402 88
person 0.1290 264 38 283 78
person 0.1281 330 44 356 87
person 0.0531 373 45 423 89
person 0.0409 276 36 328 78
person 0.0333 300 43 361 87
person 0.0317 339 54 365 93
person 0.0305 350 67 370 88
person 0.0297 259 35 307 80
person 0.0172 375 43 402 76
person 0.0169 0 172 10 268
person 0.0135 367 43 394 77
person 0.0109 363 40 461 91
person 0.0108 348 42 390 77
person 0.0104 360 67 379 87
person 0.0100 343 66 361 89
person 0.0096 298 37 343 74
person 0.0088 384 41 411 76
person 0.0087 354 55 383 91
person 0.0082 352 49 437 106
person 0.0079 365 54 393 92
person 0.0076 337 40 364 79
person 0.0068 317 39 393 88
person 0.0063 379 45 399 68
person 0.0055 271 34 313 66
person 0.0053 332 45 351 68
person 0.0050 389 45 408 67
person 0.0049 481 343 492 370
person 0.0049 371 46 390 68
person 0.0041 370 53 388 79
person 0.0039 340 66 395 99
person 0.0038 307 42 335 86
person 0.0038 69 95 89 115
person 0.0037 469 347 483 367
person 0.0035 360 47 381 68
person 0.0032 369 66 389 86
person 0.0031 312 45 331 66
person 0.0031 350 55 369 78
person 0.0031 268 39 296 87
person 0.0030 319 38 344 76
person 0.0029 288 57 351 89
person 0.0028 361 54 379 78
person 0.0027 340 47 361 67
person 0.0027 231 34 327 84
person 0.0025 322 45 341 66
person 0.0025 374 53 403 92
person 0.0024 280 40 304 59
person 0.0023 279 39 306 88
person 0.0022 273 39 292 60
person 0.0022 342 54 360 79
person 0.0021 -1 41 52 127
person 0.0020 334 51 351 80
person 0.0020 386 40 409 58
person 0.0019 376 40 401 57
person 0.0019 229 40 257 74
person 0.0019 186 34 203 58
person 0.0018 289 40 314 57
person 0.0018 461 348 471 366
person 0.0018 326 36 374 64
person 0.0016 330 39 351 57
person 0.0016 281 45 302 67
person 0.0016 380 53 398 78
person 0.0015 345 64 373 100
person 0.0015 397 46 417 66
person 0.0014 368 41 392 57
person 0.0013 339 39 362 56
person 0.0013 436 33 453 45
person 0.0013 349 47 371 68
person 0.0012 226 38 244 57
person 0.0012 183 32 229 62
person 0.0011 268 40 282 61
person 0.0011 323 39 341 58
person 0.0011 377 66 399 85
person 0.0010 271 48 367 101
person 0.0010 474 52 498 189
train 0.0021 40 -9 457 85
train 0.0017 29 18 386 126
