bird 0.0220 286 124 304 144
bird 0.0076 274 122 320 187
bird 0.0076 286 130 304 154
bird 0.0071 282 125 308 160
bird 0.0070 293 122 311 143
bird 0.0055 137 128 158 176
bird 0.0041 271 128 298 176
bird 0.0037 293 130 312 153
bird 0.0031 258 119 298 190
bird 0.0030 262 124 304 163
bird 0.0028 262 128 287 177
bird 0.0019 255 92 272 153
bird 0.0015 276 130 294 153
bird 0.0014 302 124 320 142
boat 0.0024 137 135 158 186
cat 0.0017 274 122 320 187
cat 0.0014 282 125 308 160
chair 0.7146 451 184 500 321
chair 0.2934 456 180 498 259
diningtable 0.0052 448 209 500 330
diningtable 0.0013 464 183 502 284
dog 0.0021 286 124 304 144
dog 0.0010 282 125 308 160
person 0.0034 274 122 320 187
person 0.0025 286 124 304 144
person 0.0021 456 180 498 259
person 0.0016 293 122 311 143
person 0.0015 302 124 320 142
person 0.0011 282 125 308 160
pottedplant 0.1107 338 136 362 188
pottedplant 0.1052 424 138 447 188
pottedplant 0.0860 243 86 280 191
pottedplant 0.0753 339 86 369 192
pottedplant 0.0588 346 135 369 189
pottedplant 0.0437 419 109 449 204
pottedplant 0.0420 274 122 320 187
pottedplant 0.0340 425 99 447 147
pottedplant 0.0298 297 133 326 171
pottedplant 0.0292 271 138 297 185
pottedplant 0.0285 258 119 298 190
pottedplant 0.0271 330 131 350 192
pottedplant 0.0264 348 96 369 151
pottedplant 0.0262 289 124 333 162
pottedplant 0.0252 281 127 306 177
pottedplant 0.0213 307 137 334 188
pottedplant 0.0193 330 86 350 142
pottedplant 0.0191 288 136 315 187
pottedplant 0.0159 417 134 438 189
pottedplant 0.0128 302 124 320 142
pottedplant 0.0123 262 139 288 184
pottedplant 0.0105 350 76 368 134
pottedplant 0.0094 417 88 439 138
pottedplant 0.0083 420 50 446 190
pottedplant 0.0080 301 141 323 164
pottedplant 0.0078 428 159 443 187
pottedplant 0.0078 183 144 209 201
pottedplant 0.0074 338 85 362 145
pottedplant 0.0070 320 136 342 187
pottedplant 0.0068 408 129 428 194
pottedplant 0.0060 252 126 277 179
pottedplant 0.0056 279 150 303 191
pottedplant 0.0055 301 131 322 154
pottedplant 0.0053 311 141 330 164
pottedplant 0.0052 427 148 444 178
pottedplant 0.0049 334 130 347 155
pottedplant 0.0048 333 84 349 106
pottedplant 0.0047 322 94 360 187
pottedplant 0.0047 425 77 448 134
pottedplant 0.0046 243 125 265 180
pottedplant 0.0041 425 117 447 168
pottedplant 0.0041 254 82 273 147
pottedplant 0.0037 293 130 312 153
pottedplant 0.0037 357 31 432 204
pottedplant 0.0033 387 135 406 190
pottedplant 0.0032 353 130 365 155
pottedplant 0.0032 331 121 351 165
pottedplant 0.0030 374 118 415 194
pottedplant 0.0030 427 111 445 138
pottedplant 0.0028 244 83 266 145
pottedplant 0.0028 284 148 300 176
pottedplant 0.0027 262 117 330 274
pottedplant 0.0027 292 141 312 163
pottedplant 0.0027 274 159 293 184
pottedplant 0.0027 352 121 366 147
pottedplant 0.0026 341 107 363 161
pottedplant 0.0026 12 147 31 200
pottedplant 0.0026 273 139 318 253
pottedplant 0.0025 282 158 299 185
pottedplant 0.0025 313 84 330 104
pottedplant 0.0025 137 135 158 186
pottedplant 0.0023 341 147 359 179
pottedplant 0.0023 178 114 214 200
pottedplant 0.0023 311 132 329 154
pottedplant 0.0022 1 -6 126 381
pottedplant 0.0021 285 139 301 165
pottedplant 0.0021 262 105 338 182
pottedplant 0.0020 333 90 348 117
pottedplant 0.0020 377 42 414 191
pottedplant 0.0019 343 132 359 154
pottedplant 0.0019 275 148 293 175
pottedplant 0.0018 224 84 268 193
pottedplant 0.0018 252 152 295 189
pottedplant 0.0018 286 130 304 154
pottedplant 0.0017 418 108 440 154
pottedplant 0.0017 273 125 313 159
pottedplant 0.0016 329 79 352 113
pottedplant 0.0016 266 149 283 175
pottedplant 0.0016 312 125 328 142
pottedplant 0.0016 304 147 320 176
pottedplant 0.0015 297 120 325 148
pottedplant 0.0014 427 139 445 167
pottedplant 0.0014 241 125 282 217
pottedplant 0.0014 80 9 347 280
pottedplant 0.0013 424 161 446 199
pottedplant 0.0013 234 139 256 186
pottedplant 0.0013 196 37 285 204
pottedplant 0.0013 12 -14 479 390
pottedplant 0.0013 341 158 360 189
pottedplant 0.0013 256 70 296 176
pottedplant 0.0012 116 36 315 185
pottedplant 0.0012 229 67 292 206
pottedplant 0.0012 350 146 367 178
pottedplant 0.0012 349 122 368 164
pottedplant 0.0012 1 1 265 362
pottedplant 0.0012 286 124 304 144
pottedplant 0.0011 168 71 342 218
pottedplant 0.0011 237 163 253 185
pottedplant 0.0011 332 151 369 191
pottedplant 0.0011 350 110 367 139
sofa 0.1923 456 180 498 259
sofa 0.0602 451 184 500 321
tvmonitor 0.0162 456 180 498 259
tvmonitor 0.0017 236 19 390 66
