chair 0.0016 161 241 332 419
diningtable 0.0010 -11 393 339 494
pottedplant 0.8831 98 18 237 398
pottedplant 0.1397 109 358 157 402
pottedplant 0.0323 69 365 168 416
pottedplant 0.0178 38 366 122 432
pottedplant 0.0125 102 94 218 304
pottedplant 0.0065 125 138 221 417
pottedplant 0.0047 79 366 127 411
pottedplant 0.0047 98 4 181 320
pottedplant 0.0045 143 57 337 441
pottedplant 0.0027 115 367 149 410
pottedplant 0.0014 18 354 171 463
pottedplant 0.0014 -7 1 344 419
tvmonitor 0.1431 161 241 332 419
