aeroplane 0.0018 340 183 365 239
boat 0.2969 340 187 366 245
boat 0.0950 242 212 303 244
boat 0.0854 239 62 324 252
boat 0.0115 1 195 28 239
boat 0.0091 95 222 119 235
boat 0.0077 252 133 301 247
boat 0.0072 340 200 376 236
boat 0.0058 0 218 29 234
boat 0.0055 433 191 462 242
boat 0.0053 0 211 28 229
boat 0.0048 256 202 307 238
boat 0.0046 0 136 25 250
boat 0.0040 401 214 452 239
boat 0.0034 0 215 12 238
boat 0.0029 27 185 112 240
boat 0.0023 59 175 86 243
boat 0.0022 0 165 11 253
boat 0.0020 409 220 429 235
boat 0.0016 48 199 95 237
boat 0.0016 412 201 461 235
boat 0.0014 89 194 116 242
boat 0.0013 -2 213 33 239
boat 0.0012 78 215 123 240
boat 0.0012 228 227 316 246
boat 0.0012 340 119 367 238
boat 0.0012 340 195 363 226
boat 0.0011 336 219 366 235
boat 0.0011 332 183 357 251
