bottle 0.9943 349 245 390 376
bottle 0.9864 312 240 349 376
bottle 0.8652 272 240 311 355
bottle 0.8510 422 239 458 354
bottle 0.7965 389 236 422 358
bottle 0.3225 458 264 497 357
bottle 0.1008 101 155 123 211
bottle 0.0807 343 173 370 260
bottle 0.0783 341 238 377 357
bottle 0.0319 455 214 496 340
bottle 0.0258 434 267 458 344
bottle 0.0165 471 243 495 346
bottle 0.0155 419 261 436 350
bottle 0.0111 14 218 34 275
bottle 0.0110 339 258 416 332
bottle 0.0110 107 148 130 200
bottle 0.0109 249 123 264 182
bottle 0.0102 456 265 475 332
bottle 0.0098 407 222 468 365
bottle 0.0086 394 244 418 312
bottle 0.0086 448 261 465 333
bottle 0.0076 31 299 52 353
bottle 0.0072 301 223 337 333
bottle 0.0070 338 202 363 255
bottle 0.0067 472 266 499 314
bottle 0.0063 406 248 500 339
bottle 0.0055 342 244 360 331
bottle 0.0051 330 201 355 261
bottle 0.0043 259 251 340 335
bottle 0.0037 426 266 448 345
bottle 0.0036 318 205 354 302
bottle 0.0035 272 259 293 338
bottle 0.0034 392 251 411 326
bottle 0.0033 303 249 321 346
bottle 0.0032 427 229 447 271
bottle 0.0032 278 260 303 337
bottle 0.0031 23 304 45 349
bottle 0.0031 392 216 425 301
bottle 0.0030 397 214 416 269
bottle 0.0028 339 196 370 306
bottle 0.0028 256 149 269 177
bottle 0.0027 219 70 263 138
bottle 0.0027 280 150 325 195
bottle 0.0026 351 248 369 327
bottle 0.0026 251 146 261 181
bottle 0.0025 451 291 499 342
bottle 0.0024 297 168 342 266
bottle 0.0024 415 228 441 271
bottle 0.0023 252 155 274 209
bottle 0.0023 279 139 316 220
bottle 0.0023 427 239 449 297
bottle 0.0022 319 212 343 269
bottle 0.0022 367 239 432 376
bottle 0.0021 460 277 489 333
bottle 0.0020 486 261 500 333
bottle 0.0019 351 171 390 260
bottle 0.0019 311 249 332 329
bottle 0.0018 20 211 44 272
bottle 0.0018 253 140 272 183
bottle 0.0018 102 152 140 245
bottle 0.0018 330 244 350 331
bottle 0.0018 214 72 256 101
bottle 0.0018 0 171 49 293
bottle 0.0017 386 141 407 204
bottle 0.0016 435 252 458 305
bottle 0.0016 361 250 382 323
bottle 0.0015 281 140 307 186
bottle 0.0015 415 221 456 299
bottle 0.0015 317 171 352 260
bottle 0.0015 489 272 499 305
bottle 0.0015 291 249 313 328
bottle 0.0015 350 257 364 356
bottle 0.0015 -1 77 57 158
bottle 0.0015 366 251 390 307
bottle 0.0015 474 171 499 336
bottle 0.0014 298 254 379 328
bottle 0.0014 443 155 497 349
bottle 0.0014 320 246 340 329
bottle 0.0014 393 296 418 355
bottle 0.0012 115 154 138 211
bottle 0.0012 277 256 362 355
bottle 0.0012 447 128 499 194
bottle 0.0011 288 143 317 183
bottle 0.0010 219 75 305 164
bottle 0.0010 382 209 415 306
bottle 0.0010 247 101 261 147
bottle 0.0010 395 237 476 320
bottle 0.0010 255 152 297 243
bottle 0.0010 378 240 401 300
chair 0.0026 30 28 266 320
diningtable 0.0269 19 285 483 377
diningtable 0.0050 406 248 500 339
person 0.9976 57 22 266 287
person 0.0021 35 147 133 209
person 0.0017 14 218 34 275
person 0.0010 214 72 256 101
tvmonitor 0.0902 22 10 271 242
tvmonitor 0.0166 -1 164 49 269
tvmonitor 0.0040 -1 166 26 295
tvmonitor 0.0027 -1 77 57 158
tvmonitor 0.0015 -2 165 60 342
