bottle 0.0085 323 144 340 180
bottle 0.0056 255 158 273 205
bottle 0.0017 258 158 270 185
chair 0.5640 51 135 116 221
chair 0.0956 22 246 170 374
chair 0.0350 17 144 67 241
chair 0.0256 43 139 121 282
chair 0.0195 26 238 105 313
chair 0.0074 23 245 78 340
chair 0.0057 169 292 342 377
chair 0.0041 9 136 85 294
chair 0.0033 9 125 51 226
chair 0.0029 91 225 147 271
chair 0.0027 8 150 52 272
chair 0.0023 31 225 129 282
chair 0.0022 26 279 73 373
chair 0.0021 23 246 80 292
chair 0.0017 26 179 78 224
chair 0.0014 21 206 107 270
chair 0.0012 33 258 92 365
diningtable 0.0010 26 136 117 256
person 0.0088 22 246 170 374
person 0.0056 24 232 109 359
person 0.0013 323 144 340 180
sofa 0.2239 22 246 170 374
sofa 0.0599 47 133 119 220
sofa 0.0180 26 238 105 313
sofa 0.0112 17 144 67 241
sofa 0.0103 21 144 113 284
sofa 0.0077 169 292 342 377
sofa 0.0034 9 125 51 226
sofa 0.0030 23 245 78 340
sofa 0.0014 363 180 458 246
sofa 0.0014 21 128 147 241
sofa 0.0013 31 225 129 282
sofa 0.0010 8 150 52 272
sofa 0.0010 21 206 107 270
sofa 0.0010 12 127 89 225
tvmonitor 0.0897 9 125 51 226
tvmonitor 0.0230 22 246 170 374
tvmonitor 0.0209 17 144 67 241
tvmonitor 0.0114 274 129 355 180
tvmonitor 0.0107 19 180 68 222
tvmonitor 0.0076 169 292 342 377
tvmonitor 0.0044 289 124 335 163
tvmonitor 0.0042 8 150 52 272
tvmonitor 0.0036 22 240 80 314
tvmonitor 0.0030 328 139 373 172
tvmonitor 0.0028 286 141 338 184
tvmonitor 0.0028 40 139 67 190
tvmonitor 0.0022 23 229 104 288
tvmonitor 0.0019 0 132 27 259
tvmonitor 0.0017 12 118 40 192
tvmonitor 0.0016 22 127 65 197
tvmonitor 0.0012 360 184 434 251
tvmonitor 0.0012 12 127 89 225
tvmonitor 0.0010 363 139 459 211
