chair 0.7486 122 268 394 379
chair 0.3382 5 243 131 375
chair 0.0051 363 193 457 244
chair 0.0042 394 295 502 375
chair 0.0034 63 252 300 375
chair 0.0020 -1 249 23 375
chair 0.0020 368 236 494 375
chair 0.0014 475 247 500 376
chair 0.0013 1 251 44 373
chair 0.0012 451 289 503 375
diningtable 0.0028 5 243 131 375
diningtable 0.0016 122 268 394 379
diningtable 0.0012 377 297 501 377
sofa 0.3495 121 247 396 380
sofa 0.0218 5 243 131 375
sofa 0.0137 362 194 455 268
sofa 0.0017 368 236 494 375
sofa 0.0013 394 295 502 375
tvmonitor 0.0211 363 193 457 244
