bottle 0.0075 142 236 156 262
bottle 0.0027 150 235 163 263
bottle 0.0023 351 256 367 283
bottle 0.0021 264 249 283 270
bottle 0.0013 111 237 127 258
bottle 0.0013 148 248 166 264
bottle 0.0011 47 221 62 238
bottle 0.0010 121 226 136 254
bottle 0.0010 102 237 119 257
car 0.0054 150 101 203 141
cat 0.0018 175 236 218 266
cat 0.0014 56 218 108 259
cat 0.0013 271 244 315 277
chair 0.8005 321 292 395 366
chair 0.5220 126 263 173 320
chair 0.5021 0 238 27 297
chair 0.4914 171 261 218 329
chair 0.4872 214 276 265 338
chair 0.3936 271 244 315 277
chair 0.3569 -1 316 102 376
chair 0.3347 386 258 433 369
chair 0.3067 99 222 123 257
chair 0.2911 17 241 46 296
chair 0.2889 78 220 103 258
chair 0.2795 58 245 102 310
chair 0.2729 62 257 144 315
chair 0.2152 38 239 64 299
chair 0.1732 48 236 88 304
chair 0.1721 316 253 364 282
chair 0.1643 51 219 91 262
chair 0.1487 175 236 218 266
chair 0.1472 127 225 151 257
chair 0.1430 258 284 329 345
chair 0.1412 10 240 34 295
chair 0.1336 44 320 204 377
chair 0.1323 355 252 405 285
chair 0.1311 214 243 255 273
chair 0.1261 249 246 277 273
chair 0.1147 107 222 131 257
chair 0.1102 27 241 56 295
chair 0.1062 56 217 85 244
chair 0.1024 136 226 160 258
chair 0.0639 57 215 105 250
chair 0.0626 183 243 229 272
chair 0.0580 0 321 29 351
chair 0.0574 16 296 159 377
chair 0.0570 351 257 431 333
chair 0.0547 90 265 133 311
chair 0.0542 280 301 326 348
chair 0.0523 118 223 140 257
chair 0.0507 204 276 312 340
chair 0.0465 0 228 15 291
chair 0.0464 90 218 127 248
chair 0.0431 323 295 378 341
chair 0.0373 147 234 187 263
chair 0.0363 142 236 156 262
chair 0.0357 269 249 320 343
chair 0.0315 165 238 208 320
chair 0.0295 302 252 342 282
chair 0.0276 91 218 112 256
chair 0.0266 258 291 290 340
chair 0.0262 356 290 433 371
chair 0.0260 264 249 283 270
chair 0.0255 58 230 86 269
chair 0.0209 50 250 75 304
chair 0.0207 -6 331 52 379
chair 0.0194 51 219 74 237
chair 0.0190 16 232 46 271
chair 0.0188 38 226 66 276
chair 0.0169 417 258 499 322
chair 0.0159 327 254 426 299
chair 0.0158 85 323 275 379
chair 0.0152 18 237 65 284
chair 0.0124 384 311 429 375
chair 0.0122 155 240 180 262
chair 0.0119 340 258 361 280
chair 0.0118 56 214 83 232
chair 0.0117 50 211 90 236
chair 0.0117 70 218 95 258
chair 0.0113 0 264 28 360
chair 0.0109 26 239 109 304
chair 0.0109 -2 304 65 367
chair 0.0105 156 275 242 335
chair 0.0104 132 236 149 261
chair 0.0103 207 248 226 270
chair 0.0099 109 223 128 244
chair 0.0095 361 263 415 290
chair 0.0090 165 283 210 327
chair 0.0090 0 232 47 289
chair 0.0089 176 241 199 262
chair 0.0088 241 277 266 338
chair 0.0085 245 248 265 271
chair 0.0083 199 236 252 268
chair 0.0078 150 235 163 263
chair 0.0078 351 256 367 283
chair 0.0077 217 237 262 318
chair 0.0075 272 248 293 272
chair 0.0074 374 305 402 367
chair 0.0073 193 248 219 268
chair 0.0072 304 249 319 273
chair 0.0069 346 267 396 362
chair 0.0067 241 252 284 281
chair 0.0065 327 259 353 280
chair 0.0064 182 249 210 267
chair 0.0063 326 255 383 339
chair 0.0063 318 318 380 355
chair 0.0062 122 224 135 244
chair 0.0061 256 252 310 280
chair 0.0061 317 259 344 280
chair 0.0061 193 278 221 333
chair 0.0059 312 283 360 353
chair 0.0059 207 243 226 262
chair 0.0058 -1 314 16 357
diningtable 0.4434 137 263 225 324
diningtable 0.2309 204 276 312 340
diningtable 0.2299 324 271 423 360
diningtable 0.2276 3 297 130 377
diningtable 0.1774 72 259 175 319
diningtable 0.1161 50 248 125 309
diningtable 0.1083 170 258 272 334
diningtable 0.1042 68 322 253 378
diningtable 0.1015 6 239 87 300
diningtable 0.0556 258 284 329 345
diningtable 0.0373 90 221 130 256
diningtable 0.0323 7 291 414 374
diningtable 0.0231 38 269 303 353
diningtable 0.0225 158 242 241 318
diningtable 0.0213 358 256 434 370
diningtable 0.0207 28 238 67 302
diningtable 0.0167 71 221 110 257
diningtable 0.0157 316 253 364 282
diningtable 0.0150 3 239 45 299
diningtable 0.0144 258 244 310 276
diningtable 0.0125 244 245 282 273
diningtable 0.0118 48 236 88 304
diningtable 0.0104 51 219 91 262
diningtable 0.0099 107 223 151 256
diningtable 0.0094 279 243 324 279
diningtable 0.0091 163 326 356 377
diningtable 0.0090 29 224 105 298
diningtable 0.0089 183 243 229 272
diningtable 0.0089 175 236 218 266
diningtable 0.0082 156 275 242 335
diningtable 0.0077 221 242 268 273
diningtable 0.0076 57 215 105 250
diningtable 0.0073 355 252 405 285
diningtable 0.0073 376 289 425 371
diningtable 0.0064 298 285 384 352
diningtable 0.0063 202 242 250 273
diningtable 0.0063 128 225 167 258
diningtable 0.0062 1 230 26 292
diningtable 0.0061 214 276 265 338
diningtable 0.0061 205 246 312 308
diningtable 0.0061 26 320 186 377
diningtable 0.0054 152 233 203 265
diningtable 0.0054 249 325 385 375
diningtable 0.0048 265 248 366 295
diningtable 0.0044 0 320 45 351
diningtable 0.0041 131 231 187 264
diningtable 0.0039 77 216 124 250
diningtable 0.0039 126 263 173 320
diningtable 0.0037 177 237 219 321
diningtable 0.0035 302 252 342 282
diningtable 0.0032 60 254 101 305
diningtable 0.0027 280 301 326 348
diningtable 0.0027 0 236 15 297
diningtable 0.0025 40 216 84 243
diningtable 0.0025 265 296 369 359
diningtable 0.0025 261 250 370 339
diningtable 0.0020 83 255 132 317
diningtable 0.0020 319 260 397 337
diningtable 0.0020 -1 276 97 360
diningtable 0.0019 321 311 394 374
diningtable 0.0019 330 294 390 341
diningtable 0.0019 37 228 87 271
diningtable 0.0018 182 349 405 378
diningtable 0.0016 17 262 173 357
diningtable 0.0015 172 281 220 328
diningtable 0.0015 336 253 384 283
diningtable 0.0014 115 274 206 334
diningtable 0.0014 178 264 399 356
diningtable 0.0012 327 254 426 299
diningtable 0.0012 56 230 105 264
diningtable 0.0012 -2 304 65 367
diningtable 0.0011 197 239 323 274
diningtable 0.0011 248 251 298 281
diningtable 0.0010 121 231 157 262
diningtable 0.0010 96 232 142 261
diningtable 0.0010 130 238 234 277
dog 0.0056 56 218 108 259
dog 0.0031 175 236 218 266
dog 0.0025 99 222 123 257
dog 0.0022 250 244 296 274
dog 0.0021 78 220 103 258
dog 0.0015 271 244 315 277
dog 0.0015 76 219 127 256
dog 0.0014 0 238 27 297
dog 0.0014 40 216 84 243
dog 0.0010 316 253 364 282
person 0.0021 177 237 219 321
person 0.0017 51 220 87 299
person 0.0015 1 230 26 292
pottedplant 0.0017 1 230 26 292
pottedplant 0.0011 136 226 160 258
sofa 0.1537 417 258 499 322
sofa 0.1194 322 254 431 338
sofa 0.0381 271 244 315 277
sofa 0.0249 316 253 364 282
sofa 0.0239 327 254 426 299
sofa 0.0195 57 215 105 250
sofa 0.0182 52 218 90 244
sofa 0.0160 321 290 418 369
sofa 0.0149 355 252 405 285
sofa 0.0133 90 221 130 256
sofa 0.0111 244 245 282 273
sofa 0.0110 183 243 229 272
sofa 0.0109 353 265 434 363
sofa 0.0107 221 242 268 273
sofa 0.0107 175 236 218 266
sofa 0.0070 265 248 366 295
sofa 0.0044 38 219 88 260
sofa 0.0044 212 238 256 268
sofa 0.0043 147 234 187 263
sofa 0.0043 120 224 157 258
sofa 0.0042 77 216 124 250
sofa 0.0041 197 239 323 274
sofa 0.0041 0 320 45 351
sofa 0.0040 71 221 110 257
sofa 0.0033 143 96 193 137
sofa 0.0032 167 237 270 274
sofa 0.0031 260 240 373 278
sofa 0.0031 412 265 503 367
sofa 0.0027 302 252 342 282
sofa 0.0027 205 246 312 308
sofa 0.0022 0 238 27 297
sofa 0.0018 210 281 260 332
sofa 0.0017 96 219 122 247
sofa 0.0017 125 266 172 314
sofa 0.0015 258 292 309 343
sofa 0.0015 166 238 273 319
sofa 0.0014 326 281 386 355
sofa 0.0014 60 254 101 305
sofa 0.0013 130 238 234 277
sofa 0.0012 387 257 433 337
tvmonitor 0.8632 143 96 193 137
tvmonitor 0.0332 428 260 498 320
tvmonitor 0.0017 164 94 206 136
tvmonitor 0.0016 98 221 120 244
tvmonitor 0.0015 305 190 357 213
tvmonitor 0.0012 446 266 505 307
tvmonitor 0.0010 56 219 84 240
tvmonitor 0.0010 77 217 103 248
