bottle 0.9743 247 217 288 373
bottle 0.6616 45 181 66 249
bottle 0.0708 57 180 72 248
bottle 0.0191 50 116 68 162
bottle 0.0179 242 157 272 248
bottle 0.0176 47 179 69 220
bottle 0.0133 119 471 168 499
bottle 0.0132 51 184 66 210
bottle 0.0104 241 158 260 217
bottle 0.0097 79 201 91 229
bottle 0.0076 238 201 283 324
bottle 0.0073 239 143 260 192
bottle 0.0064 51 187 63 223
bottle 0.0049 94 473 156 500
bottle 0.0045 45 189 56 223
bottle 0.0040 125 339 224 487
bottle 0.0035 -1 196 16 254
bottle 0.0033 240 136 253 160
bottle 0.0031 -1 199 7 231
bottle 0.0030 66 192 87 238
bottle 0.0030 133 475 154 497
bottle 0.0024 59 182 70 213
bottle 0.0023 249 174 285 263
bottle 0.0022 125 459 181 495
bottle 0.0020 99 446 250 500
bottle 0.0019 242 163 257 190
bottle 0.0019 43 175 59 224
bottle 0.0016 286 182 328 219
bottle 0.0015 129 471 197 501
bottle 0.0014 69 202 83 230
bottle 0.0012 225 245 292 344
bottle 0.0011 36 188 76 246
bottle 0.0011 134 125 151 168
bottle 0.0011 240 173 257 240
bottle 0.0011 188 210 286 383
bottle 0.0010 0 200 13 232
bottle 0.0010 158 471 226 499
bottle 0.0010 136 135 150 163
bottle 0.0010 61 191 69 237
bottle 0.0010 131 485 154 499
diningtable 0.7330 -27 235 395 499
diningtable 0.0054 -11 374 396 500
diningtable 0.0022 65 152 316 424
diningtable 0.0018 35 186 130 242
diningtable 0.0011 152 171 369 486
person 0.9453 99 78 258 328
person 0.0028 102 82 248 208
person 0.0023 96 107 182 182
person 0.0019 45 181 66 249
person 0.0013 -7 186 381 475
pottedplant 0.0099 50 116 68 162
