aeroplane 0.0018 89 146 110 163
aeroplane 0.0013 327 155 352 170
boat 0.5411 61 90 111 176
boat 0.4317 37 162 86 201
boat 0.2172 42 90 91 176
boat 0.1462 320 105 346 162
boat 0.0883 31 156 78 223
boat 0.0759 284 120 306 167
boat 0.0568 346 116 374 169
boat 0.0565 284 144 305 164
boat 0.0484 327 155 352 170
boat 0.0469 79 102 118 184
boat 0.0436 475 149 500 196
boat 0.0434 405 142 498 189
boat 0.0369 89 146 110 163
boat 0.0341 77 148 122 178
boat 0.0340 326 113 353 173
boat 0.0224 417 148 477 180
boat 0.0197 282 139 321 166
boat 0.0184 32 150 89 183
boat 0.0160 48 94 72 156
boat 0.0145 26 87 73 176
boat 0.0132 446 224 502 256
boat 0.0129 327 116 371 155
boat 0.0104 28 79 106 213
boat 0.0101 319 118 389 172
boat 0.0099 87 165 115 182
boat 0.0098 88 153 115 189
boat 0.0097 33 146 52 161
boat 0.0097 318 151 361 173
boat 0.0097 316 124 361 165
boat 0.0095 88 153 113 172
boat 0.0093 37 129 84 207
boat 0.0089 61 139 118 168
boat 0.0081 39 146 65 160
boat 0.0072 31 141 90 166
boat 0.0068 336 115 363 170
boat 0.0066 360 143 378 163
boat 0.0065 67 90 93 162
boat 0.0063 321 146 344 165
boat 0.0059 299 147 321 163
boat 0.0059 86 136 113 169
boat 0.0055 284 127 334 162
boat 0.0055 54 127 106 161
boat 0.0053 283 114 318 181
boat 0.0052 -1 102 45 201
boat 0.0051 339 137 380 167
boat 0.0051 346 127 388 162
boat 0.0050 445 180 499 270
boat 0.0049 198 159 214 170
boat 0.0049 406 -36 503 215
boat 0.0048 284 132 303 157
boat 0.0048 66 157 115 187
boat 0.0048 385 123 490 181
boat 0.0048 28 146 104 196
boat 0.0046 401 99 500 169
boat 0.0045 320 139 358 168
boat 0.0044 57 102 85 166
boat 0.0043 71 165 89 182
boat 0.0042 348 145 373 163
boat 0.0041 47 165 75 183
boat 0.0040 296 116 323 170
boat 0.0040 296 115 345 154
boat 0.0040 356 132 381 172
boat 0.0039 44 159 77 191
boat 0.0039 76 100 103 167
boat 0.0036 0 179 8 206
boat 0.0035 488 172 500 196
boat 0.0034 46 114 94 157
boat 0.0033 72 166 90 238
boat 0.0033 0 -38 63 217
boat 0.0032 484 132 500 200
boat 0.0029 450 152 500 191
boat 0.0029 279 121 323 154
boat 0.0028 49 151 110 180
boat 0.0028 471 122 498 212
boat 0.0028 0 170 9 197
boat 0.0027 9 107 90 193
boat 0.0027 34 128 87 160
boat 0.0027 339 154 358 170
boat 0.0026 349 153 371 169
boat 0.0025 50 146 73 159
boat 0.0025 80 145 101 161
boat 0.0025 309 104 338 163
boat 0.0024 0 70 27 123
boat 0.0023 332 102 376 167
boat 0.0023 277 145 325 178
boat 0.0022 66 164 105 242
boat 0.0022 40 103 67 164
boat 0.0021 99 147 116 163
boat 0.0021 273 128 313 162
boat 0.0021 285 140 305 185
boat 0.0021 349 131 370 155
boat 0.0020 60 137 82 154
boat 0.0020 428 155 485 188
boat 0.0020 354 105 381 168
boat 0.0019 0 64 27 202
boat 0.0019 59 166 83 182
boat 0.0018 39 155 126 218
boat 0.0018 99 155 117 172
boat 0.0018 89 174 112 186
boat 0.0018 -1 141 10 207
bus 0.0022 37 161 86 190
chair 0.0010 72 166 90 238
person 0.0010 47 165 75 183
train 0.0076 37 162 86 201
train 0.0030 417 148 477 180
tvmonitor 0.0016 37 161 86 190
