bottle 0.1125 334 22 346 55
bottle 0.0464 328 26 340 54
bottle 0.0314 347 18 373 59
bottle 0.0202 342 25 356 51
bottle 0.0113 339 19 360 58
bottle 0.0103 328 94 352 135
bottle 0.0101 331 24 350 68
bottle 0.0050 352 25 368 51
bottle 0.0046 382 3 400 56
bottle 0.0041 334 6 345 34
bottle 0.0040 323 8 345 54
bottle 0.0034 359 14 380 62
bottle 0.0025 321 22 361 57
bottle 0.0024 371 11 390 64
bottle 0.0023 339 10 381 52
bottle 0.0021 341 17 357 43
bottle 0.0017 321 91 345 139
bottle 0.0017 170 11 185 30
bottle 0.0017 332 103 348 130
bottle 0.0016 324 97 377 133
bottle 0.0015 342 34 357 58
bottle 0.0014 363 24 377 53
bottle 0.0013 330 62 356 109
bottle 0.0011 352 17 369 43
car 0.0015 387 4 446 40
chair 0.8031 1 27 64 177
chair 0.1900 0 177 168 364
chair 0.0641 -4 110 91 325
chair 0.0337 0 189 61 360
chair 0.0268 3 91 343 360
chair 0.0262 0 180 27 331
chair 0.0115 1 3 56 124
chair 0.0109 -4 185 50 288
chair 0.0101 477 51 499 227
chair 0.0090 0 23 27 182
chair 0.0084 1 16 128 356
chair 0.0074 0 102 23 295
chair 0.0065 2 61 57 292
chair 0.0045 343 80 440 165
chair 0.0040 -1 251 45 371
chair 0.0036 -1 195 89 280
chair 0.0036 -2 26 127 177
chair 0.0033 331 68 417 144
chair 0.0031 303 228 497 372
chair 0.0027 55 29 146 173
chair 0.0026 478 108 499 361
chair 0.0026 151 281 249 352
chair 0.0024 446 116 498 360
chair 0.0024 -1 95 32 373
chair 0.0022 402 181 505 369
chair 0.0021 -3 127 48 268
chair 0.0020 445 -15 500 251
chair 0.0018 0 198 24 263
chair 0.0016 0 187 10 272
chair 0.0015 489 77 501 173
chair 0.0013 106 2 135 56
chair 0.0011 -4 -11 38 212
chair 0.0010 368 54 451 189
diningtable 0.9978 5 98 494 362
diningtable 0.0401 2 28 77 176
diningtable 0.0049 13 151 261 361
diningtable 0.0034 -4 105 92 292
diningtable 0.0015 0 12 129 156
diningtable 0.0012 -1 178 140 363
diningtable 0.0011 321 22 361 57
dog 0.0010 315 65 402 138
person 0.0127 315 65 402 138
person 0.0062 303 43 439 164
person 0.0044 445 -42 498 243
person 0.0032 481 -34 500 234
person 0.0014 478 72 498 322
person 0.0012 101 -3 141 54
pottedplant 0.0274 347 18 373 59
pottedplant 0.0050 339 10 381 52
pottedplant 0.0021 333 11 349 52
pottedplant 0.0017 342 25 356 51
pottedplant 0.0016 352 25 368 51
pottedplant 0.0015 252 46 412 158
pottedplant 0.0015 390 8 445 48
pottedplant 0.0013 339 19 360 58
pottedplant 0.0012 264 50 369 119
pottedplant 0.0010 334 6 345 34
sofa 0.0012 0 -21 61 158
sofa 0.0011 390 8 445 48
tvmonitor 0.2629 378 7 450 65
tvmonitor 0.0101 69 3 112 35
tvmonitor 0.0094 387 4 446 40
tvmonitor 0.0068 10 0 57 39
tvmonitor 0.0026 376 7 423 49
tvmonitor 0.0025 371 11 390 64
tvmonitor 0.0016 400 18 454 56
tvmonitor 0.0014 376 33 457 59
tvmonitor 0.0014 379 11 399 62
