bicycle 0.9895 111 189 315 305
bicycle 0.0063 -2 73 24 119
bicycle 0.0023 56 128 321 312
bicycle 0.0021 161 115 304 273
bottle 0.0027 238 162 291 201
bus 0.0012 10 -10 337 79
bus 0.0011 217 20 343 75
car 0.0341 -2 82 24 122
car 0.0185 282 56 342 80
car 0.0147 185 61 226 87
car 0.0049 193 66 218 86
car 0.0043 225 37 337 78
car 0.0033 311 54 352 82
car 0.0032 -1 28 23 126
car 0.0027 255 50 311 81
car 0.0027 399 80 456 114
car 0.0022 0 88 13 119
car 0.0021 0 1 89 84
car 0.0021 202 66 226 86
car 0.0020 -1 49 89 110
car 0.0015 249 40 299 75
car 0.0013 0 37 45 76
car 0.0013 392 87 443 121
car 0.0012 292 62 351 84
car 0.0010 244 15 348 75
chair 0.0024 93 171 286 300
chair 0.0017 139 113 296 278
motorbike 0.0157 -2 73 24 119
motorbike 0.0029 110 167 319 300
motorbike 0.0027 175 60 219 88
motorbike 0.0016 -1 28 23 126
motorbike 0.0015 282 56 342 80
person 0.9102 139 113 296 278
person 0.8032 451 45 498 161
person 0.2296 147 25 187 92
person 0.1018 183 50 207 87
person 0.0465 175 60 219 88
person 0.0409 233 37 260 79
person 0.0392 249 40 299 75
person 0.0324 366 80 412 129
person 0.0279 0 28 12 88
person 0.0227 470 42 498 129
person 0.0214 0 16 24 110
person 0.0199 451 49 480 105
person 0.0094 373 82 402 114
person 0.0086 432 52 482 155
person 0.0075 490 62 500 167
person 0.0066 255 50 311 81
person 0.0060 94 45 147 87
person 0.0060 110 167 319 300
person 0.0059 -2 20 49 102
person 0.0055 368 84 455 157
person 0.0051 0 37 45 76
person 0.0051 410 72 498 162
person 0.0047 -2 73 24 119
person 0.0042 223 47 284 81
person 0.0041 0 38 10 112
person 0.0035 281 60 304 77
person 0.0031 28 37 53 76
person 0.0029 225 37 337 78
person 0.0027 179 57 199 80
person 0.0026 359 82 403 159
person 0.0024 0 45 9 85
person 0.0023 392 87 443 121
person 0.0022 0 28 21 208
person 0.0021 420 63 470 109
person 0.0019 473 62 500 205
person 0.0019 0 28 8 67
person 0.0018 101 31 192 90
person 0.0017 489 26 499 128
person 0.0015 0 81 13 112
person 0.0015 447 50 468 102
person 0.0014 382 80 432 114
person 0.0014 377 83 399 104
person 0.0013 156 25 182 74
person 0.0012 142 37 185 152
person 0.0012 417 53 496 113
person 0.0012 25 45 43 69
person 0.0012 450 27 495 106
person 0.0011 399 80 456 114
person 0.0011 195 59 216 80
person 0.0011 152 45 204 87
person 0.0011 140 115 234 252
person 0.0010 189 47 204 71
person 0.0010 275 57 329 80
tvmonitor 0.0021 399 80 456 114
