bottle 0.0019 63 17 79 40
bottle 0.0019 59 9 81 47
cat 0.9909 149 177 437 366
cat 0.8061 88 63 245 254
cat 0.0485 71 58 343 306
cat 0.0379 58 94 456 375
cat 0.0034 93 141 247 296
cat 0.0025 129 194 304 332
cat 0.0013 135 166 378 298
chair 0.4365 129 80 451 388
chair 0.1518 13 -14 492 328
chair 0.0185 77 52 262 270
chair 0.0089 158 200 467 371
chair 0.0013 316 20 498 347
chair 0.0011 441 -42 500 320
chair 0.0010 38 63 243 378
diningtable 0.0539 64 198 456 377
diningtable 0.0047 2 92 496 429
dog 0.0033 161 172 463 369
dog 0.0028 90 64 250 284
person 0.0090 17 0 488 386
person 0.0012 71 58 343 306
sofa 0.4615 17 0 488 386
sofa 0.0035 64 198 456 377
sofa 0.0028 87 -4 481 217
sofa 0.0013 69 38 344 280
tvmonitor 0.0012 342 0 417 19
