bottle 0.0410 460 35 494 172
bottle 0.0115 2 99 23 150
bottle 0.0072 58 84 69 110
bottle 0.0056 474 50 496 182
bottle 0.0034 64 83 79 108
bottle 0.0032 486 93 500 175
bottle 0.0030 15 102 29 128
bottle 0.0028 12 102 30 146
bottle 0.0027 0 89 12 160
bottle 0.0025 5 111 20 138
bottle 0.0024 4 104 22 128
bottle 0.0022 60 75 82 115
bottle 0.0021 57 61 73 112
bottle 0.0014 0 116 9 151
bottle 0.0014 0 114 25 171
bottle 0.0013 464 59 486 132
bottle 0.0013 479 96 495 169
bottle 0.0012 158 113 177 173
bottle 0.0010 245 8 266 50
bottle 0.0010 120 336 134 376
chair 0.0684 246 145 397 355
chair 0.0626 29 127 135 369
chair 0.0295 -2 208 102 372
chair 0.0256 229 228 414 368
chair 0.0229 361 250 494 367
chair 0.0153 0 280 43 373
chair 0.0110 0 247 26 374
chair 0.0051 243 289 480 376
chair 0.0044 183 170 333 340
chair 0.0032 0 285 94 372
chair 0.0030 0 152 59 394
chair 0.0028 349 248 405 333
chair 0.0018 368 227 415 325
chair 0.0016 0 133 25 339
chair 0.0015 49 303 452 378
chair 0.0011 2 105 95 329
chair 0.0011 197 229 288 321
chair 0.0011 335 188 412 348
diningtable 0.0107 361 250 494 367
diningtable 0.0101 -2 243 98 372
diningtable 0.0079 49 303 452 378
diningtable 0.0034 65 325 219 374
diningtable 0.0032 212 151 384 350
diningtable 0.0025 229 228 414 368
diningtable 0.0018 243 289 480 376
diningtable 0.0012 259 322 454 373
diningtable 0.0010 0 280 43 373
person 0.8585 245 138 395 338
person 0.6541 31 98 137 331
person 0.3623 77 -7 165 321
person 0.0499 -3 135 100 378
person 0.0368 78 5 162 165
person 0.0259 183 170 333 340
person 0.0251 -1 112 54 399
person 0.0151 0 210 25 376
person 0.0071 460 35 494 172
person 0.0070 339 18 408 179
person 0.0044 6 111 93 290
person 0.0036 94 2 187 234
person 0.0034 474 50 496 182
person 0.0031 0 132 26 300
person 0.0027 142 37 180 122
person 0.0027 43 80 199 362
person 0.0017 229 228 414 368
person 0.0016 0 224 46 363
person 0.0015 144 44 172 92
person 0.0015 324 179 486 344
person 0.0015 27 116 72 236
person 0.0014 0 101 24 165
person 0.0011 237 20 415 370
person 0.0011 194 39 216 76
person 0.0011 349 4 395 122
person 0.0011 40 31 136 251
person 0.0011 341 -6 434 280
person 0.0011 0 105 51 172
person 0.0010 -2 67 32 372
pottedplant 0.0011 460 52 493 182
sofa 0.0101 0 126 136 378
sofa 0.0042 -2 208 102 372
sofa 0.0036 361 250 494 367
sofa 0.0011 196 143 398 361
sofa 0.0011 0 210 25 376
tvmonitor 0.0014 460 35 494 172
tvmonitor 0.0013 0 132 26 300
