bicycle 0.1699 45 236 123 307
bicycle 0.0082 58 247 105 289
bicycle 0.0050 22 197 121 345
bicycle 0.0033 49 234 96 284
bicycle 0.0014 63 255 118 298
car 0.0012 153 202 202 241
chair 0.0031 4 0 126 364
dog 0.0010 58 247 105 289
motorbike 0.0025 58 247 105 289
motorbike 0.0020 49 234 96 284
person 0.9606 384 193 446 339
person 0.0864 383 203 414 338
person 0.0135 409 189 444 293
person 0.0067 489 173 499 270
person 0.0037 244 225 264 274
person 0.0024 439 205 453 293
person 0.0015 433 203 446 293
person 0.0014 58 247 105 289
person 0.0013 49 234 96 284
pottedplant 0.0015 479 184 498 286
pottedplant 0.0015 452 195 493 282
tvmonitor 0.0030 1 3 127 289
