bicycle 0.9968 136 132 333 293
bicycle 0.1402 139 41 300 273
bicycle 0.0043 304 197 459 331
bottle 0.0010 151 126 162 156
car 0.0441 70 10 94 23
car 0.0101 60 10 85 23
car 0.0048 30 8 54 22
car 0.0039 116 12 140 23
car 0.0025 59 9 103 25
car 0.0021 107 11 133 25
car 0.0014 145 3 211 31
car 0.0014 125 11 149 22
car 0.0011 51 11 74 23
car 0.0010 18 6 67 26
chair 0.0143 140 79 300 268
dog 0.9764 316 196 467 333
horse 0.0042 316 190 465 326
motorbike 0.0018 140 79 300 268
person 0.8685 142 10 288 262
person 0.0031 137 49 232 258
person 0.0012 130 16 205 218
person 0.0011 -3 -88 62 243
