aeroplane 0.9989 14 76 481 248
aeroplane 0.0319 451 130 499 172
aeroplane 0.0198 -1 182 47 217
aeroplane 0.0078 465 118 501 194
aeroplane 0.0074 -1 171 24 215
aeroplane 0.0072 448 173 500 206
aeroplane 0.0066 402 119 497 195
aeroplane 0.0038 310 67 498 213
aeroplane 0.0035 434 178 481 203
aeroplane 0.0032 436 139 502 201
aeroplane 0.0028 0 189 12 212
aeroplane 0.0021 435 106 502 176
aeroplane 0.0021 19 123 323 240
aeroplane 0.0020 473 129 500 174
aeroplane 0.0019 447 152 500 189
aeroplane 0.0012 378 144 485 206
aeroplane 0.0011 0 197 9 217
aeroplane 0.0011 428 166 484 200
aeroplane 0.0010 0 189 23 213
aeroplane 0.0010 0 179 11 204
boat 0.0019 490 182 500 203
boat 0.0010 -2 182 25 216
car 0.0023 0 197 9 217
car 0.0022 490 182 500 203
car 0.0017 448 182 470 201
car 0.0013 0 189 12 212
car 0.0010 444 177 489 204
chair 0.0010 2 281 90 341
person 0.0011 346 211 368 240
