bottle 0.0094 166 164 177 194
bottle 0.0059 161 163 170 195
bottle 0.0012 133 150 153 201
bottle 0.0011 0 364 18 413
bottle 0.0010 175 165 189 191
bottle 0.0010 171 157 193 196
chair 0.4219 93 81 351 481
chair 0.0016 -6 211 313 442
chair 0.0013 216 91 375 490
diningtable 0.0075 -33 403 329 499
diningtable 0.0016 41 179 342 467
person 0.9768 100 73 345 449
person 0.0510 22 247 131 413
person 0.0075 -6 211 313 442
person 0.0020 39 252 267 402
person 0.0014 133 150 153 201
sofa 0.0461 41 179 342 467
tvmonitor 0.0020 116 67 209 142
