boat 0.0010 1 6 497 336
bottle 0.0243 283 114 304 169
bottle 0.0029 291 116 313 167
bottle 0.0027 272 115 323 197
bottle 0.0019 230 46 282 142
bottle 0.0011 256 99 302 178
bottle 0.0011 302 115 321 166
bottle 0.0011 299 119 329 228
bottle 0.0010 301 125 322 194
bottle 0.0010 270 115 298 166
person 0.9061 433 180 498 327
person 0.7438 31 82 322 329
person 0.3832 378 218 436 328
person 0.0811 381 184 487 326
person 0.0757 -3 80 62 339
person 0.0137 -2 53 495 351
person 0.0119 1 76 55 192
person 0.0055 376 249 423 303
person 0.0052 -7 70 118 342
person 0.0045 114 38 378 313
person 0.0040 442 173 498 256
person 0.0037 403 216 456 323
person 0.0028 436 204 458 252
person 0.0027 262 117 329 311
person 0.0026 472 181 498 322
person 0.0024 1 78 82 241
person 0.0021 490 224 499 329
person 0.0018 288 166 464 329
person 0.0014 58 36 282 143
person 0.0013 388 188 436 284
person 0.0012 384 242 414 295
person 0.0011 167 86 334 241
tvmonitor 0.0068 348 162 441 217
tvmonitor 0.0032 364 169 414 207
tvmonitor 0.0015 321 165 362 212
