bottle 0.0339 344 70 355 98
bottle 0.0129 181 0 198 58
bottle 0.0103 149 247 168 290
bottle 0.0083 338 72 349 97
bottle 0.0043 184 4 195 34
bottle 0.0043 158 6 174 52
bottle 0.0030 152 6 168 52
bottle 0.0027 168 1 190 56
bottle 0.0025 186 5 202 69
bottle 0.0015 188 4 199 33
bottle 0.0013 318 15 328 42
bottle 0.0012 161 4 172 35
chair 0.0090 401 156 498 385
chair 0.0031 398 6 499 350
person 0.6766 387 -20 503 382
person 0.0054 411 -56 497 258
person 0.0018 271 17 291 55
person 0.0011 259 -2 476 386
pottedplant 0.0015 344 70 355 98
sofa 0.0063 409 -42 497 278
sofa 0.0024 401 124 498 376
tvmonitor 0.8288 303 106 373 184
tvmonitor 0.7869 374 93 424 187
tvmonitor 0.5837 53 136 210 285
tvmonitor 0.2182 132 132 217 272
tvmonitor 0.0260 393 102 423 169
tvmonitor 0.0108 0 282 27 372
tvmonitor 0.0074 409 -42 497 278
tvmonitor 0.0072 8 253 179 374
tvmonitor 0.0060 359 95 397 182
tvmonitor 0.0057 213 102 370 196
tvmonitor 0.0056 18 -20 335 174
tvmonitor 0.0047 50 235 95 283
tvmonitor 0.0033 53 113 200 170
tvmonitor 0.0033 46 113 216 210
tvmonitor 0.0030 7 4 182 155
tvmonitor 0.0027 53 169 153 260
tvmonitor 0.0025 2 259 45 370
tvmonitor 0.0023 0 305 11 385
tvmonitor 0.0023 227 100 320 178
tvmonitor 0.0022 27 135 240 378
tvmonitor 0.0022 0 3 24 163
tvmonitor 0.0014 216 167 304 224
tvmonitor 0.0013 1 326 26 381
tvmonitor 0.0013 33 126 181 187
tvmonitor 0.0012 8 313 37 376
tvmonitor 0.0012 -2 211 93 377
tvmonitor 0.0011 370 102 387 185
tvmonitor 0.0011 0 188 22 364
tvmonitor 0.0011 45 222 130 287
tvmonitor 0.0011 377 92 397 177
tvmonitor 0.0010 4 283 91 372
