boat 0.0036 105 171 218 250
bottle 0.0475 464 120 487 185
bottle 0.0263 416 238 435 282
bottle 0.0075 475 123 498 183
bottle 0.0070 448 210 467 271
bottle 0.0059 399 174 416 195
bottle 0.0039 486 119 500 189
bottle 0.0035 469 147 485 194
bottle 0.0028 435 182 466 285
bottle 0.0024 375 172 387 197
bottle 0.0022 470 157 482 187
bottle 0.0021 418 181 451 286
bottle 0.0018 449 167 461 193
bottle 0.0012 490 157 498 191
person 0.5740 111 137 214 220
person 0.0105 94 109 222 256
person 0.0059 116 147 175 219
person 0.0038 163 152 192 209
person 0.0031 130 150 165 197
person 0.0030 136 138 180 188
person 0.0023 144 145 191 200
pottedplant 0.0479 475 123 498 183
pottedplant 0.0299 464 120 487 185
pottedplant 0.0287 486 119 500 189
pottedplant 0.0020 453 125 495 181
pottedplant 0.0013 489 133 498 174
pottedplant 0.0011 490 157 498 191
tvmonitor 0.9288 228 129 354 254
tvmonitor 0.8853 94 109 222 256
tvmonitor 0.1718 0 98 98 256
tvmonitor 0.0373 111 137 214 220
tvmonitor 0.0026 105 171 218 250
tvmonitor 0.0024 1 104 203 256
tvmonitor 0.0023 7 114 112 203
tvmonitor 0.0020 1 90 24 229
tvmonitor 0.0020 354 191 428 272
tvmonitor 0.0013 50 75 238 298
