aeroplane 0.0020 244 138 266 150
boat 0.9251 10 2 238 234
boat 0.2304 244 138 266 150
boat 0.0891 4 172 167 227
boat 0.0450 -3 -3 102 202
boat 0.0327 -14 193 226 234
boat 0.0263 18 219 86 240
boat 0.0193 9 147 245 237
boat 0.0130 12 224 30 240
boat 0.0119 73 169 209 228
boat 0.0093 -6 182 106 238
boat 0.0080 0 200 11 258
boat 0.0067 31 174 92 209
boat 0.0051 -4 182 69 223
boat 0.0049 0 208 28 249
boat 0.0049 0 162 50 231
boat 0.0048 19 208 84 235
boat 0.0039 -1 218 46 241
boat 0.0039 0 214 10 246
boat 0.0034 244 131 268 154
boat 0.0031 1 220 26 240
boat 0.0029 78 -5 212 203
boat 0.0028 26 225 59 236
boat 0.0027 312 139 332 151
boat 0.0025 -1 -25 21 226
boat 0.0022 245 131 264 145
boat 0.0019 31 223 72 235
boat 0.0018 234 135 275 151
boat 0.0017 0 144 9 240
boat 0.0016 0 202 8 238
boat 0.0015 18 225 44 236
boat 0.0013 116 190 179 229
boat 0.0010 164 13 237 192
boat 0.0010 182 41 217 200
car 0.0014 30 171 92 195
person 0.2532 126 166 149 199
person 0.2320 151 171 166 194
person 0.0639 113 169 129 194
person 0.0598 122 170 139 194
person 0.0375 160 172 174 194
person 0.0307 140 172 157 194
person 0.0126 147 172 169 207
person 0.0120 119 162 143 191
person 0.0118 92 173 109 193
person 0.0102 131 175 147 200
person 0.0086 98 168 144 195
person 0.0064 127 167 169 200
person 0.0062 101 172 120 193
person 0.0052 169 169 183 194
person 0.0040 157 174 179 225
person 0.0023 64 88 82 162
person 0.0023 155 168 179 199
person 0.0022 73 87 89 162
person 0.0020 166 174 185 227
person 0.0016 134 176 180 222
person 0.0016 165 163 186 200
person 0.0014 152 166 168 186
person 0.0013 119 168 143 208
person 0.0012 139 167 157 186
person 0.0012 120 161 163 225
person 0.0011 12 224 30 240
person 0.0011 73 169 209 228
train 0.0015 51 194 234 235
