bottle 0.0174 100 289 149 371
bottle 0.0112 120 285 154 373
bottle 0.0052 211 158 223 186
bottle 0.0045 118 305 145 365
bottle 0.0032 238 160 253 186
bottle 0.0027 217 159 232 184
bottle 0.0018 135 296 157 360
bottle 0.0015 96 241 147 355
bottle 0.0014 239 148 264 194
bottle 0.0010 82 273 163 363
bottle 0.0010 120 238 161 355
bus 0.0053 31 3 468 383
bus 0.0014 228 -2 503 372
chair 0.0025 51 110 320 384
person 0.9995 65 66 336 373
person 0.2098 214 106 265 199
person 0.0249 212 95 295 222
person 0.0198 63 106 147 365
person 0.0068 222 152 249 192
person 0.0054 79 66 265 224
person 0.0053 239 148 264 194
person 0.0047 68 -15 493 391
person 0.0046 76 68 168 284
person 0.0044 219 112 249 160
person 0.0044 211 158 223 186
person 0.0041 185 96 261 185
person 0.0035 217 159 232 184
person 0.0024 177 52 383 385
person 0.0019 214 151 236 190
person 0.0016 238 160 253 186
person 0.0015 163 78 334 220
person 0.0010 226 161 244 184
train 0.0126 31 3 468 383
train 0.0013 51 47 314 360
tvmonitor 0.0490 31 3 468 383
tvmonitor 0.0159 51 47 314 360
tvmonitor 0.0033 228 -2 503 372
