bicycle 0.5816 76 139 312 492
bicycle 0.0851 18 106 207 484
bicycle 0.0284 128 69 392 496
bicycle 0.0280 323 146 389 453
bicycle 0.0080 234 159 392 491
bicycle 0.0041 -29 195 417 511
bicycle 0.0017 283 58 397 449
bottle 0.2202 328 179 388 495
bottle 0.0443 375 75 388 146
bottle 0.0071 75 154 94 199
car 0.0199 23 24 365 496
chair 0.0078 -1 142 315 495
chair 0.0011 269 120 325 195
chair 0.0010 64 23 181 260
motorbike 0.2143 17 61 368 496
motorbike 0.0147 323 146 389 453
motorbike 0.0016 18 106 207 484
person 0.9747 75 42 316 477
person 0.2963 65 18 181 196
person 0.1542 36 21 188 484
person 0.0027 -16 135 397 494
person 0.0024 323 146 389 453
person 0.0019 64 8 220 342
person 0.0011 133 40 336 311
