bottle 0.0127 283 -1 302 15
bottle 0.0112 276 -1 291 14
bottle 0.0071 468 42 480 72
bottle 0.0062 456 32 476 80
bottle 0.0055 465 31 482 81
bottle 0.0053 445 22 469 73
bottle 0.0042 206 0 224 20
bottle 0.0040 226 0 244 18
bottle 0.0035 460 43 473 71
bottle 0.0027 244 0 266 19
bottle 0.0025 214 -1 235 18
bottle 0.0020 292 -1 313 15
bottle 0.0014 253 0 274 17
bottle 0.0014 266 0 283 15
bottle 0.0014 448 44 465 68
bottle 0.0013 345 42 355 71
bottle 0.0013 466 44 484 104
bottle 0.0013 271 -4 314 18
bottle 0.0012 238 0 253 18
bottle 0.0010 317 39 361 118
bottle 0.0010 439 8 461 67
chair 0.9577 10 43 328 379
chair 0.0867 431 68 500 360
chair 0.0474 16 -6 311 244
chair 0.0469 413 11 492 157
chair 0.0103 446 47 499 156
chair 0.0086 237 2 278 80
chair 0.0085 419 75 495 160
chair 0.0084 243 19 264 74
chair 0.0073 317 39 361 118
chair 0.0051 444 14 494 108
chair 0.0045 416 53 459 150
chair 0.0045 241 3 267 51
chair 0.0033 197 2 281 77
chair 0.0030 474 7 500 117
chair 0.0029 254 8 336 123
chair 0.0023 178 0 311 132
chair 0.0022 475 31 498 80
chair 0.0012 1 -2 131 380
chair 0.0011 472 32 500 171
chair 0.0011 431 11 478 82
chair 0.0011 447 87 500 187
chair 0.0010 347 48 435 117
chair 0.0010 485 22 501 90
diningtable 0.0056 413 11 492 157
diningtable 0.0019 433 104 501 362
diningtable 0.0013 419 75 495 160
diningtable 0.0013 0 -33 342 356
diningtable 0.0012 446 23 496 141
person 0.1561 413 11 492 157
person 0.1132 433 20 500 303
person 0.0160 447 65 500 173
person 0.0094 428 12 481 117
person 0.0058 446 23 496 141
person 0.0038 472 54 500 187
person 0.0037 276 -1 291 14
person 0.0031 345 42 355 71
person 0.0025 420 71 479 163
person 0.0022 416 53 459 150
person 0.0022 283 -1 302 15
person 0.0021 364 19 390 56
person 0.0014 342 39 356 92
person 0.0013 386 -23 500 405
person 0.0012 478 72 500 282
person 0.0011 465 -10 502 329
person 0.0011 449 96 497 219
pottedplant 0.0295 283 -1 302 15
pottedplant 0.0283 244 7 266 27
pottedplant 0.0190 244 0 266 19
pottedplant 0.0129 204 -4 245 23
pottedplant 0.0115 276 -1 291 14
pottedplant 0.0094 237 3 272 31
pottedplant 0.0091 271 -4 314 18
pottedplant 0.0072 317 39 361 118
pottedplant 0.0072 253 0 274 17
pottedplant 0.0069 226 0 244 18
pottedplant 0.0060 214 -1 235 18
pottedplant 0.0046 243 -1 283 22
pottedplant 0.0040 292 -1 313 15
pottedplant 0.0040 206 0 224 20
pottedplant 0.0027 266 0 283 15
pottedplant 0.0023 238 7 253 26
pottedplant 0.0022 195 -1 282 52
pottedplant 0.0019 326 46 354 106
pottedplant 0.0018 238 -5 279 55
pottedplant 0.0017 252 7 274 26
pottedplant 0.0016 225 6 244 26
pottedplant 0.0016 213 1 255 33
pottedplant 0.0016 238 0 253 18
pottedplant 0.0015 215 6 234 26
pottedplant 0.0014 238 -1 320 49
pottedplant 0.0011 192 0 241 34
pottedplant 0.0010 475 31 498 80
sofa 0.1536 14 -7 313 325
sofa 0.0571 431 68 500 360
sofa 0.0443 413 11 492 157
sofa 0.0033 419 75 495 160
sofa 0.0016 433 41 500 200
sofa 0.0010 339 10 490 131
tvmonitor 0.0012 431 68 500 360
