bicycle 0.0038 0 249 13 308
bus 0.8613 17 134 121 253
bus 0.5563 259 112 453 213
bus 0.2071 426 93 501 184
bus 0.0414 368 95 496 213
bus 0.0104 316 109 492 251
bus 0.0083 -1 134 24 264
bus 0.0064 362 121 457 195
bus 0.0060 160 174 245 229
bus 0.0056 0 238 13 303
bus 0.0051 175 173 236 211
bus 0.0050 5 141 47 258
bus 0.0033 184 173 208 213
bus 0.0030 205 113 377 242
bus 0.0026 1 188 23 292
bus 0.0020 136 199 181 231
bus 0.0019 159 175 214 211
bus 0.0017 471 93 501 182
bus 0.0017 378 184 500 284
bus 0.0015 0 121 62 278
bus 0.0014 151 188 199 220
bus 0.0010 252 121 388 197
car 0.9957 214 201 338 262
car 0.9660 135 204 183 238
car 0.7607 378 184 500 284
car 0.7277 181 209 228 249
car 0.1444 0 238 13 303
car 0.1199 326 207 374 240
car 0.0586 127 204 150 233
car 0.0499 1 188 23 292
car 0.0464 303 205 359 241
car 0.0392 4 206 43 301
car 0.0331 22 294 59 374
car 0.0316 224 202 266 224
car 0.0296 152 198 200 228
car 0.0189 336 212 364 243
car 0.0161 267 204 338 223
car 0.0146 144 199 174 231
car 0.0134 -2 260 11 313
car 0.0113 167 205 211 237
car 0.0107 178 201 197 222
car 0.0105 286 201 340 239
car 0.0101 344 201 393 241
car 0.0083 184 216 212 241
car 0.0069 166 201 188 222
car 0.0065 180 207 197 232
car 0.0061 0 250 11 284
car 0.0060 211 205 295 224
car 0.0059 154 202 179 223
car 0.0058 185 210 209 233
car 0.0057 226 202 247 220
car 0.0055 0 197 10 283
car 0.0053 358 197 381 245
car 0.0053 186 203 205 222
car 0.0051 272 198 355 248
car 0.0048 175 194 199 231
car 0.0041 122 206 140 233
car 0.0041 0 281 7 310
car 0.0039 172 206 187 232
car 0.0039 0 251 22 305
car 0.0039 0 204 8 236
car 0.0037 339 207 362 220
car 0.0029 0 180 12 245
car 0.0029 186 175 208 191
car 0.0027 183 193 207 233
car 0.0026 5 198 19 225
car 0.0024 370 203 390 256
car 0.0022 289 204 316 218
car 0.0021 21 242 40 294
car 0.0021 182 215 196 240
car 0.0020 166 198 243 244
car 0.0020 3 191 23 233
car 0.0018 0 221 20 359
car 0.0017 -2 335 25 375
car 0.0017 4 262 55 367
car 0.0017 16 232 34 289
car 0.0016 -1 286 24 377
car 0.0016 362 216 378 242
car 0.0016 0 231 8 266
car 0.0016 149 197 168 211
car 0.0014 489 190 500 216
car 0.0013 6 190 19 215
car 0.0013 165 196 190 213
car 0.0013 332 197 385 232
car 0.0013 381 185 435 218
car 0.0012 317 194 394 245
car 0.0012 0 341 11 370
car 0.0012 328 206 353 219
car 0.0012 280 217 345 261
car 0.0012 198 209 255 251
car 0.0012 0 177 8 205
car 0.0012 225 209 247 226
car 0.0011 273 195 293 208
car 0.0011 149 176 203 212
car 0.0011 176 219 217 252
car 0.0011 202 210 226 230
car 0.0011 381 180 487 221
car 0.0011 193 199 297 249
car 0.0011 347 217 371 240
car 0.0010 156 196 179 213
car 0.0010 373 190 418 252
car 0.0010 153 216 181 236
car 0.0010 449 178 498 214
car 0.0010 175 173 236 211
motorbike 0.0164 0 249 13 308
motorbike 0.0046 1 202 22 301
motorbike 0.0032 22 294 59 374
motorbike 0.0031 21 242 40 294
motorbike 0.0022 4 206 43 301
person 0.0878 21 242 40 294
person 0.0583 1 202 22 301
person 0.0255 5 187 39 290
person 0.0249 22 294 59 374
person 0.0231 464 195 486 214
person 0.0228 0 238 13 303
person 0.0223 457 196 476 214
person 0.0164 13 200 31 279
person 0.0147 0 197 10 283
person 0.0130 476 194 495 214
person 0.0110 24 251 38 284
person 0.0101 24 255 43 315
person 0.0096 457 189 491 218
person 0.0092 438 195 456 213
person 0.0080 449 196 466 214
person 0.0047 28 302 56 349
person 0.0040 0 204 8 236
person 0.0039 16 232 34 289
person 0.0038 0 180 12 245
person 0.0036 5 198 19 225
person 0.0036 0 221 20 359
person 0.0035 472 187 498 218
person 0.0032 -2 260 11 313
person 0.0031 20 253 31 285
person 0.0031 428 197 448 211
person 0.0027 469 116 480 137
person 0.0025 419 195 436 212
person 0.0025 3 191 23 233
person 0.0023 463 116 472 137
person 0.0015 29 317 55 373
person 0.0015 0 250 11 284
person 0.0014 489 190 500 216
person 0.0013 0 281 7 310
person 0.0012 437 195 495 221
person 0.0011 6 190 19 215
person 0.0011 5 207 21 232
person 0.0010 0 251 22 305
train 0.0028 175 173 236 211
train 0.0010 410 97 497 185
