bottle 0.0664 40 238 83 305
bottle 0.0139 306 129 319 177
bottle 0.0081 307 146 317 178
bottle 0.0079 177 78 193 100
bottle 0.0060 341 139 362 186
bottle 0.0032 293 213 435 374
bottle 0.0028 60 233 84 301
bottle 0.0028 227 160 243 184
bottle 0.0022 220 149 262 213
bottle 0.0021 221 154 248 193
bottle 0.0020 241 147 266 200
bottle 0.0019 220 162 233 182
bottle 0.0017 174 75 197 114
bottle 0.0014 61 121 265 298
bottle 0.0014 330 140 356 186
bottle 0.0013 439 152 452 177
cat 0.0010 298 195 431 333
chair 0.1236 293 213 435 374
chair 0.0920 61 121 265 298
chair 0.0201 25 165 72 238
chair 0.0118 295 204 339 309
chair 0.0064 394 207 435 334
chair 0.0042 26 176 79 208
chair 0.0039 415 165 488 348
chair 0.0037 240 184 277 294
chair 0.0036 378 193 446 351
chair 0.0035 252 189 297 291
chair 0.0034 220 149 262 213
chair 0.0028 277 183 318 295
chair 0.0024 25 178 73 289
chair 0.0023 27 178 104 251
chair 0.0023 298 177 429 305
chair 0.0021 216 279 446 376
chair 0.0017 412 177 456 329
chair 0.0014 347 197 438 320
chair 0.0014 239 143 274 245
chair 0.0014 289 181 336 261
diningtable 0.6606 -13 281 430 369
diningtable 0.0156 33 130 263 291
diningtable 0.0106 293 213 435 374
diningtable 0.0081 298 177 429 305
diningtable 0.0017 216 279 446 376
diningtable 0.0013 415 165 488 348
diningtable 0.0011 310 288 432 374
dog 0.0026 298 195 431 333
person 0.9979 49 89 272 295
person 0.4079 298 195 431 333
person 0.0064 220 149 262 213
person 0.0040 241 147 266 200
person 0.0030 221 154 248 193
person 0.0027 220 162 233 182
person 0.0022 174 75 197 114
person 0.0015 239 143 274 245
person 0.0015 231 142 258 184
person 0.0014 227 160 243 184
person 0.0011 17 145 189 283
pottedplant 0.0064 215 153 258 192
pottedplant 0.0034 221 155 266 209
pottedplant 0.0015 227 160 243 184
pottedplant 0.0010 490 231 500 305
sofa 0.0083 299 195 419 381
sofa 0.0023 304 206 409 306
sofa 0.0010 220 149 262 213
tvmonitor 0.0829 271 87 309 163
tvmonitor 0.0374 191 62 280 208
tvmonitor 0.0039 193 65 254 169
tvmonitor 0.0033 40 39 288 289
tvmonitor 0.0016 220 149 262 213
tvmonitor 0.0015 177 78 193 100
tvmonitor 0.0011 40 238 83 305
