bus 0.0067 417 166 495 241
bus 0.0062 71 160 183 213
bus 0.0030 0 161 33 239
bus 0.0010 90 162 146 204
car 0.9987 108 180 385 357
car 0.8772 89 166 193 230
car 0.7207 432 173 496 245
car 0.3503 0 163 44 241
car 0.1235 65 162 151 229
car 0.0627 0 160 95 237
car 0.0623 137 170 222 226
car 0.0447 164 183 211 220
car 0.0421 89 166 113 219
car 0.0345 85 163 130 233
car 0.0240 343 168 474 276
car 0.0193 172 190 222 231
car 0.0189 488 172 499 249
car 0.0185 121 166 170 233
car 0.0157 2 154 188 237
car 0.0151 373 159 491 235
car 0.0145 128 178 188 223
car 0.0114 94 161 163 205
car 0.0098 77 170 123 215
car 0.0094 95 174 122 231
car 0.0087 197 192 216 210
car 0.0083 149 172 205 212
car 0.0066 361 143 456 343
car 0.0063 68 164 112 202
car 0.0063 427 171 485 211
car 0.0054 328 161 374 184
car 0.0048 -1 176 29 227
car 0.0048 477 183 499 241
car 0.0046 260 165 284 178
car 0.0045 -1 199 10 260
car 0.0044 70 162 93 204
car 0.0041 253 165 274 180
car 0.0040 350 165 371 183
car 0.0039 223 174 419 347
car 0.0037 153 184 252 235
car 0.0037 451 197 499 242
car 0.0035 175 167 197 180
car 0.0034 292 162 454 360
car 0.0030 489 193 500 226
car 0.0028 246 163 320 179
car 0.0028 329 164 351 180
car 0.0026 184 187 228 214
car 0.0026 71 180 91 201
car 0.0025 178 182 302 244
car 0.0024 150 188 204 227
car 0.0023 106 165 131 217
car 0.0022 73 163 92 185
car 0.0022 272 165 293 177
car 0.0021 -1 166 22 296
car 0.0020 291 162 313 178
car 0.0019 62 168 213 261
car 0.0019 100 172 146 244
car 0.0018 15 159 159 209
car 0.0018 1 192 43 224
car 0.0018 336 164 384 198
car 0.0018 337 164 364 181
car 0.0018 174 188 201 211
car 0.0016 112 160 167 188
car 0.0016 21 169 72 251
car 0.0016 162 168 211 198
car 0.0015 72 170 91 194
car 0.0015 139 165 196 200
car 0.0015 120 182 328 286
car 0.0015 -1 201 7 237
car 0.0014 334 168 375 261
car 0.0014 1 221 44 254
car 0.0014 91 198 263 335
car 0.0014 413 173 458 252
car 0.0013 176 173 198 190
car 0.0013 302 155 340 185
car 0.0012 60 174 103 206
car 0.0011 281 163 305 177
car 0.0010 -1 169 10 234
car 0.0010 184 191 246 227
car 0.0010 309 159 332 180
car 0.0010 477 168 498 217
chair 0.0041 361 186 456 382
chair 0.0014 429 231 463 361
chair 0.0013 409 252 455 371
diningtable 0.0010 361 186 456 382
motorbike 0.0013 -1 199 10 260
motorbike 0.0012 91 173 113 227
motorbike 0.0011 488 172 499 249
motorbike 0.0010 -1 162 31 256
person 0.9545 358 141 455 376
person 0.0287 91 173 113 227
person 0.0145 -1 199 10 260
person 0.0118 360 160 379 200
person 0.0084 216 170 233 193
person 0.0062 -1 201 7 237
person 0.0056 -1 162 31 256
person 0.0047 37 187 52 253
person 0.0046 97 184 121 234
person 0.0040 208 178 224 204
person 0.0035 488 161 499 242
person 0.0029 85 163 130 233
person 0.0028 369 161 387 186
person 0.0027 213 171 236 208
person 0.0024 88 160 113 206
person 0.0021 211 174 225 194
person 0.0018 42 181 57 258
person 0.0017 348 161 391 198
person 0.0017 350 165 371 183
person 0.0016 101 165 148 233
person 0.0015 309 145 332 180
person 0.0013 -1 169 10 234
person 0.0011 0 178 21 330
train 0.0013 0 163 44 241
