aeroplane 0.0011 139 164 257 234
bird 0.9798 429 257 497 336
bird 0.0017 432 296 499 335
cat 0.0011 429 248 496 333
cow 0.0131 308 86 333 105
cow 0.0034 459 95 491 113
cow 0.0029 139 155 257 228
cow 0.0016 14 82 32 130
sheep 0.9636 139 155 257 228
sheep 0.6972 308 86 333 105
sheep 0.6317 459 95 491 113
sheep 0.0489 196 77 213 88
sheep 0.0380 131 148 184 196
sheep 0.0354 136 145 228 202
sheep 0.0173 14 82 32 130
sheep 0.0164 296 84 333 108
sheep 0.0130 472 98 494 114
sheep 0.0101 452 97 494 123
sheep 0.0064 320 90 337 103
sheep 0.0062 462 96 505 118
sheep 0.0057 465 100 488 118
sheep 0.0043 424 248 496 333
sheep 0.0035 283 89 296 143
sheep 0.0033 312 84 331 96
sheep 0.0024 213 165 260 203
sheep 0.0022 453 84 494 114
sheep 0.0014 285 90 295 118
sheep 0.0012 486 95 500 116
sheep 0.0010 486 86 498 107
