boat 0.0012 440 213 492 248
boat 0.0011 488 161 499 242
bus 0.0016 475 156 496 210
bus 0.0014 0 170 11 235
car 0.0039 0 170 11 235
car 0.0033 0 187 9 217
car 0.0013 0 200 11 280
car 0.0010 309 225 334 238
car 0.0010 259 228 287 268
person 0.0043 465 161 485 219
person 0.0031 469 160 480 182
person 0.0015 455 231 473 247
person 0.0013 475 156 496 210
person 0.0011 488 228 499 328
person 0.0010 469 166 481 193
train 0.9623 1 114 420 232
train 0.0259 127 98 501 260
train 0.0184 303 112 501 244
train 0.0128 4 59 496 309
train 0.0048 449 152 495 243
train 0.0014 475 156 496 210
train 0.0012 473 150 499 241
train 0.0010 402 158 496 239
