aeroplane 0.0066 5 54 496 341
boat 0.1803 5 54 496 341
boat 0.0035 8 229 490 326
boat 0.0025 34 136 384 326
bottle 0.3758 168 98 219 170
bottle 0.0021 158 83 237 279
car 0.0016 123 59 454 325
chair 0.0014 189 52 473 327
person 0.9853 244 29 485 327
person 0.2750 88 74 411 324
person 0.2095 31 123 139 312
person 0.1434 36 103 223 326
person 0.0907 135 83 226 338
person 0.0090 214 24 310 331
person 0.0055 152 96 220 171
person 0.0042 320 29 488 237
person 0.0033 131 94 292 251
person 0.0014 7 110 95 322
person 0.0011 192 76 381 267
sofa 0.0015 123 59 454 325
train 0.0085 5 54 496 341
tvmonitor 0.0068 55 16 515 332
