bicycle 0.0020 83 202 232 375
boat 0.0249 83 202 232 375
bottle 0.0573 91 157 111 209
bottle 0.0179 56 263 84 292
bottle 0.0048 62 262 80 281
bottle 0.0044 50 270 92 301
bottle 0.0043 52 265 109 293
bottle 0.0035 48 245 59 275
bottle 0.0032 56 269 71 290
bottle 0.0025 350 184 369 202
bottle 0.0024 83 158 120 236
bottle 0.0018 55 259 69 282
bottle 0.0014 341 183 361 202
bottle 0.0013 411 183 427 203
bottle 0.0010 289 319 314 333
car 0.0019 0 213 11 286
car 0.0016 3 226 22 276
car 0.0012 83 202 232 375
cat 0.0080 339 302 441 376
chair 0.0227 448 280 499 377
chair 0.0159 83 202 232 375
chair 0.0048 64 186 114 284
chair 0.0042 81 157 122 269
chair 0.0031 47 155 124 352
chair 0.0010 437 211 498 383
chair 0.0010 477 216 496 261
cow 0.0112 333 305 443 379
diningtable 0.0048 61 204 227 379
diningtable 0.0010 447 258 500 372
dog 0.9452 333 305 443 379
dog 0.0014 347 304 403 375
horse 0.0035 333 305 443 379
motorbike 0.0314 83 202 232 375
person 0.8332 84 165 230 380
person 0.0129 56 172 157 372
person 0.0076 134 213 230 373
person 0.0023 48 245 59 275
person 0.0022 4 232 23 282
person 0.0019 52 264 91 292
person 0.0012 0 224 11 291
person 0.0010 281 319 305 334
person 0.0010 83 158 120 236
pottedplant 0.1068 362 185 415 216
pottedplant 0.0509 372 179 425 206
pottedplant 0.0433 350 184 369 202
pottedplant 0.0280 368 192 391 210
pottedplant 0.0263 353 179 405 206
pottedplant 0.0245 335 180 384 204
pottedplant 0.0140 411 183 427 203
pottedplant 0.0130 341 183 361 202
pottedplant 0.0128 337 187 382 213
pottedplant 0.0119 369 184 389 203
pottedplant 0.0115 381 187 434 214
pottedplant 0.0110 332 185 349 201
pottedplant 0.0086 348 191 371 208
pottedplant 0.0063 326 177 426 219
pottedplant 0.0061 386 192 411 210
pottedplant 0.0055 387 183 411 203
pottedplant 0.0046 398 183 419 202
pottedplant 0.0045 370 211 387 227
pottedplant 0.0042 52 264 91 292
pottedplant 0.0041 339 190 363 208
pottedplant 0.0041 376 191 401 211
pottedplant 0.0034 370 194 424 226
pottedplant 0.0032 360 191 380 208
pottedplant 0.0030 378 182 401 204
pottedplant 0.0030 330 191 352 207
pottedplant 0.0029 359 184 378 203
pottedplant 0.0024 409 191 429 207
pottedplant 0.0023 91 157 111 209
pottedplant 0.0022 354 196 404 225
pottedplant 0.0022 83 158 120 236
pottedplant 0.0018 398 191 420 209
pottedplant 0.0018 368 203 390 221
pottedplant 0.0014 365 191 393 228
pottedplant 0.0014 395 180 441 203
pottedplant 0.0011 418 182 437 204
pottedplant 0.0011 338 187 445 232
pottedplant 0.0010 316 181 366 203
sofa 0.0230 448 280 499 377
tvmonitor 0.0540 448 280 499 377
tvmonitor 0.0017 87 204 113 255
