bottle 0.0029 88 263 112 313
bottle 0.0022 36 319 54 373
chair 0.0232 472 188 500 317
chair 0.0213 0 238 189 378
chair 0.0096 458 168 497 309
chair 0.0046 -5 171 98 343
chair 0.0042 478 207 500 378
chair 0.0022 442 83 500 315
chair 0.0017 406 131 497 304
chair 0.0011 476 92 499 303
chair 0.0010 7 148 186 311
person 0.0060 0 238 189 378
person 0.0039 43 121 455 278
pottedplant 0.0035 472 188 500 317
pottedplant 0.0017 79 277 107 318
sofa 0.9997 21 110 476 309
sofa 0.0365 0 238 189 378
sofa 0.0014 472 188 500 317
sofa 0.0013 -2 206 103 374
tvmonitor 0.0011 472 188 500 317
tvmonitor 0.0011 67 286 185 377
