bottle 0.0469 55 138 68 164
bottle 0.0376 472 241 498 334
bottle 0.0367 73 132 88 171
bottle 0.0147 0 63 10 163
bottle 0.0133 -1 174 86 326
bottle 0.0130 97 257 185 333
bottle 0.0113 76 127 88 159
bottle 0.0088 331 278 414 330
bottle 0.0076 65 139 80 164
bottle 0.0068 486 225 499 310
bottle 0.0064 73 143 85 178
bottle 0.0063 476 179 499 328
bottle 0.0049 0 80 21 147
bottle 0.0044 457 217 498 332
bottle 0.0035 63 140 84 181
bottle 0.0034 341 279 361 334
bottle 0.0034 477 236 497 300
bottle 0.0030 75 108 89 158
bottle 0.0028 1 40 19 200
bottle 0.0028 65 148 80 173
bottle 0.0022 45 142 63 160
bottle 0.0022 99 159 119 181
bottle 0.0021 0 104 10 195
bottle 0.0015 52 137 74 181
bottle 0.0013 454 172 499 257
bottle 0.0013 95 160 108 181
bottle 0.0013 2 208 56 331
bottle 0.0013 95 159 121 202
bottle 0.0013 0 170 22 335
bottle 0.0012 306 167 321 212
bottle 0.0012 489 201 499 295
car 0.0015 -1 156 91 315
chair 0.0244 111 87 292 292
chair 0.0099 -1 156 91 315
chair 0.0024 7 162 167 324
chair 0.0018 1 149 65 194
chair 0.0013 95 177 316 299
chair 0.0010 90 145 148 179
chair 0.0010 10 132 115 187
chair 0.0010 5 145 122 212
diningtable 0.1337 6 252 494 333
diningtable 0.0054 1 150 123 319
diningtable 0.0023 -2 245 272 328
diningtable 0.0020 240 282 432 328
diningtable 0.0019 244 244 490 332
diningtable 0.0018 10 275 341 345
diningtable 0.0014 5 145 122 212
diningtable 0.0012 68 256 186 332
person 0.9990 95 53 304 299
person 0.0171 -1 156 91 315
person 0.0084 -2 19 133 325
person 0.0082 135 123 163 157
person 0.0058 127 119 170 150
person 0.0039 0 128 100 191
person 0.0037 0 86 105 273
person 0.0033 83 61 490 285
person 0.0030 137 124 160 144
person 0.0026 5 145 122 212
person 0.0025 0 73 22 198
person 0.0018 7 162 167 324
person 0.0012 0 104 10 195
person 0.0011 162 86 179 142
sofa 0.0157 97 57 376 322
sofa 0.0033 1 150 123 319
sofa 0.0012 5 145 122 212
sofa 0.0010 56 138 522 331
