bicycle 0.9993 12 25 493 317
bicycle 0.0110 446 89 498 154
bicycle 0.0043 334 157 482 322
bicycle 0.0037 297 12 495 318
bicycle 0.0030 154 5 199 48
bicycle 0.0026 -6 96 92 296
bicycle 0.0023 438 76 498 275
bicycle 0.0022 3 14 123 324
bicycle 0.0014 406 99 498 167
bottle 0.0018 485 -10 500 66
bottle 0.0015 438 111 495 154
bottle 0.0011 388 101 447 145
car 0.0028 446 89 498 154
car 0.0027 154 5 199 48
car 0.0026 391 0 482 49
chair 0.0016 334 157 482 322
chair 0.0011 33 73 396 324
chair 0.0010 -1 99 22 290
cow 0.0045 -1 99 22 290
cow 0.0011 -2 87 51 299
dog 0.0083 -1 99 22 290
dog 0.0012 -2 87 51 299
dog 0.0011 0 -72 54 348
horse 0.0053 -1 99 22 290
horse 0.0014 -2 87 51 299
motorbike 0.0088 446 89 498 154
motorbike 0.0037 154 5 199 48
person 0.0076 -1 99 22 290
person 0.0037 0 -60 54 296
person 0.0036 0 -118 30 276
person 0.0032 446 89 498 154
person 0.0017 313 4 389 69
person 0.0014 92 -12 474 293
person 0.0010 411 2 462 48
person 0.0010 3 -76 122 262
sheep 0.0010 -1 99 22 290
tvmonitor 0.0053 404 -1 489 50
tvmonitor 0.0012 485 -10 500 66
