bicycle 0.0012 0 222 13 291
bottle 0.0063 0 210 11 286
car 0.9981 178 100 426 207
car 0.0147 0 222 13 291
car 0.0143 0 201 19 301
car 0.0112 163 -17 315 17
car 0.0079 272 49 318 84
car 0.0058 161 -1 234 16
car 0.0027 0 38 13 90
car 0.0026 416 54 460 93
car 0.0022 319 -7 363 41
car 0.0019 0 201 9 277
car 0.0013 -1 57 10 87
car 0.0011 70 -3 152 21
car 0.0010 -1 44 25 86
car 0.0010 287 -16 501 18
motorbike 0.0032 0 222 13 291
person 0.3870 331 0 367 86
person 0.0409 285 122 303 143
person 0.0268 349 5 369 87
person 0.0253 290 123 310 142
person 0.0149 292 -3 309 36
person 0.0148 284 -4 305 39
person 0.0138 439 76 457 126
person 0.0127 340 22 362 83
person 0.0126 0 222 13 291
person 0.0098 465 74 483 127
person 0.0036 0 201 9 277
person 0.0032 409 148 428 209
person 0.0024 286 118 304 135
person 0.0021 325 -9 356 43
person 0.0017 273 120 313 143
person 0.0014 292 117 312 134
person 0.0013 330 27 353 83
person 0.0010 0 219 8 256
