car 0.9996 168 225 427 353
car 0.9351 20 253 159 300
car 0.6613 1 255 94 304
car 0.2153 104 257 158 298
car 0.0826 -2 252 26 306
car 0.0212 -4 253 52 301
car 0.0143 146 240 170 297
car 0.0114 457 280 492 310
car 0.0092 0 260 13 316
car 0.0066 124 260 172 293
car 0.0058 77 256 145 299
car 0.0035 432 270 480 307
car 0.0031 156 229 295 324
car 0.0028 54 231 154 296
car 0.0028 236 212 255 228
car 0.0027 244 212 262 229
car 0.0027 236 218 354 261
car 0.0027 215 229 371 280
car 0.0019 285 229 339 257
car 0.0014 226 216 282 241
car 0.0012 0 261 10 294
car 0.0011 157 242 175 298
car 0.0011 148 241 172 260
car 0.0010 47 253 115 299
person 0.0036 244 212 262 229
person 0.0026 267 208 280 231
person 0.0025 236 212 255 228
person 0.0022 267 200 282 225
person 0.0018 301 238 322 256
person 0.0014 253 210 272 229
person 0.0013 264 194 285 231
pottedplant 0.0066 411 168 494 302
pottedplant 0.0018 375 -6 495 303
pottedplant 0.0010 439 168 494 215
