bottle 0.4215 452 298 484 374
bottle 0.2769 428 318 449 373
bottle 0.2040 436 317 455 374
bottle 0.0832 476 302 495 370
bottle 0.0402 465 295 484 357
bottle 0.0309 485 299 498 374
bottle 0.0247 438 297 474 372
bottle 0.0222 420 332 438 376
bottle 0.0220 448 302 465 373
bottle 0.0114 454 328 478 375
bottle 0.0080 489 340 498 372
bottle 0.0075 429 300 448 354
bottle 0.0072 420 296 450 375
bottle 0.0055 100 241 119 280
bottle 0.0046 467 294 481 320
bottle 0.0043 422 329 435 363
bottle 0.0040 455 294 480 342
bottle 0.0038 468 303 482 330
bottle 0.0036 489 325 497 366
bottle 0.0035 435 301 454 354
bottle 0.0030 440 324 450 365
bottle 0.0029 475 295 496 341
bottle 0.0028 384 334 411 375
bottle 0.0026 380 335 436 375
bottle 0.0025 405 333 431 376
bottle 0.0022 32 144 48 166
bottle 0.0021 478 329 494 376
bottle 0.0020 467 352 483 372
bottle 0.0019 469 308 481 342
bottle 0.0019 479 345 493 371
bottle 0.0018 432 303 443 328
bottle 0.0016 447 237 496 346
bottle 0.0014 440 340 453 373
bottle 0.0014 451 299 497 338
bottle 0.0013 490 291 499 323
bottle 0.0013 488 306 497 345
bottle 0.0012 478 304 494 329
bottle 0.0011 409 335 426 360
bottle 0.0011 458 296 475 318
bottle 0.0011 431 326 444 363
bottle 0.0011 424 322 468 371
bottle 0.0011 444 107 467 159
bottle 0.0010 469 326 481 365
bottle 0.0010 478 312 493 340
cat 0.0015 380 194 492 283
chair 0.6165 122 258 212 370
chair 0.1057 370 191 494 333
chair 0.0467 0 289 67 372
chair 0.0242 221 134 300 397
chair 0.0223 -2 321 85 379
chair 0.0074 291 295 333 378
chair 0.0068 366 238 460 374
chair 0.0039 51 282 222 369
chair 0.0031 7 286 122 375
chair 0.0031 433 192 502 344
chair 0.0028 130 289 263 374
chair 0.0022 369 253 418 373
chair 0.0020 401 189 497 283
chair 0.0016 292 295 378 376
chair 0.0015 315 335 367 375
chair 0.0011 -1 338 68 389
chair 0.0010 400 256 494 329
chair 0.0010 -16 342 84 373
diningtable 0.0125 69 263 213 371
diningtable 0.0111 376 319 487 373
diningtable 0.0052 412 298 492 368
diningtable 0.0048 -4 324 128 379
diningtable 0.0047 368 202 492 372
diningtable 0.0018 0 287 82 371
diningtable 0.0018 10 273 121 358
diningtable 0.0010 365 287 500 377
dog 0.0014 370 191 494 333
dog 0.0011 401 189 497 283
person 0.8479 217 117 302 382
person 0.4289 370 191 494 333
person 0.0390 433 183 501 325
person 0.0232 228 80 357 376
person 0.0152 401 189 497 283
person 0.0050 367 15 496 359
person 0.0034 291 295 333 378
person 0.0021 472 189 500 319
person 0.0019 452 314 479 373
person 0.0019 257 115 324 390
person 0.0017 443 81 498 154
person 0.0015 476 90 500 303
person 0.0014 447 237 496 346
person 0.0010 443 67 500 296
person 0.0010 32 144 48 166
pottedplant 0.0013 116 262 227 373
sofa 0.1648 373 191 494 348
sofa 0.0054 221 134 300 397
sofa 0.0010 291 295 333 378
tvmonitor 0.0029 229 50 365 346
tvmonitor 0.0020 443 81 498 154
tvmonitor 0.0017 173 185 221 254
tvmonitor 0.0010 261 58 365 229
