bicycle 0.0655 348 202 410 239
bicycle 0.0023 386 203 410 237
bicycle 0.0022 363 213 414 244
bicycle 0.0021 336 216 401 241
bicycle 0.0015 375 200 405 239
car 0.5329 333 206 386 239
car 0.1221 348 202 410 239
car 0.0364 339 207 366 240
car 0.0079 329 216 373 241
car 0.0022 386 203 410 237
car 0.0018 347 212 372 234
car 0.0015 320 199 400 243
car 0.0015 375 192 403 238
car 0.0012 323 223 341 236
car 0.0010 425 207 444 222
cow 0.0051 348 202 410 239
horse 0.0076 348 202 410 239
motorbike 0.1849 348 202 410 239
motorbike 0.0313 333 206 386 239
motorbike 0.0049 386 203 410 237
motorbike 0.0047 375 200 405 239
motorbike 0.0012 363 213 414 244
motorbike 0.0011 339 207 366 240
motorbike 0.0011 329 216 373 241
person 0.0258 375 192 403 238
person 0.0096 348 202 410 239
person 0.0029 355 196 382 233
person 0.0026 365 196 394 234
person 0.0019 35 233 50 253
person 0.0016 359 202 378 225
person 0.0014 388 212 407 235
person 0.0012 341 206 361 226
person 0.0011 0 229 8 256
person 0.0010 370 198 389 214
