bird 0.0135 185 62 256 100
bird 0.0061 159 55 246 108
bird 0.0049 170 49 214 96
bottle 0.0012 161 447 185 501
bottle 0.0011 26 211 52 258
cat 0.8831 166 55 256 105
cat 0.0032 170 49 214 96
chair 0.1113 15 301 182 494
chair 0.0524 23 392 184 501
chair 0.0424 47 438 187 502
chair 0.0137 0 291 83 499
chair 0.0014 0 304 42 482
chair 0.0011 14 438 355 499
chair 0.0011 176 71 266 105
diningtable 0.0022 14 438 355 499
diningtable 0.0010 23 392 184 501
diningtable 0.0010 0 291 83 499
dog 0.0119 166 55 256 105
dog 0.0022 170 49 214 96
pottedplant 0.0016 -2 223 22 267
sheep 0.0017 193 61 267 102
