bicycle 0.0016 28 220 38 239
bus 0.9825 97 102 379 275
bus 0.0287 -1 201 15 245
bus 0.0026 30 192 107 242
bus 0.0026 62 124 301 255
bus 0.0022 1 173 25 254
bus 0.0020 54 204 108 240
bus 0.0010 0 214 14 263
car 0.5424 -1 210 16 250
car 0.0632 0 208 13 236
car 0.0560 -2 201 25 245
car 0.0187 0 221 12 254
car 0.0124 28 220 38 239
car 0.0047 103 222 119 243
car 0.0043 83 221 99 236
car 0.0039 0 181 12 244
car 0.0035 1 210 22 235
car 0.0032 75 222 88 234
car 0.0029 3 221 17 253
car 0.0028 100 223 140 254
car 0.0026 97 220 110 240
car 0.0019 0 202 45 238
car 0.0016 0 198 10 228
car 0.0012 34 221 46 239
car 0.0010 101 215 122 249
car 0.0010 27 211 39 236
motorbike 0.0018 28 220 38 239
person 0.0212 28 220 38 239
person 0.0103 75 222 88 234
person 0.0026 105 226 118 251
person 0.0022 27 211 39 236
person 0.0016 138 216 156 259
person 0.0015 322 171 338 192
person 0.0015 0 214 14 263
person 0.0014 130 206 149 257
person 0.0012 0 208 13 236
train 0.0047 100 50 378 277
train 0.0024 -2 201 25 245
train 0.0014 43 200 99 239
