bicycle 0.0439 97 221 323 503
bicycle 0.0038 105 379 312 499
car 0.0052 98 6 300 354
car 0.0027 12 38 80 185
car 0.0020 -4 -1 37 28
car 0.0017 78 3 260 116
car 0.0017 17 17 173 177
car 0.0014 92 145 326 503
car 0.0014 156 2 268 62
car 0.0014 203 3 302 86
car 0.0010 79 44 154 120
horse 0.0019 79 44 154 120
motorbike 0.9370 91 56 329 509
motorbike 0.0131 90 226 264 504
motorbike 0.0066 78 8 276 341
motorbike 0.0045 79 44 154 120
motorbike 0.0022 73 36 119 126
motorbike 0.0019 78 3 260 116
motorbike 0.0015 113 19 158 112
motorbike 0.0014 211 87 335 497
motorbike 0.0014 92 18 140 113
motorbike 0.0012 -4 -1 37 28
motorbike 0.0012 119 295 348 497
motorbike 0.0011 56 9 207 181
motorbike 0.0010 0 87 32 188
person 0.9781 91 11 317 422
person 0.9191 22 45 85 197
person 0.6362 292 61 321 100
person 0.5538 267 9 304 94
person 0.2934 0 72 22 179
person 0.2461 109 -3 137 65
person 0.1571 63 35 96 129
person 0.1489 314 61 334 102
person 0.0930 74 22 115 118
person 0.0706 47 24 80 116
person 0.0520 52 35 78 88
person 0.0509 -4 -1 37 28
person 0.0432 41 -4 82 60
person 0.0401 75 10 269 269
person 0.0383 92 -3 118 49
person 0.0334 125 4 277 113
person 0.0315 74 34 95 107
person 0.0258 109 0 157 87
person 0.0239 92 18 140 113
person 0.0235 65 49 136 197
person 0.0214 246 -20 332 457
person 0.0205 -2 53 36 168
person 0.0196 307 62 323 87
person 0.0174 56 39 74 62
person 0.0158 297 68 315 94
person 0.0143 318 76 333 103
person 0.0140 79 44 154 120
person 0.0126 85 2 154 62
person 0.0125 78 0 123 63
person 0.0116 81 26 105 80
person 0.0115 102 -5 127 50
person 0.0112 89 54 118 108
person 0.0109 72 -1 98 47
person 0.0108 60 9 102 91
person 0.0102 292 69 335 106
person 0.0083 56 9 207 181
person 0.0081 52 -2 77 47
person 0.0079 74 43 122 156
person 0.0075 56 54 95 193
person 0.0074 87 67 136 115
person 0.0072 318 59 332 88
person 0.0069 75 25 98 64
person 0.0068 289 29 330 101
person 0.0067 117 -3 145 50
person 0.0064 4 2 28 21
person 0.0063 272 4 300 62
person 0.0061 77 31 94 56
person 0.0061 52 24 78 64
person 0.0059 131 0 178 88
person 0.0058 42 29 113 185
person 0.0056 23 42 52 80
person 0.0055 1 -4 84 58
person 0.0052 271 73 320 102
person 0.0052 49 41 65 63
person 0.0051 269 34 309 125
person 0.0049 82 -2 125 35
person 0.0047 41 0 120 60
person 0.0047 4 84 25 157
person 0.0043 78 37 92 64
person 0.0042 111 0 203 63
person 0.0042 290 59 330 148
person 0.0042 82 38 101 104
person 0.0040 324 55 337 108
person 0.0038 0 2 19 22
person 0.0038 82 -1 107 47
person 0.0037 67 38 82 62
person 0.0036 19 38 68 137
person 0.0036 271 42 300 96
person 0.0034 2 1 46 90
person 0.0034 306 77 324 100
person 0.0032 147 -2 175 49
person 0.0032 34 0 76 33
person 0.0031 33 38 79 81
person 0.0030 321 22 335 84
person 0.0028 13 0 59 28
person 0.0028 108 -1 135 35
person 0.0028 294 77 316 99
person 0.0027 0 0 33 12
person 0.0026 90 45 178 207
person 0.0025 1 0 30 43
person 0.0025 -4 0 55 42
person 0.0025 138 2 256 61
person 0.0024 288 69 308 93
person 0.0022 92 49 132 94
person 0.0022 240 8 308 86
person 0.0021 37 -1 59 46
person 0.0021 63 0 89 47
person 0.0021 287 32 307 87
person 0.0021 272 51 320 92
person 0.0021 41 32 118 108
person 0.0021 63 0 104 31
person 0.0020 293 42 319 84
person 0.0020 56 16 217 486
person 0.0020 45 35 70 71
person 0.0020 129 -2 155 48
person 0.0019 68 53 86 126
person 0.0017 16 0 171 122
person 0.0017 84 29 102 52
person 0.0016 286 79 308 99
person 0.0016 257 22 327 101
tvmonitor 0.0010 160 1 301 62
