bottle 0.1572 196 234 292 302
bottle 0.0322 75 232 176 303
bottle 0.0318 214 225 267 296
bottle 0.0109 180 201 306 318
bottle 0.0079 253 249 278 291
bottle 0.0053 107 233 132 286
bottle 0.0051 221 245 249 291
bottle 0.0042 84 46 136 74
bottle 0.0036 227 251 281 289
bottle 0.0034 225 240 318 298
bottle 0.0031 99 234 151 302
bottle 0.0030 149 255 172 297
bottle 0.0028 30 236 137 303
bottle 0.0020 160 242 251 302
bottle 0.0018 248 252 298 287
bottle 0.0015 78 48 124 88
bottle 0.0015 213 236 239 285
bottle 0.0013 79 272 141 303
bottle 0.0012 195 200 285 283
bottle 0.0012 256 257 274 283
bottle 0.0012 172 247 222 290
bottle 0.0010 98 48 122 85
bottle 0.0010 155 242 179 295
bottle 0.0010 136 236 177 299
chair 0.0018 180 201 306 318
person 0.0070 212 117 261 201
pottedplant 0.0035 180 201 306 318
pottedplant 0.0023 84 46 136 74
sofa 0.0012 375 -2 494 87
tvmonitor 0.8659 -3 45 111 271
tvmonitor 0.2202 369 0 494 95
tvmonitor 0.0252 158 -1 257 163
tvmonitor 0.0108 102 228 176 293
tvmonitor 0.0080 85 71 197 247
tvmonitor 0.0070 -4 25 175 333
tvmonitor 0.0026 9 235 117 304
tvmonitor 0.0012 262 -2 370 59
