bicycle 0.9596 175 148 383 375
bicycle 0.0196 419 143 456 215
bicycle 0.0097 183 205 306 384
bicycle 0.0015 192 274 368 377
bicycle 0.0012 210 289 306 372
bottle 0.0023 254 289 272 347
bottle 0.0011 487 172 499 270
bottle 0.0010 424 155 452 211
car 0.0091 2 27 93 220
car 0.0015 1 44 92 115
chair 0.0035 154 0 372 328
chair 0.0029 2 27 93 220
chair 0.0019 419 143 456 215
chair 0.0018 0 73 41 237
chair 0.0014 191 128 364 306
motorbike 0.0023 175 148 383 375
motorbike 0.0017 2 27 93 220
person 0.9994 173 23 377 357
person 0.3426 1 54 91 223
person 0.1423 150 -12 247 180
person 0.0671 0 60 44 216
person 0.0082 0 4 51 427
person 0.0079 1 6 60 203
person 0.0062 0 8 124 366
person 0.0061 157 13 347 195
person 0.0053 191 128 364 306
person 0.0031 291 132 375 335
person 0.0030 0 37 48 124
person 0.0029 0 85 27 265
person 0.0025 150 1 288 311
person 0.0022 -1 -14 35 257
person 0.0018 0 21 26 182
person 0.0018 40 83 86 230
person 0.0017 193 7 371 137
person 0.0010 174 175 352 369
person 0.0010 144 20 176 184
pottedplant 0.0011 424 155 452 211
sofa 0.0024 2 27 93 220
sofa 0.0010 154 0 372 328
