bottle 0.0121 266 282 319 314
bottle 0.0014 251 287 316 324
cat 0.0099 370 164 488 284
cat 0.0022 266 282 319 314
chair 0.0039 235 286 495 375
chair 0.0032 344 159 481 284
diningtable 0.0021 235 286 495 375
dog 0.5604 369 162 467 280
dog 0.0035 266 282 319 314
dog 0.0023 269 268 401 317
dog 0.0015 275 164 469 281
dog 0.0012 366 162 410 205
dog 0.0011 284 280 340 315
dog 0.0010 238 264 492 368
person 0.0022 344 159 481 284
person 0.0012 256 281 312 314
pottedplant 0.0012 266 282 319 314
sofa 0.0215 235 286 495 375
sofa 0.0012 370 164 488 284
