bottle 0.0275 488 13 499 85
bottle 0.0037 490 25 499 70
bottle 0.0026 476 15 500 80
bottle 0.0019 185 122 211 170
bottle 0.0014 182 134 230 173
bottle 0.0013 491 49 499 84
cat 0.0014 220 27 335 260
cat 0.0010 141 179 326 363
chair 0.0202 449 -29 500 270
chair 0.0103 106 2 261 194
chair 0.0056 475 38 499 274
chair 0.0044 114 87 325 376
chair 0.0039 459 37 497 204
chair 0.0030 282 -5 466 88
chair 0.0030 169 13 339 276
chair 0.0019 7 32 170 183
chair 0.0018 408 8 499 274
chair 0.0014 -3 33 101 207
chair 0.0013 294 3 388 34
chair 0.0013 126 -2 273 97
chair 0.0012 294 -2 411 49
diningtable 0.0016 7 32 170 183
dog 0.9923 133 170 312 366
dog 0.4852 169 13 339 276
dog 0.0242 204 94 339 256
dog 0.0116 121 -1 282 201
dog 0.0062 127 113 311 245
dog 0.0049 124 149 236 331
dog 0.0030 212 23 342 202
dog 0.0018 106 75 254 210
dog 0.0017 0 112 21 323
dog 0.0016 134 127 226 189
dog 0.0010 294 -2 411 49
person 0.7033 124 0 272 151
person 0.0987 169 13 339 276
person 0.0267 282 -5 466 88
person 0.0108 0 33 142 185
person 0.0053 212 23 342 202
person 0.0035 6 2 267 216
person 0.0029 0 112 21 323
person 0.0026 304 -26 493 261
person 0.0026 114 87 325 376
person 0.0018 199 5 373 130
person 0.0017 59 31 157 171
person 0.0017 294 -2 411 49
person 0.0017 359 -2 501 141
person 0.0013 0 29 29 400
person 0.0012 110 -18 372 190
person 0.0011 -4 7 133 365
person 0.0010 7 -32 170 108
pottedplant 0.0015 125 -4 173 28
pottedplant 0.0010 182 127 230 166
sofa 0.0059 134 163 333 374
sofa 0.0029 169 13 339 276
sofa 0.0022 114 -2 293 217
sofa 0.0014 -3 33 101 207
sofa 0.0010 282 -5 466 88
sofa 0.0010 449 -29 500 270
