boat 0.0017 328 149 458 201
boat 0.0013 128 149 201 201
boat 0.0012 70 162 111 197
boat 0.0012 66 151 185 201
boat 0.0010 329 138 459 181
bottle 0.0111 294 113 306 133
bottle 0.0079 356 128 365 156
bottle 0.0032 141 162 154 180
bottle 0.0020 132 160 146 180
car 0.0112 70 162 111 197
car 0.0024 194 169 214 191
car 0.0024 128 149 201 201
car 0.0021 66 151 185 201
car 0.0016 76 164 104 179
car 0.0014 147 154 189 190
cat 0.0030 2 255 417 331
cat 0.0028 335 256 403 282
cat 0.0021 307 228 404 284
cat 0.0012 313 241 432 297
chair 0.0410 397 225 498 324
chair 0.0337 5 227 130 330
chair 0.0117 147 159 188 201
chair 0.0115 77 254 501 333
chair 0.0062 -1 241 267 324
chair 0.0048 48 283 279 332
chair 0.0043 446 239 501 333
chair 0.0042 307 228 404 284
chair 0.0040 141 162 154 180
chair 0.0032 210 155 280 226
chair 0.0029 319 201 427 275
chair 0.0027 191 228 325 281
chair 0.0023 161 154 188 191
chair 0.0022 8 280 123 333
chair 0.0022 -1 220 52 332
chair 0.0019 318 198 497 321
chair 0.0018 186 163 212 195
chair 0.0014 159 160 179 180
chair 0.0013 132 160 146 180
chair 0.0012 203 282 467 333
chair 0.0011 323 225 460 286
chair 0.0010 157 153 200 230
chair 0.0010 149 161 167 180
diningtable 0.0123 191 228 325 281
diningtable 0.0047 10 253 487 333
diningtable 0.0042 291 278 462 333
diningtable 0.0040 147 159 188 201
diningtable 0.0022 48 283 279 332
dog 0.0044 335 256 403 282
dog 0.0012 334 263 386 286
person 0.0123 147 154 189 190
person 0.0074 5 227 130 330
person 0.0063 318 198 497 321
person 0.0039 400 215 497 334
person 0.0036 141 162 154 180
person 0.0029 10 253 487 333
person 0.0027 132 140 143 164
person 0.0024 132 150 144 174
person 0.0019 132 160 146 180
person 0.0018 121 140 137 165
person 0.0015 240 240 494 330
person 0.0015 -1 241 267 324
person 0.0014 159 160 179 180
person 0.0013 131 144 186 183
person 0.0012 122 149 136 173
pottedplant 0.0069 119 132 140 172
pottedplant 0.0062 121 140 137 165
pottedplant 0.0035 141 162 154 180
pottedplant 0.0034 132 160 146 180
pottedplant 0.0034 294 113 306 133
pottedplant 0.0032 132 140 143 164
pottedplant 0.0025 446 134 463 155
pottedplant 0.0020 132 150 144 174
pottedplant 0.0016 121 132 139 155
pottedplant 0.0015 132 131 144 155
pottedplant 0.0014 122 149 136 173
pottedplant 0.0010 139 132 156 153
sofa 0.5241 10 253 487 333
sofa 0.0581 5 227 130 330
sofa 0.0450 400 215 497 334
sofa 0.0263 313 228 500 330
sofa 0.0108 210 155 280 226
sofa 0.0101 -1 241 267 324
sofa 0.0041 147 159 188 201
sofa 0.0029 191 228 325 281
sofa 0.0021 13 170 484 334
sofa 0.0014 291 278 462 333
sofa 0.0013 87 288 395 331
tvmonitor 0.5310 210 155 280 226
tvmonitor 0.0080 288 135 313 172
tvmonitor 0.0053 328 149 458 201
tvmonitor 0.0040 193 163 214 195
tvmonitor 0.0028 292 142 311 164
tvmonitor 0.0022 329 138 459 181
tvmonitor 0.0014 70 162 111 197
tvmonitor 0.0014 338 162 446 229
tvmonitor 0.0013 147 154 189 190
