bird 0.0077 0 295 26 334
bird 0.0021 0 179 12 241
bird 0.0011 0 277 16 337
bird 0.0010 315 123 465 243
cat 0.0028 315 123 465 243
cow 0.0051 0 295 26 334
cow 0.0039 305 128 458 260
cow 0.0014 17 112 282 310
dog 0.0030 315 123 465 243
dog 0.0021 0 295 26 334
sheep 0.9983 56 115 306 302
sheep 0.9866 313 129 465 258
sheep 0.0500 0 295 26 334
sheep 0.0232 171 123 307 281
sheep 0.0022 64 43 268 135
sheep 0.0016 301 54 484 295
sheep 0.0012 195 132 370 263
sheep 0.0010 -5 294 52 336
sheep 0.0010 475 125 501 181
