bicycle 0.0023 365 145 500 244
bicycle 0.0019 90 158 131 188
bicycle 0.0014 97 143 139 187
bicycle 0.0012 456 161 499 270
bus 0.0767 222 45 508 230
bus 0.0390 2 97 99 194
bus 0.0111 295 43 498 154
bus 0.0098 1 24 100 225
bus 0.0042 362 56 503 219
bus 0.0036 371 77 492 131
bus 0.0029 413 100 491 158
bus 0.0017 7 84 158 203
bus 0.0017 433 6 501 159
bus 0.0014 487 106 500 171
car 0.1356 186 99 471 226
car 0.0490 203 120 249 151
car 0.0357 0 108 96 209
car 0.0339 476 121 500 171
car 0.0276 327 109 496 241
car 0.0248 487 117 500 177
car 0.0238 247 115 301 141
car 0.0184 489 132 500 161
car 0.0158 456 161 499 270
car 0.0135 205 112 314 163
car 0.0127 205 124 228 146
car 0.0110 0 143 46 209
car 0.0105 215 116 274 151
car 0.0099 269 117 295 135
car 0.0079 237 115 289 154
car 0.0078 216 125 237 146
car 0.0072 206 119 226 138
car 0.0068 414 103 492 185
car 0.0056 1 24 100 225
car 0.0052 195 122 236 167
car 0.0044 224 123 244 146
car 0.0042 12 152 109 211
car 0.0039 216 120 235 139
car 0.0036 383 115 486 205
car 0.0031 204 155 464 235
car 0.0024 362 56 503 219
car 0.0019 197 117 235 143
car 0.0018 162 115 361 219
car 0.0018 219 125 247 161
car 0.0016 258 106 306 134
car 0.0016 37 162 89 207
car 0.0016 261 117 286 135
car 0.0015 450 96 500 138
car 0.0013 269 113 314 138
car 0.0013 474 105 498 153
car 0.0013 173 114 269 171
car 0.0012 313 102 349 134
car 0.0012 280 117 303 132
car 0.0012 233 110 275 142
car 0.0012 371 77 492 131
car 0.0011 224 97 332 151
car 0.0010 294 84 378 159
car 0.0010 472 114 499 250
car 0.0010 271 113 294 129
car 0.0010 383 98 487 157
motorbike 0.6315 365 145 500 244
motorbike 0.0570 456 161 499 270
motorbike 0.0211 239 101 494 229
motorbike 0.0050 221 118 247 151
motorbike 0.0043 433 108 497 254
motorbike 0.0039 247 115 301 141
motorbike 0.0034 -2 145 97 211
motorbike 0.0026 97 146 121 187
motorbike 0.0026 215 116 274 151
motorbike 0.0022 197 113 286 166
motorbike 0.0016 175 110 202 198
motorbike 0.0016 237 115 289 154
motorbike 0.0016 300 85 319 128
motorbike 0.0013 0 143 46 209
motorbike 0.0011 383 115 486 205
motorbike 0.0011 90 158 131 188
motorbike 0.0010 202 127 249 160
person 0.5831 177 110 199 183
person 0.5489 131 121 152 188
person 0.4235 428 100 482 213
person 0.2534 240 108 266 143
person 0.1342 226 116 243 140
person 0.1137 292 78 312 123
person 0.1068 286 76 306 120
person 0.0906 300 85 319 128
person 0.0855 245 110 263 130
person 0.0741 236 115 253 138
person 0.0509 186 110 203 183
person 0.0504 70 117 90 176
person 0.0470 239 112 288 143
person 0.0466 338 96 361 155
person 0.0288 221 118 247 151
person 0.0287 366 116 499 245
person 0.0275 321 106 340 129
person 0.0263 321 99 360 140
person 0.0209 174 104 189 186
person 0.0179 97 146 121 187
person 0.0178 79 115 97 175
person 0.0158 230 114 278 153
person 0.0156 315 107 329 130
person 0.0141 253 111 271 127
person 0.0123 289 76 303 104
person 0.0117 216 120 235 139
person 0.0095 313 102 349 134
person 0.0087 123 122 141 187
person 0.0081 413 100 491 158
person 0.0073 250 117 273 135
person 0.0070 195 113 215 177
person 0.0068 386 105 485 183
person 0.0059 436 95 460 138
person 0.0058 206 119 226 138
person 0.0057 257 99 269 118
person 0.0056 103 143 131 186
person 0.0056 68 126 82 181
person 0.0054 228 112 242 131
person 0.0052 456 161 499 270
person 0.0047 217 112 254 142
person 0.0043 112 109 148 184
person 0.0042 250 103 262 119
person 0.0037 439 99 457 118
person 0.0035 274 78 312 118
person 0.0033 331 106 350 130
person 0.0032 262 86 280 111
person 0.0029 260 88 272 112
person 0.0029 262 97 280 117
person 0.0029 63 114 101 204
person 0.0026 475 101 499 187
person 0.0025 203 118 230 170
person 0.0021 452 30 478 73
person 0.0021 442 120 495 242
person 0.0021 309 84 360 162
person 0.0019 256 61 483 212
person 0.0019 45 109 92 207
person 0.0018 261 112 284 127
person 0.0017 212 115 240 143
person 0.0017 293 88 330 125
person 0.0016 216 125 237 146
person 0.0016 95 154 107 182
person 0.0016 259 89 283 124
person 0.0015 99 165 118 187
person 0.0015 312 100 332 133
person 0.0014 93 165 108 188
person 0.0012 261 117 286 135
person 0.0012 0 143 46 209
person 0.0012 209 111 223 130
person 0.0011 317 107 344 159
person 0.0011 405 107 462 212
person 0.0010 234 123 252 145
person 0.0010 184 107 205 151
person 0.0010 329 88 373 161
person 0.0010 180 107 196 127
person 0.0010 453 109 480 165
person 0.0010 217 111 232 130
person 0.0010 302 105 320 130
train 0.0040 222 45 508 230
train 0.0025 295 43 498 154
train 0.0024 2 97 99 194
