bottle 0.0033 475 95 499 152
bottle 0.0023 490 57 500 151
bottle 0.0014 189 10 205 30
bottle 0.0013 196 11 214 30
bottle 0.0011 269 0 281 23
bottle 0.0011 440 -2 456 41
car 0.0033 0 14 499 378
cat 0.0020 334 144 491 368
cat 0.0017 7 48 178 246
chair 0.0308 334 144 491 368
chair 0.0294 7 48 178 246
chair 0.0123 76 8 497 378
chair 0.0112 30 39 219 336
chair 0.0101 157 26 419 294
chair 0.0060 101 35 320 278
chair 0.0047 324 2 500 296
chair 0.0045 400 12 499 257
chair 0.0042 -1 283 51 374
chair 0.0039 22 138 168 378
chair 0.0033 139 160 292 375
chair 0.0016 476 122 499 349
chair 0.0013 441 106 501 365
chair 0.0011 190 137 466 370
chair 0.0010 0 254 27 375
dog 0.0087 7 48 178 246
dog 0.0038 335 128 490 339
dog 0.0012 333 64 418 212
dog 0.0011 350 85 404 186
person 0.8440 121 146 310 381
person 0.8255 327 128 497 375
person 0.7243 243 26 412 360
person 0.5887 10 37 182 329
person 0.4734 140 35 355 355
person 0.4547 398 -2 498 171
person 0.2834 22 138 168 378
person 0.1304 369 -8 498 304
person 0.0490 22 86 321 368
person 0.0392 190 137 466 370
person 0.0237 142 50 286 246
person 0.0105 431 -4 501 277
person 0.0099 76 8 497 378
person 0.0093 -1 55 148 244
person 0.0055 62 45 186 234
person 0.0043 267 67 364 360
person 0.0043 -4 64 96 333
person 0.0040 332 52 493 231
person 0.0038 261 24 367 223
person 0.0036 333 64 418 212
person 0.0035 199 51 378 243
person 0.0026 0 78 19 317
person 0.0026 329 88 426 314
person 0.0026 0 44 52 385
person 0.0024 383 119 490 194
person 0.0023 469 -38 498 390
person 0.0023 -1 136 7 265
person 0.0023 477 20 499 219
person 0.0020 441 106 501 365
person 0.0016 0 -10 29 362
person 0.0012 67 24 418 213
person 0.0012 117 45 205 238
person 0.0011 348 73 405 167
person 0.0011 476 95 498 338
person 0.0011 249 133 401 314
person 0.0010 394 105 498 334
sofa 0.9189 -1 57 501 392
sofa 0.4957 168 28 410 365
sofa 0.3445 122 141 368 383
sofa 0.3423 30 31 317 342
sofa 0.2209 252 82 489 367
sofa 0.2112 10 37 182 329
sofa 0.0624 32 132 219 371
sofa 0.0206 351 125 501 374
sofa 0.0146 324 2 500 296
sofa 0.0047 -1 55 148 244
sofa 0.0034 399 -4 498 237
sofa 0.0023 -5 -22 505 255
sofa 0.0016 -1 283 51 374
tvmonitor 0.0019 -1 283 51 374
tvmonitor 0.0012 400 0 498 138
