bicycle 0.8376 340 211 487 371
bicycle 0.0160 331 224 425 367
bicycle 0.0030 403 192 497 355
bicycle 0.0030 342 228 446 315
bicycle 0.0021 177 51 261 106
bicycle 0.0014 224 8 290 74
bicycle 0.0011 452 217 498 328
bicycle 0.0011 366 233 423 347
boat 0.0051 260 -10 406 103
boat 0.0018 -3 289 85 370
bottle 0.1019 26 201 44 272
bottle 0.0310 51 204 74 269
bottle 0.0180 377 226 399 272
bottle 0.0156 30 202 67 274
bottle 0.0133 30 194 52 262
bottle 0.0118 118 179 141 238
bottle 0.0101 96 191 122 247
bottle 0.0086 142 196 155 223
bottle 0.0076 302 220 321 258
bottle 0.0071 140 188 158 228
bottle 0.0063 347 213 372 263
bottle 0.0060 67 193 105 267
bottle 0.0057 34 202 48 221
bottle 0.0052 30 206 39 233
bottle 0.0051 42 198 63 258
bottle 0.0048 78 137 101 170
bottle 0.0042 101 174 143 252
bottle 0.0038 338 211 377 292
bottle 0.0037 391 260 408 330
bottle 0.0034 398 232 420 283
bottle 0.0033 344 225 399 316
bottle 0.0033 138 175 164 224
bottle 0.0033 380 229 395 252
bottle 0.0033 336 222 418 288
bottle 0.0032 34 206 49 230
bottle 0.0031 356 214 381 261
bottle 0.0030 388 313 410 371
bottle 0.0030 60 198 79 260
bottle 0.0028 369 216 392 263
bottle 0.0027 52 197 73 242
bottle 0.0026 392 340 405 368
bottle 0.0025 383 341 397 369
bottle 0.0025 107 168 132 210
bottle 0.0024 103 185 116 213
bottle 0.0023 93 187 108 212
bottle 0.0023 72 187 90 209
bottle 0.0022 399 248 418 321
bottle 0.0022 194 205 238 251
bottle 0.0021 343 223 363 272
bottle 0.0020 81 187 99 210
bottle 0.0019 101 179 119 220
bottle 0.0018 83 176 127 258
bottle 0.0016 89 198 114 255
bottle 0.0016 274 45 291 65
bottle 0.0016 43 202 60 218
bottle 0.0015 45 207 60 228
bottle 0.0015 103 169 122 210
bottle 0.0015 104 176 118 203
bottle 0.0015 56 205 70 231
bottle 0.0014 407 257 428 314
bottle 0.0014 133 184 150 234
bottle 0.0013 202 195 231 244
bottle 0.0013 344 217 393 260
bottle 0.0012 342 198 364 258
bottle 0.0012 135 195 147 224
bottle 0.0012 370 227 393 286
bottle 0.0012 367 227 410 271
bottle 0.0011 391 299 408 350
bottle 0.0011 68 183 112 215
bottle 0.0011 28 200 43 243
car 0.0136 114 55 165 95
car 0.0047 137 56 228 105
car 0.0029 183 54 232 94
car 0.0027 156 75 217 110
car 0.0021 170 64 222 105
car 0.0017 -3 289 85 370
car 0.0010 152 63 202 104
chair 0.2416 257 8 406 119
chair 0.1283 296 41 401 125
chair 0.0665 190 89 376 249
chair 0.0392 237 38 398 181
chair 0.0273 -3 289 85 370
chair 0.0174 280 3 405 75
chair 0.0119 194 54 239 94
chair 0.0110 432 -17 498 151
chair 0.0079 177 9 400 224
chair 0.0033 223 52 244 96
chair 0.0024 177 51 261 106
chair 0.0018 25 210 46 278
chair 0.0017 229 70 241 97
chair 0.0017 213 62 238 102
chair 0.0017 349 236 444 371
chair 0.0016 476 29 501 168
chair 0.0012 167 53 355 180
chair 0.0012 0 216 84 366
diningtable 0.0083 190 89 376 249
diningtable 0.0057 200 48 384 188
diningtable 0.0051 257 8 406 119
diningtable 0.0044 62 194 147 264
diningtable 0.0036 408 2 503 161
diningtable 0.0025 33 185 221 272
diningtable 0.0022 203 53 247 96
diningtable 0.0021 -3 289 85 370
diningtable 0.0020 -1 144 420 385
diningtable 0.0019 24 200 107 266
diningtable 0.0018 296 41 401 125
diningtable 0.0017 8 185 172 349
diningtable 0.0014 81 176 166 250
dog 0.0012 200 48 384 188
motorbike 0.0093 340 211 487 371
person 0.9848 195 62 373 225
person 0.0089 237 38 398 181
person 0.0037 335 197 487 359
person 0.0027 197 41 430 307
person 0.0015 223 52 244 96
person 0.0013 202 13 387 116
person 0.0010 125 66 320 223
pottedplant 0.0023 450 -1 499 35
pottedplant 0.0017 284 -9 419 101
sofa 0.0947 286 39 402 124
sofa 0.0041 -3 289 85 370
sofa 0.0039 194 54 239 94
sofa 0.0023 200 48 384 188
tvmonitor 0.0317 1 -26 104 149
tvmonitor 0.0088 0 39 104 113
tvmonitor 0.0030 3 2 95 85
