bicycle 0.0011 1 209 62 374
bottle 0.0036 240 209 252 236
bottle 0.0022 237 201 255 241
bottle 0.0020 239 218 254 241
bottle 0.0015 490 189 499 218
bottle 0.0013 246 255 264 300
bottle 0.0011 17 73 29 103
chair 0.7451 357 214 397 294
chair 0.5868 409 246 498 371
chair 0.5544 332 215 372 293
chair 0.5033 365 223 411 317
chair 0.3957 133 252 234 373
chair 0.3612 1 209 62 374
chair 0.3273 111 214 147 285
chair 0.2842 319 215 358 295
chair 0.2367 391 228 435 318
chair 0.1345 23 203 69 347
chair 0.1200 405 229 455 318
chair 0.1078 294 216 338 297
chair 0.0893 448 219 497 294
chair 0.0859 422 230 481 318
chair 0.0726 117 230 169 359
chair 0.0627 411 214 463 249
chair 0.0385 45 208 78 345
chair 0.0335 6 195 53 318
chair 0.0334 107 210 133 270
chair 0.0329 368 211 407 272
chair 0.0296 444 235 497 352
chair 0.0289 272 229 328 318
chair 0.0273 0 185 25 367
chair 0.0272 186 242 260 295
chair 0.0235 179 251 257 370
chair 0.0227 115 217 204 286
chair 0.0226 406 216 492 297
chair 0.0209 106 212 177 270
chair 0.0208 470 214 501 295
chair 0.0175 100 210 142 254
chair 0.0166 171 287 488 368
chair 0.0160 395 213 478 264
chair 0.0146 329 208 350 273
chair 0.0130 317 213 397 292
chair 0.0125 375 204 403 257
chair 0.0118 301 208 326 252
chair 0.0114 336 206 362 277
chair 0.0113 444 282 500 372
chair 0.0105 358 218 380 284
chair 0.0100 357 242 403 334
chair 0.0098 368 208 408 235
chair 0.0097 130 256 187 369
chair 0.0097 25 194 67 282
chair 0.0094 474 221 499 366
chair 0.0091 179 220 219 292
chair 0.0090 91 195 111 245
chair 0.0089 254 196 302 268
chair 0.0087 119 254 376 371
chair 0.0084 374 210 402 229
chair 0.0082 228 248 327 374
chair 0.0082 275 253 357 327
chair 0.0069 137 238 227 308
chair 0.0064 189 248 220 290
chair 0.0064 273 202 314 271
chair 0.0063 451 219 500 259
chair 0.0062 358 209 382 229
chair 0.0061 396 212 442 251
chair 0.0059 135 215 164 263
chair 0.0058 319 210 343 272
chair 0.0058 115 204 205 353
chair 0.0057 401 218 452 260
chair 0.0049 260 211 287 270
chair 0.0045 358 203 384 260
chair 0.0045 372 247 458 330
chair 0.0043 370 212 496 339
chair 0.0039 134 229 182 321
chair 0.0035 45 192 82 282
chair 0.0035 326 235 493 371
chair 0.0035 348 208 373 277
chair 0.0034 150 219 167 239
chair 0.0033 259 212 308 252
chair 0.0032 4 177 49 257
chair 0.0032 374 222 400 283
chair 0.0031 359 225 426 355
chair 0.0030 109 234 168 283
chair 0.0029 139 219 160 240
chair 0.0029 242 193 278 270
chair 0.0027 98 206 123 253
chair 0.0027 162 246 211 291
chair 0.0026 22 197 62 244
chair 0.0025 308 201 336 240
chair 0.0025 250 193 274 248
chair 0.0025 401 210 453 237
chair 0.0025 366 215 462 299
chair 0.0023 243 198 264 244
chair 0.0023 384 232 409 308
chair 0.0022 177 290 299 373
chair 0.0021 350 208 390 235
chair 0.0021 433 222 480 257
chair 0.0020 139 203 183 275
chair 0.0019 213 242 258 342
chair 0.0019 277 210 326 252
chair 0.0018 275 277 397 345
chair 0.0018 386 252 431 362
chair 0.0018 269 213 294 264
chair 0.0018 136 200 162 239
chair 0.0017 485 209 501 289
chair 0.0017 473 211 499 255
chair 0.0017 0 271 46 378
chair 0.0016 37 190 64 232
diningtable 0.3244 119 254 376 371
diningtable 0.2282 391 215 479 300
diningtable 0.1248 1 195 63 361
diningtable 0.0879 407 230 494 319
diningtable 0.0529 115 217 204 286
diningtable 0.0477 317 213 397 292
diningtable 0.0340 332 215 372 293
diningtable 0.0333 373 231 501 368
diningtable 0.0263 357 214 397 294
diningtable 0.0251 276 216 355 297
diningtable 0.0233 369 230 459 316
diningtable 0.0198 319 215 358 295
diningtable 0.0164 171 287 488 368
diningtable 0.0163 340 216 482 335
diningtable 0.0142 257 204 339 270
diningtable 0.0134 125 208 283 348
diningtable 0.0128 148 252 248 372
diningtable 0.0071 365 223 411 317
diningtable 0.0069 106 212 177 270
diningtable 0.0068 448 219 497 294
diningtable 0.0057 186 242 260 295
diningtable 0.0056 261 232 339 317
diningtable 0.0045 137 238 227 308
diningtable 0.0045 391 228 435 318
diningtable 0.0045 122 227 201 364
diningtable 0.0043 407 213 488 267
diningtable 0.0034 227 284 327 374
diningtable 0.0033 432 226 498 362
diningtable 0.0032 297 208 375 275
diningtable 0.0027 135 210 228 270
diningtable 0.0026 150 228 254 289
diningtable 0.0026 402 212 454 251
diningtable 0.0024 339 211 409 273
diningtable 0.0024 111 214 147 285
diningtable 0.0023 172 220 406 337
diningtable 0.0023 293 223 382 319
diningtable 0.0023 82 219 490 368
diningtable 0.0022 232 256 329 332
diningtable 0.0020 249 320 455 373
diningtable 0.0019 25 196 68 319
diningtable 0.0018 470 214 501 295
diningtable 0.0016 451 219 500 259
diningtable 0.0015 369 213 462 265
diningtable 0.0015 409 281 498 373
diningtable 0.0015 8 233 189 373
diningtable 0.0015 2 225 84 322
diningtable 0.0015 45 208 78 345
diningtable 0.0011 -3 202 67 269
diningtable 0.0010 254 196 302 268
diningtable 0.0010 177 290 299 373
person 0.0018 407 215 455 300
person 0.0017 448 219 497 294
person 0.0016 276 82 287 106
pottedplant 0.0447 349 141 390 215
pottedplant 0.0319 254 173 310 210
pottedplant 0.0286 177 160 216 230
pottedplant 0.0186 242 166 313 232
pottedplant 0.0132 194 167 217 217
pottedplant 0.0113 244 176 264 246
pottedplant 0.0106 254 180 306 250
pottedplant 0.0101 241 182 279 250
pottedplant 0.0101 0 158 23 206
pottedplant 0.0100 -1 162 47 202
pottedplant 0.0080 248 182 298 220
pottedplant 0.0073 164 150 211 217
pottedplant 0.0072 146 161 222 225
pottedplant 0.0069 250 181 275 220
pottedplant 0.0067 90 152 199 207
pottedplant 0.0065 253 188 271 212
pottedplant 0.0054 1 159 48 237
pottedplant 0.0047 238 184 254 240
pottedplant 0.0044 42 182 60 202
pottedplant 0.0038 22 182 44 197
pottedplant 0.0037 172 170 200 215
pottedplant 0.0033 243 106 315 253
pottedplant 0.0030 131 183 148 199
pottedplant 0.0030 240 209 252 236
pottedplant 0.0029 198 189 214 212
pottedplant 0.0027 0 152 25 243
pottedplant 0.0026 348 150 371 212
pottedplant 0.0026 244 169 266 216
pottedplant 0.0025 247 188 263 214
pottedplant 0.0022 19 165 48 198
pottedplant 0.0022 10 176 55 205
pottedplant 0.0021 239 218 254 241
pottedplant 0.0021 244 166 300 201
pottedplant 0.0019 170 162 221 203
pottedplant 0.0019 22 173 46 192
pottedplant 0.0019 165 185 189 236
pottedplant 0.0019 280 172 307 209
pottedplant 0.0017 40 172 62 208
pottedplant 0.0017 0 167 10 197
pottedplant 0.0017 42 190 62 210
pottedplant 0.0016 150 183 166 200
pottedplant 0.0016 -1 164 13 218
pottedplant 0.0015 283 181 303 200
pottedplant 0.0015 166 170 190 214
pottedplant 0.0014 106 178 238 282
pottedplant 0.0014 224 161 265 239
pottedplant 0.0014 235 210 257 246
pottedplant 0.0014 183 178 212 223
pottedplant 0.0014 6 156 58 191
pottedplant 0.0014 356 140 379 205
pottedplant 0.0013 99 156 149 241
pottedplant 0.0012 339 149 375 235
pottedplant 0.0012 123 277 249 371
pottedplant 0.0012 34 182 53 199
pottedplant 0.0011 32 173 53 194
pottedplant 0.0011 0 176 10 206
pottedplant 0.0010 105 189 146 256
pottedplant 0.0010 39 183 63 219
pottedplant 0.0010 92 184 110 241
pottedplant 0.0010 153 164 202 200
sofa 0.1316 406 216 492 297
sofa 0.0945 395 213 478 264
sofa 0.0205 448 219 497 294
sofa 0.0127 402 212 454 251
sofa 0.0046 470 214 501 295
sofa 0.0029 366 215 462 299
sofa 0.0024 246 183 315 246
sofa 0.0024 370 212 496 339
sofa 0.0015 110 210 214 271
sofa 0.0014 416 214 475 250
sofa 0.0013 257 204 339 270
sofa 0.0012 451 219 500 259
sofa 0.0012 111 215 164 266
sofa 0.0010 368 208 408 235
tvmonitor 0.0194 472 215 500 266
tvmonitor 0.0051 411 214 463 249
tvmonitor 0.0037 0 207 26 255
tvmonitor 0.0028 19 191 47 230
tvmonitor 0.0022 185 210 227 250
tvmonitor 0.0016 452 218 478 261
tvmonitor 0.0015 22 200 44 219
tvmonitor 0.0013 1 183 46 219
tvmonitor 0.0013 0 199 11 260
