bird 0.0034 259 166 361 326
bird 0.0012 204 135 280 289
cat 0.0275 204 135 280 289
cat 0.0270 265 156 360 321
cat 0.0079 102 167 195 326
cat 0.0076 -2 162 99 333
cow 0.0270 246 167 359 329
cow 0.0256 204 135 280 289
cow 0.0169 0 129 119 316
cow 0.0052 333 70 502 350
cow 0.0045 102 167 195 326
cow 0.0018 355 180 400 287
cow 0.0015 90 91 227 277
cow 0.0011 72 95 218 199
dog 0.9574 102 159 198 319
dog 0.8802 -3 150 103 323
dog 0.5867 204 135 280 289
dog 0.5804 248 152 361 325
dog 0.0055 48 160 118 315
dog 0.0010 188 150 325 312
horse 0.0025 248 152 361 325
person 0.0773 204 135 280 289
person 0.0068 248 152 361 325
person 0.0017 6 99 117 305
person 0.0013 193 226 244 312
person 0.0010 281 90 379 300
sheep 0.9806 358 61 502 330
sheep 0.7146 89 96 226 207
sheep 0.4376 -2 72 104 166
sheep 0.1966 -7 66 107 285
sheep 0.1285 246 167 359 329
sheep 0.1221 207 133 281 276
sheep 0.0741 285 84 360 153
sheep 0.0655 -3 62 46 148
sheep 0.0369 250 62 481 324
sheep 0.0171 86 82 235 312
sheep 0.0141 289 70 379 245
sheep 0.0107 -1 67 29 206
sheep 0.0067 -2 67 48 104
sheep 0.0064 10 89 180 194
sheep 0.0055 355 162 401 282
sheep 0.0052 -1 54 68 214
sheep 0.0031 102 167 195 326
sheep 0.0027 -2 162 99 333
sheep 0.0023 0 110 24 163
sheep 0.0016 6 113 113 192
sheep 0.0014 474 195 500 319
sheep 0.0014 0 99 24 259
sheep 0.0014 212 62 372 322
sheep 0.0013 0 11 35 265
sheep 0.0011 268 113 366 292
sheep 0.0011 22 88 138 149
sheep 0.0011 76 107 185 171
