bus 0.0278 118 97 487 285
bus 0.0045 69 160 205 216
bus 0.0015 1 141 91 223
bus 0.0012 106 171 204 236
bus 0.0010 0 126 22 215
car 0.0078 0 173 11 226
car 0.0034 0 192 9 223
car 0.0019 454 205 479 318
car 0.0011 -1 139 8 225
person 0.0056 129 168 156 214
person 0.0027 0 192 9 223
person 0.0026 0 181 10 235
person 0.0023 121 170 147 212
person 0.0014 138 168 165 212
person 0.0012 106 171 204 236
train 0.9950 0 105 487 279
train 0.0032 6 111 316 235
train 0.0023 1 141 91 223
train 0.0015 0 126 22 215
train 0.0013 0 134 49 209
train 0.0012 163 100 465 240
