bottle 0.1494 392 101 410 150
bottle 0.1053 440 119 456 155
bottle 0.0300 401 100 411 131
bottle 0.0278 463 115 488 154
bottle 0.0271 394 108 406 140
bottle 0.0213 398 104 414 163
bottle 0.0158 416 119 438 154
bottle 0.0121 382 91 401 157
bottle 0.0080 447 123 462 150
bottle 0.0051 441 115 452 138
bottle 0.0050 221 209 267 303
bottle 0.0038 391 113 411 172
bottle 0.0032 383 94 397 118
bottle 0.0032 467 122 484 148
bottle 0.0027 464 131 484 155
bottle 0.0025 428 122 466 152
bottle 0.0023 373 108 421 201
bottle 0.0020 401 114 411 150
bottle 0.0017 295 132 311 155
bottle 0.0017 395 117 418 189
bottle 0.0015 328 140 337 169
bottle 0.0015 455 127 493 158
bottle 0.0013 407 122 447 152
bottle 0.0013 488 86 499 164
bottle 0.0013 430 125 445 148
bottle 0.0012 384 100 398 128
bottle 0.0012 458 131 474 155
bottle 0.0011 304 129 315 159
bottle 0.0010 489 119 499 152
bottle 0.0010 390 96 406 121
car 0.0054 302 123 495 380
car 0.0013 226 99 445 369
cat 0.0020 311 149 486 362
chair 0.2926 302 123 495 380
chair 0.0056 309 284 495 373
chair 0.0044 405 150 498 324
chair 0.0044 226 99 445 369
chair 0.0015 291 124 315 161
chair 0.0014 295 132 311 155
chair 0.0012 297 102 376 172
chair 0.0011 350 225 500 373
chair 0.0010 298 107 445 274
diningtable 0.0263 307 122 481 335
diningtable 0.0238 111 137 369 376
diningtable 0.0036 226 99 445 369
diningtable 0.0023 301 222 499 375
diningtable 0.0016 404 111 493 160
diningtable 0.0012 291 94 442 208
diningtable 0.0010 108 137 265 336
dog 0.0028 311 149 486 362
person 0.9680 0 34 163 369
person 0.9467 117 137 291 372
person 0.9170 297 100 490 371
person 0.0220 298 107 445 274
person 0.0106 289 94 391 335
person 0.0087 375 138 501 333
person 0.0052 0 0 57 401
person 0.0034 478 15 500 178
person 0.0014 221 218 268 330
person 0.0013 61 41 288 353
person 0.0013 169 147 274 330
person 0.0010 357 105 432 256
pottedplant 0.0319 392 101 410 150
pottedplant 0.0078 149 49 172 103
pottedplant 0.0064 381 90 402 141
pottedplant 0.0045 393 101 406 131
pottedplant 0.0030 383 94 397 118
pottedplant 0.0012 142 46 178 118
sofa 0.0656 302 123 495 380
sofa 0.0020 226 99 445 369
sofa 0.0018 404 141 499 301
tvmonitor 0.0015 462 125 486 159
tvmonitor 0.0012 292 115 315 153
tvmonitor 0.0011 455 117 495 154
tvmonitor 0.0011 296 124 312 146
