bicycle 0.0076 247 316 299 350
bicycle 0.0013 472 307 498 362
bicycle 0.0011 433 289 458 345
car 0.0079 250 307 298 348
car 0.0011 77 208 127 230
cow 0.5065 250 307 298 348
cow 0.0071 448 262 500 352
cow 0.0066 472 279 500 362
cow 0.0025 176 211 193 234
cow 0.0025 428 263 472 347
cow 0.0013 475 224 500 350
cow 0.0011 466 296 487 358
cow 0.0010 439 268 459 327
dog 0.0344 247 316 299 350
dog 0.0013 448 262 500 352
horse 0.2196 247 316 299 350
horse 0.0027 472 293 498 361
horse 0.0018 448 262 500 352
horse 0.0012 252 304 295 340
horse 0.0010 439 268 459 327
motorbike 0.0086 247 316 299 350
person 0.0229 439 268 459 327
person 0.0100 257 309 308 348
person 0.0064 172 209 187 234
person 0.0022 252 304 295 340
person 0.0017 428 263 472 347
person 0.0013 466 296 487 358
person 0.0012 488 292 499 378
person 0.0011 448 262 500 352
sheep 0.0242 250 307 298 348
sheep 0.0012 472 279 500 362
