boat 0.6330 301 253 493 294
boat 0.0163 317 260 499 316
boat 0.0102 173 233 309 283
boat 0.0047 438 195 491 227
boat 0.0037 302 208 498 303
boat 0.0024 307 137 502 287
boat 0.0024 302 258 417 281
boat 0.0021 295 10 503 311
boat 0.0019 51 235 232 276
boat 0.0018 448 187 499 216
boat 0.0015 446 194 468 212
boat 0.0014 299 267 419 290
boat 0.0014 456 192 474 212
boat 0.0011 14 209 318 293
boat 0.0010 131 248 320 291
person 0.0028 252 239 276 276
person 0.0020 255 239 272 262
person 0.0010 247 239 265 260
train 0.0017 173 233 309 283
tvmonitor 0.0664 294 -19 501 286
