bicycle 0.0027 488 295 500 396
bottle 0.0028 198 142 214 164
bottle 0.0010 199 151 214 171
car 0.9950 45 263 152 333
car 0.0190 162 197 329 331
car 0.0157 426 254 446 268
car 0.0143 154 126 336 259
car 0.0067 0 256 26 301
car 0.0046 1 254 24 270
car 0.0033 141 109 347 348
car 0.0031 146 145 294 203
car 0.0026 418 254 439 267
car 0.0017 488 295 500 396
car 0.0017 0 250 10 270
car 0.0012 477 267 502 380
chair 0.0012 477 267 502 380
diningtable 0.0030 159 147 316 202
diningtable 0.0025 147 127 294 187
diningtable 0.0010 220 140 337 207
horse 0.0016 477 267 502 380
motorbike 0.0011 0 256 26 301
person 0.9305 474 247 500 379
person 0.2868 234 96 276 157
person 0.2398 273 112 294 151
person 0.2047 180 93 219 158
person 0.1801 290 115 317 153
person 0.1162 293 111 336 241
person 0.0966 161 112 203 202
person 0.0912 183 94 211 137
person 0.0876 164 98 208 171
person 0.0607 206 104 277 164
person 0.0431 280 116 326 201
person 0.0259 219 105 249 145
person 0.0243 280 115 306 151
person 0.0224 287 118 336 164
person 0.0217 162 115 193 158
person 0.0196 202 96 226 133
person 0.0182 192 116 220 165
person 0.0168 212 112 256 154
person 0.0128 294 122 312 145
person 0.0107 191 99 238 147
person 0.0097 229 102 261 147
person 0.0084 175 105 218 199
person 0.0082 266 111 286 152
person 0.0077 487 250 499 367
person 0.0073 284 121 302 145
person 0.0073 301 122 321 142
person 0.0070 172 102 203 149
person 0.0055 313 228 335 287
person 0.0055 490 246 499 272
person 0.0054 243 100 269 136
person 0.0048 488 295 500 396
person 0.0046 228 120 280 162
person 0.0044 198 122 252 164
person 0.0038 270 114 335 284
person 0.0033 183 94 263 157
person 0.0033 186 94 207 116
person 0.0031 253 111 295 152
person 0.0030 161 120 195 259
person 0.0028 470 257 482 276
person 0.0025 0 256 26 301
person 0.0024 152 125 188 221
person 0.0024 268 121 315 160
person 0.0023 476 252 499 309
person 0.0022 198 142 214 164
person 0.0021 297 122 327 180
person 0.0020 480 275 502 411
person 0.0019 204 133 264 171
person 0.0018 195 97 215 117
person 0.0017 1 254 24 270
person 0.0016 466 220 505 403
person 0.0015 0 250 10 270
person 0.0014 159 225 177 294
person 0.0013 477 250 497 269
person 0.0013 204 98 247 136
person 0.0013 223 113 244 135
person 0.0012 158 118 183 170
person 0.0012 236 107 321 166
person 0.0012 188 101 206 125
person 0.0010 216 113 236 135
person 0.0010 154 126 199 176
