bicycle 0.0593 406 195 497 275
bicycle 0.0587 448 200 497 271
bicycle 0.0241 392 218 474 276
bicycle 0.0223 392 181 436 275
bicycle 0.0121 426 188 468 275
bicycle 0.0090 387 184 428 232
bicycle 0.0016 474 168 500 267
bicycle 0.0014 416 171 457 265
bicycle 0.0013 390 175 472 261
bird 0.0027 77 35 106 75
boat 0.0010 388 190 473 273
bottle 0.0350 249 144 260 178
bottle 0.0082 236 140 254 181
bottle 0.0055 239 137 251 169
bottle 0.0054 268 147 280 175
bottle 0.0053 242 160 264 221
bottle 0.0042 245 147 262 190
bottle 0.0038 257 146 269 177
bottle 0.0037 228 139 245 182
bottle 0.0035 245 134 263 174
bottle 0.0030 267 160 280 180
bottle 0.0020 265 143 284 180
bottle 0.0012 369 166 390 230
bottle 0.0010 274 149 289 174
car 0.0082 388 190 473 273
car 0.0031 388 167 414 233
car 0.0021 407 177 493 259
car 0.0017 395 172 469 229
car 0.0016 476 138 499 252
cat 0.0010 471 210 498 268
chair 0.1022 450 214 497 277
chair 0.0389 471 210 498 268
chair 0.0201 411 181 457 275
chair 0.0117 475 196 499 244
chair 0.0072 392 181 436 275
chair 0.0049 432 224 484 272
chair 0.0038 484 199 500 278
chair 0.0037 451 175 494 261
chair 0.0035 454 197 496 241
chair 0.0030 428 172 463 264
chair 0.0029 445 192 466 244
chair 0.0026 474 168 500 267
chair 0.0025 443 207 489 249
chair 0.0016 425 203 449 270
chair 0.0016 437 193 457 264
chair 0.0014 406 195 497 275
chair 0.0012 459 195 470 220
chair 0.0010 487 206 498 234
cow 0.0014 392 167 430 262
diningtable 0.0556 406 195 497 275
diningtable 0.0100 392 218 474 276
diningtable 0.0075 450 214 497 277
diningtable 0.0049 411 181 457 275
diningtable 0.0024 471 210 498 268
diningtable 0.0010 392 181 436 275
diningtable 0.0010 475 196 499 244
dog 0.0023 392 167 430 262
dog 0.0023 450 221 500 275
dog 0.0011 77 35 106 75
dog 0.0011 471 210 498 268
horse 0.0471 392 167 430 262
horse 0.0047 388 190 473 273
horse 0.0046 416 171 457 265
horse 0.0015 380 175 452 255
horse 0.0010 394 165 421 232
motorbike 0.0291 388 190 473 273
motorbike 0.0219 392 181 436 275
motorbike 0.0048 387 184 428 232
motorbike 0.0028 448 200 497 271
motorbike 0.0027 416 171 457 265
motorbike 0.0017 426 188 468 275
person 0.3479 416 171 457 265
person 0.2128 392 167 430 262
person 0.1341 394 165 421 232
person 0.0690 435 175 459 245
person 0.0505 426 188 468 275
person 0.0256 369 166 390 230
person 0.0185 426 175 450 242
person 0.0176 442 177 466 227
person 0.0141 228 131 245 176
person 0.0130 388 165 414 217
person 0.0123 390 175 472 261
person 0.0100 408 164 425 215
person 0.0085 410 166 422 195
person 0.0078 415 176 441 240
person 0.0063 421 177 432 202
person 0.0057 429 180 446 201
person 0.0051 236 133 252 174
person 0.0046 380 168 398 231
person 0.0045 402 164 416 182
person 0.0038 230 146 242 177
person 0.0035 399 167 417 192
person 0.0030 386 181 414 232
person 0.0025 433 177 461 210
person 0.0024 451 175 494 261
person 0.0022 437 178 456 199
person 0.0021 476 138 499 252
person 0.0020 460 185 471 215
person 0.0019 381 171 445 226
person 0.0018 249 144 260 178
person 0.0018 268 147 280 175
person 0.0016 406 195 497 275
person 0.0016 421 184 435 209
person 0.0016 239 145 251 177
person 0.0013 398 175 416 200
person 0.0013 445 192 466 244
person 0.0013 427 176 450 210
person 0.0012 472 202 499 257
person 0.0011 383 174 394 205
person 0.0011 403 178 430 238
person 0.0010 449 194 461 222
person 0.0010 476 186 499 233
pottedplant 0.0031 228 131 245 176
pottedplant 0.0029 370 159 389 224
pottedplant 0.0020 267 160 280 180
pottedplant 0.0014 268 147 280 175
pottedplant 0.0011 249 144 260 178
sofa 0.0045 388 190 473 273
sofa 0.0012 452 206 499 253
tvmonitor 0.0010 228 139 245 182
