bicycle 0.0013 234 56 293 94
bicycle 0.0011 0 230 27 269
bird 0.0038 239 28 287 92
bottle 0.0220 288 54 299 81
bottle 0.0157 155 48 183 102
bottle 0.0100 211 314 240 358
bottle 0.0048 294 54 310 80
bottle 0.0040 175 269 199 322
bottle 0.0039 79 54 106 100
bottle 0.0030 204 304 248 353
bottle 0.0027 293 63 311 87
bottle 0.0026 234 56 293 94
bottle 0.0018 286 49 302 84
bottle 0.0016 316 33 328 60
bottle 0.0013 306 45 320 68
bottle 0.0012 239 28 287 92
bottle 0.0011 0 245 10 274
bottle 0.0011 151 -2 164 19
bottle 0.0011 305 53 319 79
bottle 0.0011 275 58 292 79
bottle 0.0010 348 252 370 304
bottle 0.0010 137 318 155 339
bottle 0.0010 274 66 292 86
cat 0.0035 238 42 289 90
chair 0.0460 456 144 499 255
chair 0.0079 471 153 500 211
chair 0.0076 471 117 499 241
chair 0.0053 193 191 291 378
chair 0.0023 486 141 501 206
chair 0.0021 435 91 500 266
chair 0.0015 0 50 25 103
chair 0.0015 413 121 490 199
chair 0.0015 450 152 502 196
chair 0.0014 448 111 498 207
chair 0.0014 0 185 24 283
chair 0.0010 129 177 284 349
diningtable 0.0029 456 144 499 255
diningtable 0.0012 171 241 318 362
dog 0.0050 238 42 289 90
person 0.8137 192 167 290 347
person 0.1434 239 28 287 92
person 0.0456 107 64 152 106
person 0.0058 155 48 183 102
person 0.0029 234 56 293 94
person 0.0028 79 62 104 107
person 0.0023 209 187 361 340
person 0.0015 108 59 134 97
person 0.0014 250 37 294 112
person 0.0013 473 91 499 225
person 0.0012 121 58 153 97
person 0.0010 0 245 10 274
pottedplant 0.7967 290 231 347 315
pottedplant 0.5365 63 185 215 329
pottedplant 0.3715 0 44 28 91
pottedplant 0.1001 276 232 324 314
pottedplant 0.0871 348 -4 399 83
pottedplant 0.0698 295 53 388 104
pottedplant 0.0496 336 0 409 54
pottedplant 0.0427 348 252 370 304
pottedplant 0.0367 141 183 217 330
pottedplant 0.0322 287 244 376 326
pottedplant 0.0308 175 269 199 322
pottedplant 0.0302 340 -3 442 81
pottedplant 0.0274 332 235 376 314
pottedplant 0.0259 305 53 358 97
pottedplant 0.0241 9 48 32 103
pottedplant 0.0233 307 33 404 93
pottedplant 0.0203 -1 47 15 103
pottedplant 0.0142 302 5 443 129
pottedplant 0.0131 338 259 364 312
pottedplant 0.0127 89 280 165 344
pottedplant 0.0105 347 47 392 88
pottedplant 0.0102 129 177 284 349
pottedplant 0.0093 293 63 311 87
pottedplant 0.0091 5 52 24 82
pottedplant 0.0086 310 70 371 98
pottedplant 0.0075 161 216 207 330
pottedplant 0.0069 154 265 201 310
pottedplant 0.0067 288 54 299 81
pottedplant 0.0065 294 54 310 80
pottedplant 0.0059 308 -26 489 257
pottedplant 0.0054 354 -2 403 40
pottedplant 0.0054 253 210 387 326
pottedplant 0.0052 134 185 222 250
pottedplant 0.0050 3 45 26 71
pottedplant 0.0048 279 246 304 311
pottedplant 0.0046 68 203 151 341
pottedplant 0.0045 421 148 448 197
pottedplant 0.0044 142 277 192 314
pottedplant 0.0042 79 172 169 307
pottedplant 0.0041 355 4 384 50
pottedplant 0.0036 166 273 207 345
pottedplant 0.0034 99 303 123 350
pottedplant 0.0033 48 112 229 359
pottedplant 0.0032 336 -3 384 40
pottedplant 0.0032 58 227 265 358
pottedplant 0.0029 363 2 394 52
pottedplant 0.0028 294 32 450 186
pottedplant 0.0027 137 277 162 316
pottedplant 0.0026 318 48 428 107
pottedplant 0.0025 304 61 398 129
pottedplant 0.0024 354 54 385 98
pottedplant 0.0023 345 14 395 57
pottedplant 0.0023 264 229 303 314
pottedplant 0.0022 176 253 223 340
pottedplant 0.0021 0 64 25 102
pottedplant 0.0020 92 302 146 348
pottedplant 0.0019 99 324 120 350
pottedplant 0.0019 329 248 355 305
pottedplant 0.0019 95 203 150 303
pottedplant 0.0018 137 318 155 339
pottedplant 0.0018 0 32 42 96
pottedplant 0.0017 380 88 487 269
pottedplant 0.0016 243 -3 431 92
pottedplant 0.0015 267 40 372 89
pottedplant 0.0015 0 51 12 82
pottedplant 0.0014 152 54 255 100
pottedplant 0.0014 239 28 287 92
pottedplant 0.0013 180 56 232 96
pottedplant 0.0013 357 -1 498 146
pottedplant 0.0013 90 321 132 348
pottedplant 0.0013 412 116 456 199
pottedplant 0.0012 167 308 223 343
pottedplant 0.0012 95 177 228 224
pottedplant 0.0012 37 276 86 316
pottedplant 0.0012 204 315 248 358
pottedplant 0.0012 286 49 302 84
pottedplant 0.0012 98 246 143 339
pottedplant 0.0011 148 180 207 219
pottedplant 0.0011 209 187 361 340
pottedplant 0.0011 118 281 208 339
pottedplant 0.0011 80 222 136 321
pottedplant 0.0011 261 47 473 321
pottedplant 0.0010 85 189 203 279
pottedplant 0.0010 338 3 363 51
pottedplant 0.0010 0 245 10 274
pottedplant 0.0010 381 117 482 197
sofa 0.0027 458 162 498 261
