bird 0.0093 210 0 262 97
bottle 0.0100 330 108 353 146
bottle 0.0024 337 112 360 152
bottle 0.0023 210 0 262 97
bottle 0.0021 322 105 345 147
bottle 0.0010 334 121 349 147
car 0.0010 -1 34 29 79
cat 0.0183 210 0 262 97
chair 0.1918 0 49 264 358
chair 0.1514 144 5 225 166
chair 0.1237 2 94 498 365
chair 0.0910 144 3 218 83
chair 0.0368 48 -4 123 61
chair 0.0246 285 101 503 374
chair 0.0113 173 0 331 127
chair 0.0101 205 9 247 104
chair 0.0081 103 68 175 211
chair 0.0079 322 38 500 186
chair 0.0060 135 39 292 178
chair 0.0053 151 16 244 100
chair 0.0037 156 78 236 158
chair 0.0031 347 111 394 156
chair 0.0026 13 84 174 297
chair 0.0023 30 49 230 172
chair 0.0022 178 -2 262 166
chair 0.0022 139 175 514 394
chair 0.0019 151 53 243 225
chair 0.0014 7 168 187 364
chair 0.0014 204 0 278 92
chair 0.0012 0 60 52 144
chair 0.0011 222 4 502 221
chair 0.0010 125 26 457 284
diningtable 0.0110 3 49 183 170
diningtable 0.0062 146 18 226 183
diningtable 0.0050 -3 50 200 357
diningtable 0.0043 40 18 221 130
diningtable 0.0020 142 5 290 128
diningtable 0.0018 322 38 500 186
diningtable 0.0014 92 45 251 173
dog 0.0053 210 0 262 97
person 0.9473 219 105 498 373
person 0.9206 5 61 263 370
person 0.0972 14 12 490 379
person 0.0305 210 0 305 96
person 0.0196 206 -4 358 124
person 0.0171 342 122 510 377
person 0.0104 252 3 304 109
person 0.0071 476 53 500 189
person 0.0070 48 -4 123 61
person 0.0067 432 80 500 389
person 0.0055 235 4 286 108
person 0.0054 211 4 260 108
person 0.0038 269 -3 318 97
person 0.0037 489 75 499 175
person 0.0029 142 5 290 128
person 0.0024 436 84 499 241
person 0.0023 125 26 457 284
person 0.0023 171 116 405 258
person 0.0019 13 84 174 297
person 0.0019 479 103 500 365
person 0.0016 0 71 18 361
person 0.0016 468 38 500 433
person 0.0015 0 33 30 400
person 0.0014 242 41 487 177
person 0.0014 449 97 506 184
person 0.0012 319 64 499 210
person 0.0011 7 168 187 364
person 0.0010 405 103 492 175
person 0.0010 192 42 378 167
person 0.0010 213 79 444 200
pottedplant 0.0199 205 4 247 90
pottedplant 0.0048 208 -3 352 96
pottedplant 0.0011 182 1 263 87
pottedplant 0.0011 330 108 353 146
sofa 0.8899 0 135 501 369
sofa 0.0633 286 119 504 375
sofa 0.0414 5 61 263 370
sofa 0.0117 144 3 218 83
sofa 0.0092 357 37 496 185
sofa 0.0059 48 -4 123 61
sofa 0.0022 142 5 290 128
sofa 0.0022 144 61 562 391
sofa 0.0020 181 -4 327 98
sofa 0.0018 144 5 225 166
sofa 0.0012 40 18 221 130
sofa 0.0010 3 49 183 170
tvmonitor 0.0027 378 106 486 168
tvmonitor 0.0018 144 3 218 83
tvmonitor 0.0015 48 -4 123 61
tvmonitor 0.0014 -3 93 50 138
tvmonitor 0.0013 357 37 496 185
