bottle 0.0101 57 6 82 54
bottle 0.0050 15 1 35 57
bottle 0.0049 15 10 47 64
bottle 0.0025 14 237 109 317
bottle 0.0018 101 9 121 62
bottle 0.0016 16 7 31 33
bottle 0.0014 4 -5 24 62
bottle 0.0014 98 -1 187 58
bottle 0.0012 12 194 111 357
bottle 0.0011 21 10 40 32
bottle 0.0011 6 8 88 64
cat 0.0023 177 187 495 382
chair 0.0110 177 187 495 382
chair 0.0039 0 111 203 387
chair 0.0014 476 280 500 380
chair 0.0010 488 301 500 392
diningtable 0.0012 6 8 88 64
diningtable 0.0012 11 205 495 380
person 0.9948 1 60 203 382
person 0.9918 183 159 492 375
person 0.0205 0 81 501 379
person 0.0027 3 175 100 378
person 0.0015 2 223 199 381
person 0.0011 98 -1 187 58
person 0.0010 406 179 501 369
sofa 0.0093 -2 154 502 372
tvmonitor 0.0062 177 187 495 382
