bottle 0.0246 176 35 272 122
cat 0.0077 121 126 472 380
cat 0.0016 168 72 417 203
cat 0.0011 157 156 216 190
chair 0.3069 89 -7 487 387
chair 0.0056 144 51 439 255
chair 0.0028 176 35 272 122
dog 0.9904 134 73 488 371
dog 0.0523 168 72 417 203
dog 0.0075 133 155 286 278
dog 0.0047 144 79 285 209
dog 0.0040 162 42 344 178
dog 0.0033 149 111 359 248
dog 0.0030 152 144 259 212
dog 0.0016 153 162 287 227
dog 0.0016 157 156 216 190
dog 0.0013 162 109 322 174
dog 0.0011 102 36 409 265
dog 0.0011 120 243 390 365
person 0.0457 89 -7 487 387
person 0.0045 176 35 272 122
person 0.0031 169 48 418 176
person 0.0012 156 54 468 258
pottedplant 0.0010 176 35 272 122
sofa 0.3599 89 -7 487 387
sofa 0.0011 156 54 468 258
tvmonitor 0.0060 176 35 272 122
