bicycle 0.9954 157 320 369 496
bicycle 0.9311 4 388 60 474
bicycle 0.2110 120 365 204 457
bicycle 0.1900 132 335 179 448
bicycle 0.0328 123 370 170 452
bicycle 0.0124 58 393 99 439
bicycle 0.0095 173 225 311 484
bicycle 0.0084 332 339 377 446
bicycle 0.0021 107 354 183 436
bicycle 0.0012 18 385 102 470
bicycle 0.0012 148 349 204 442
bottle 0.0062 144 361 168 417
bottle 0.0022 153 366 176 411
bottle 0.0019 133 370 160 425
bottle 0.0017 166 374 180 401
bottle 0.0014 152 374 176 438
bottle 0.0010 66 383 95 434
bottle 0.0010 158 375 172 402
chair 0.0214 10 366 64 468
chair 0.0038 132 335 179 448
chair 0.0033 58 379 95 449
chair 0.0030 170 272 336 471
dog 0.0024 66 383 95 434
motorbike 0.0283 4 388 60 474
motorbike 0.0078 132 335 179 448
motorbike 0.0031 116 353 199 439
motorbike 0.0010 58 393 99 439
motorbike 0.0010 123 370 170 452
person 0.9898 8 320 57 463
person 0.9288 132 324 179 422
person 0.9088 171 226 338 487
person 0.0048 150 331 197 418
person 0.0032 181 212 323 381
person 0.0016 140 324 170 379
person 0.0016 -4 337 64 419
person 0.0011 125 328 222 461
person 0.0010 200 322 377 499
pottedplant 0.0011 295 351 344 386
pottedplant 0.0010 26 409 52 464
