bicycle 0.0016 6 213 178 370
bottle 0.6975 234 228 254 287
bottle 0.1233 235 220 252 264
bottle 0.0639 150 140 169 203
bottle 0.0257 230 225 248 274
bottle 0.0239 415 209 442 268
bottle 0.0155 145 170 168 211
bottle 0.0121 228 241 249 292
bottle 0.0107 412 189 453 280
bottle 0.0096 382 115 398 171
bottle 0.0093 205 248 226 287
bottle 0.0077 155 138 165 165
bottle 0.0070 232 235 244 263
bottle 0.0063 150 178 165 204
bottle 0.0058 217 236 232 261
bottle 0.0052 152 169 165 196
bottle 0.0046 213 235 236 281
bottle 0.0045 410 210 429 269
bottle 0.0033 414 195 441 245
bottle 0.0031 208 238 226 260
bottle 0.0031 166 248 190 288
bottle 0.0025 154 248 200 275
bottle 0.0025 143 191 157 211
bottle 0.0025 166 251 188 271
bottle 0.0023 412 245 424 271
bottle 0.0023 380 167 435 267
bottle 0.0023 421 202 448 259
bottle 0.0023 157 254 215 284
bottle 0.0021 149 188 165 211
bottle 0.0020 151 135 168 172
bottle 0.0019 421 224 450 273
bottle 0.0019 225 227 260 315
bottle 0.0019 405 193 432 247
bottle 0.0018 145 179 157 204
bottle 0.0016 389 164 409 183
bottle 0.0016 138 251 197 288
bottle 0.0016 206 232 229 266
bottle 0.0014 238 218 249 248
bottle 0.0014 238 236 250 276
bottle 0.0014 208 247 226 272
bottle 0.0014 385 154 412 190
bottle 0.0014 199 259 216 279
bottle 0.0012 169 257 186 279
bottle 0.0012 248 256 299 282
bottle 0.0011 157 144 173 201
bottle 0.0011 154 144 166 177
bottle 0.0011 153 155 166 189
bottle 0.0011 383 117 395 150
bottle 0.0010 201 239 248 280
bottle 0.0010 384 140 397 168
bottle 0.0010 193 252 238 285
bottle 0.0010 128 243 186 278
car 0.0047 269 124 290 150
chair 0.4197 6 213 178 370
chair 0.3228 -1 262 56 370
chair 0.0944 277 236 442 375
chair 0.0460 0 260 28 366
chair 0.0432 363 254 457 373
chair 0.0324 126 183 226 273
chair 0.0123 256 242 337 376
chair 0.0096 231 283 433 368
chair 0.0067 212 246 308 373
chair 0.0064 412 258 458 371
chair 0.0058 3 209 91 377
chair 0.0058 223 289 333 372
chair 0.0054 -5 289 142 378
chair 0.0044 174 249 402 374
chair 0.0040 0 256 11 339
chair 0.0033 2 286 267 370
chair 0.0032 128 209 152 252
chair 0.0026 265 292 360 372
chair 0.0024 193 290 290 373
chair 0.0021 411 87 499 420
chair 0.0020 0 199 21 353
chair 0.0017 418 205 456 343
chair 0.0016 0 308 82 378
chair 0.0016 124 292 239 370
chair 0.0015 230 241 282 346
chair 0.0014 195 244 244 377
chair 0.0013 403 178 468 368
chair 0.0012 0 230 48 324
chair 0.0012 176 252 228 371
chair 0.0011 120 195 143 245
chair 0.0011 219 231 264 351
chair 0.0011 155 265 210 361
chair 0.0011 250 244 304 347
chair 0.0010 2 262 41 316
diningtable 0.9378 112 255 310 371
diningtable 0.2047 10 227 248 367
diningtable 0.0218 174 249 402 374
diningtable 0.0131 277 236 442 375
diningtable 0.0080 231 283 433 368
diningtable 0.0059 139 259 260 333
diningtable 0.0055 197 246 287 370
diningtable 0.0051 6 285 185 375
diningtable 0.0045 363 254 457 373
diningtable 0.0040 206 288 312 373
diningtable 0.0027 228 244 330 373
diningtable 0.0020 178 244 300 304
diningtable 0.0018 117 246 243 301
diningtable 0.0016 155 247 246 372
diningtable 0.0014 -1 262 56 370
diningtable 0.0014 197 225 279 280
diningtable 0.0012 101 183 234 356
diningtable 0.0011 122 182 219 274
diningtable 0.0011 416 166 493 371
dog 0.0049 123 173 220 267
dog 0.0014 412 189 453 280
dog 0.0012 380 167 435 267
person 0.9693 13 168 170 373
person 0.8985 126 173 227 267
person 0.7677 277 161 431 371
person 0.2616 384 57 503 373
person 0.0359 122 153 231 352
person 0.0292 258 174 343 370
person 0.0268 431 110 501 397
person 0.0137 378 162 422 265
person 0.0124 172 177 226 261
person 0.0105 145 170 168 211
person 0.0085 384 161 413 202
person 0.0083 395 142 475 369
person 0.0073 34 179 217 295
person 0.0072 381 53 491 234
person 0.0066 412 189 453 280
person 0.0064 375 147 449 283
person 0.0059 51 172 281 372
person 0.0050 150 140 169 203
person 0.0030 234 228 254 287
person 0.0029 287 174 340 261
person 0.0026 302 206 321 254
person 0.0025 418 205 456 343
person 0.0021 93 190 202 270
person 0.0021 384 174 487 259
person 0.0021 124 173 175 261
person 0.0020 138 138 175 218
person 0.0018 469 10 499 463
person 0.0016 482 115 500 394
person 0.0016 295 167 412 257
person 0.0016 0 241 26 352
person 0.0015 389 164 409 183
person 0.0014 144 186 169 233
person 0.0012 150 178 165 204
person 0.0012 383 193 438 270
person 0.0011 0 169 19 341
person 0.0011 331 164 418 232
person 0.0010 343 157 446 384
pottedplant 0.0061 151 134 169 191
pottedplant 0.0024 145 170 168 211
pottedplant 0.0017 277 236 442 375
pottedplant 0.0011 155 138 165 165
sofa 0.0084 123 173 220 267
sofa 0.0044 6 213 178 370
sofa 0.0010 -1 262 56 370
tvmonitor 0.0080 340 108 398 196
tvmonitor 0.0019 269 126 292 154
