boat 0.0016 125 87 373 345
boat 0.0011 6 29 491 352
dog 0.0012 364 246 496 355
person 0.9976 166 92 235 330
person 0.9961 311 69 393 324
person 0.9927 244 70 323 324
person 0.9788 85 62 168 335
person 0.5007 209 61 262 306
person 0.0444 222 68 293 330
person 0.0127 225 116 255 313
person 0.0115 122 54 201 314
person 0.0053 204 51 366 339
person 0.0041 184 63 253 266
person 0.0034 210 58 257 178
person 0.0032 118 60 304 329
person 0.0029 183 87 208 142
person 0.0025 150 66 214 266
person 0.0018 492 232 500 342
person 0.0017 163 113 202 312
person 0.0016 278 57 350 311
person 0.0012 206 61 246 140
person 0.0011 202 113 240 313
person 0.0010 474 214 499 337
