bicycle 0.0010 326 -1 484 154
bottle 0.0022 0 204 26 257
bottle 0.0016 369 325 428 370
bottle 0.0014 0 193 11 269
bottle 0.0013 316 103 346 164
bottle 0.0012 0 144 50 246
cat 0.0080 347 328 448 375
cat 0.0011 369 325 428 370
chair 0.1226 40 71 234 362
chair 0.0053 138 88 299 343
chair 0.0051 54 32 196 263
chair 0.0022 0 144 50 246
chair 0.0020 0 163 54 349
chair 0.0018 1 225 42 361
chair 0.0010 274 28 352 174
chair 0.0010 0 199 25 354
dog 0.0808 347 328 448 375
dog 0.0053 148 104 293 327
dog 0.0013 369 325 428 370
dog 0.0011 330 241 467 372
person 0.9327 46 19 204 295
person 0.2992 173 89 310 344
person 0.2136 55 79 285 352
person 0.0311 229 82 315 279
person 0.0111 114 27 310 295
person 0.0085 356 327 457 373
person 0.0042 330 241 467 372
person 0.0025 0 163 54 349
person 0.0023 145 84 258 313
person 0.0010 0 166 25 345
sheep 0.0011 347 328 448 375
sofa 0.1459 55 79 285 352
sofa 0.0016 173 89 310 344
tvmonitor 0.0107 -1 128 50 228
