bus 0.9948 4 157 204 368
bus 0.0510 205 242 315 302
bus 0.0077 3 166 144 300
bus 0.0045 231 237 322 282
bus 0.0034 194 236 287 283
bus 0.0023 92 173 242 342
bus 0.0016 239 246 351 305
bus 0.0016 118 244 203 300
bus 0.0016 457 262 498 334
bus 0.0013 206 267 342 332
bus 0.0013 409 240 500 311
bus 0.0011 1 152 188 248
car 0.8845 191 278 333 342
car 0.0771 275 279 355 338
car 0.0337 205 242 315 302
car 0.0283 215 244 293 277
car 0.0243 303 294 360 340
car 0.0169 177 282 276 338
car 0.0071 1 216 205 366
car 0.0056 303 274 342 306
car 0.0053 279 268 324 308
car 0.0034 231 237 322 282
car 0.0030 284 276 339 315
car 0.0029 235 268 351 332
car 0.0028 271 262 316 297
car 0.0026 182 238 232 279
car 0.0017 180 295 235 340
car 0.0014 248 254 318 286
car 0.0014 239 246 351 305
car 0.0013 310 278 335 298
car 0.0013 294 286 348 328
car 0.0013 268 241 318 279
person 0.2942 473 275 498 342
person 0.0494 127 259 150 296
person 0.0252 485 274 500 343
person 0.0199 146 245 171 294
person 0.0190 467 285 488 343
person 0.0064 156 244 175 292
person 0.0047 457 262 498 334
person 0.0045 286 265 315 309
person 0.0041 137 257 161 296
person 0.0030 131 260 148 283
person 0.0026 489 287 499 327
person 0.0014 217 252 290 281
person 0.0011 147 264 168 293
