bicycle 0.0065 411 120 439 181
bicycle 0.0024 400 121 421 181
bird 0.7723 69 133 132 185
bird 0.3634 204 143 232 183
bird 0.0116 106 135 133 185
bird 0.0055 -4 294 49 336
bird 0.0048 208 140 258 182
bird 0.0047 205 133 314 183
bird 0.0045 268 125 316 145
bird 0.0039 271 129 295 143
bird 0.0037 277 128 307 142
bird 0.0026 258 127 307 152
bird 0.0024 279 127 325 155
bird 0.0014 289 128 314 141
bird 0.0014 291 131 314 148
bird 0.0014 208 149 238 172
bird 0.0014 409 115 442 176
bird 0.0013 0 277 25 334
bird 0.0013 230 119 361 170
bird 0.0011 201 132 243 190
bird 0.0011 262 132 285 146
bird 0.0010 250 133 277 146
bird 0.0010 303 129 320 150
boat 0.0070 230 129 363 179
boat 0.0031 445 311 504 336
boat 0.0012 205 133 314 183
boat 0.0010 292 131 349 170
bottle 0.0074 411 120 439 181
bottle 0.0034 456 150 474 171
bottle 0.0033 446 151 465 170
bottle 0.0015 437 152 455 172
bottle 0.0012 465 150 483 172
bottle 0.0012 464 131 485 173
bottle 0.0012 468 141 482 166
bottle 0.0010 444 146 488 174
car 0.0067 341 143 361 156
car 0.0020 352 143 366 158
cat 0.0035 411 120 439 181
cat 0.0015 69 133 132 185
cat 0.0012 204 143 232 183
chair 0.0042 411 120 439 181
cow 0.0030 402 119 438 180
dog 0.0400 407 119 442 179
dog 0.0015 204 143 232 183
horse 0.0046 402 119 438 180
motorbike 0.0024 411 120 439 181
person 0.0822 411 120 439 181
person 0.0018 352 143 366 158
person 0.0013 303 129 320 150
pottedplant 0.0015 446 151 465 170
pottedplant 0.0010 464 131 485 173
sheep 0.0055 204 143 232 183
tvmonitor 0.0020 315 -4 474 46
