aeroplane 0.0010 1 32 494 281
bird 0.0014 9 49 118 115
bird 0.0011 1 53 95 146
boat 0.9830 0 44 284 285
boat 0.1423 1 88 490 291
boat 0.0085 0 59 278 171
boat 0.0083 170 165 479 288
boat 0.0059 1 53 95 146
boat 0.0054 9 49 118 115
boat 0.0047 55 112 356 258
boat 0.0026 165 217 483 308
boat 0.0017 325 136 500 317
boat 0.0013 -3 32 141 284
boat 0.0010 0 43 163 91
bus 0.0052 386 135 443 319
bus 0.0051 247 145 303 307
bus 0.0043 433 130 500 313
car 0.3522 433 130 500 313
car 0.0217 366 131 507 319
car 0.0144 451 189 498 325
car 0.0116 399 132 453 318
car 0.0065 472 153 500 317
car 0.0016 461 91 504 349
person 0.9950 253 163 295 315
person 0.9739 388 139 442 330
person 0.9736 289 134 336 314
person 0.9131 326 138 375 313
person 0.9063 374 152 407 321
person 0.8190 364 154 395 314
person 0.0300 409 170 444 335
person 0.0113 407 129 499 313
person 0.0064 365 149 392 184
person 0.0048 359 148 390 259
person 0.0045 341 146 360 165
person 0.0029 295 193 330 310
person 0.0026 246 178 288 267
person 0.0020 250 183 264 263
person 0.0018 290 137 334 225
person 0.0018 407 140 446 264
person 0.0017 321 139 359 269
person 0.0016 429 167 446 279
person 0.0010 282 136 322 267
