bicycle 0.0014 156 233 169 253
boat 0.9385 151 43 208 279
boat 0.5931 289 239 316 269
boat 0.0091 162 29 252 294
boat 0.0044 121 12 199 273
boat 0.0036 293 240 316 257
boat 0.0030 149 228 188 256
boat 0.0030 151 245 170 258
boat 0.0028 290 244 337 266
boat 0.0027 287 252 310 268
boat 0.0026 156 245 182 258
boat 0.0024 144 240 194 263
boat 0.0018 303 245 321 264
boat 0.0015 169 41 191 119
boat 0.0014 188 0 236 95
boat 0.0014 157 57 182 104
boat 0.0012 151 82 170 96
boat 0.0011 158 38 198 206
boat 0.0010 179 43 198 118
boat 0.0010 160 72 178 91
boat 0.0010 175 248 201 258
bus 0.0011 291 242 317 268
person 0.0646 160 217 180 255
person 0.0214 156 233 169 253
person 0.0052 291 242 317 268
person 0.0050 149 228 188 256
person 0.0048 171 234 187 253
person 0.0029 166 214 189 254
person 0.0013 170 222 186 249
train 0.0215 289 239 316 269
