car 0.0024 6 25 494 347
cat 0.0091 48 232 159 272
cat 0.0025 44 101 247 276
cat 0.0020 95 58 195 114
cat 0.0017 45 238 117 264
chair 0.0366 6 25 494 347
chair 0.0287 62 58 344 308
chair 0.0055 25 33 253 272
chair 0.0044 143 16 429 281
chair 0.0028 168 17 324 199
chair 0.0021 0 -13 11 69
chair 0.0012 178 104 480 341
chair 0.0011 74 28 272 177
diningtable 0.0018 32 294 474 382
dog 0.9249 50 73 291 305
dog 0.0590 43 62 232 231
dog 0.0291 48 232 159 272
dog 0.0265 94 54 192 135
dog 0.0171 74 28 272 177
dog 0.0064 114 52 293 232
dog 0.0060 62 93 433 344
dog 0.0048 152 110 347 262
dog 0.0036 36 112 176 262
dog 0.0026 45 238 117 264
dog 0.0018 29 48 188 177
dog 0.0013 54 21 223 135
dog 0.0013 32 213 148 268
dog 0.0011 171 149 406 289
person 0.5289 62 17 345 277
person 0.2691 164 42 489 326
person 0.0509 168 17 324 199
person 0.0508 74 28 272 177
person 0.0355 31 73 262 303
person 0.0245 127 15 435 222
person 0.0083 114 52 293 232
person 0.0045 9 -9 420 365
person 0.0043 204 150 457 292
person 0.0033 164 28 276 291
person 0.0023 54 21 223 135
person 0.0020 152 110 347 262
person 0.0018 197 53 373 220
person 0.0017 36 239 107 262
person 0.0015 29 48 188 177
sofa 0.5163 6 25 494 347
sofa 0.0403 62 58 344 308
sofa 0.0090 164 4 485 228
sofa 0.0036 25 33 253 272
