aeroplane 0.0011 278 138 391 215
bird 0.0022 -3 -10 51 36
cow 0.0066 149 152 204 180
cow 0.0049 91 179 203 258
cow 0.0036 194 150 288 219
cow 0.0035 423 129 500 202
cow 0.0024 148 160 242 235
cow 0.0018 94 177 144 219
cow 0.0017 448 90 501 135
cow 0.0015 484 91 498 148
cow 0.0013 278 138 391 215
cow 0.0012 275 101 327 150
sheep 0.9898 415 129 501 204
sheep 0.9553 278 138 391 215
sheep 0.9417 194 150 288 219
sheep 0.8323 437 97 496 137
sheep 0.8156 91 179 203 258
sheep 0.8043 278 96 326 142
sheep 0.7211 148 160 242 235
sheep 0.4778 149 152 204 180
sheep 0.3931 341 115 408 176
sheep 0.3385 266 104 318 150
sheep 0.2024 331 110 349 133
sheep 0.0663 433 98 447 118
sheep 0.0522 435 95 463 137
sheep 0.0504 413 134 440 167
sheep 0.0445 271 101 298 141
sheep 0.0389 142 158 193 191
sheep 0.0359 169 140 281 197
sheep 0.0321 153 156 185 177
sheep 0.0320 324 114 374 143
sheep 0.0312 284 95 303 108
sheep 0.0265 338 113 400 147
sheep 0.0261 266 102 283 120
sheep 0.0212 257 145 345 210
sheep 0.0204 269 122 320 203
sheep 0.0194 446 110 500 141
sheep 0.0191 298 103 325 149
sheep 0.0170 270 98 315 125
sheep 0.0142 434 97 459 121
sheep 0.0119 94 177 144 219
sheep 0.0109 338 116 360 137
sheep 0.0103 485 106 499 133
sheep 0.0099 125 176 234 252
sheep 0.0090 312 113 351 141
sheep 0.0088 154 152 185 168
sheep 0.0068 484 91 498 148
sheep 0.0064 325 116 344 136
sheep 0.0063 270 130 312 168
sheep 0.0063 294 79 309 88
sheep 0.0059 271 100 298 118
sheep 0.0057 487 115 499 139
sheep 0.0054 321 110 361 136
sheep 0.0046 428 108 482 144
sheep 0.0045 468 126 500 198
sheep 0.0044 463 100 506 136
sheep 0.0043 193 161 240 229
sheep 0.0042 360 112 416 162
sheep 0.0041 -3 -10 51 36
sheep 0.0040 261 121 306 155
sheep 0.0035 437 91 496 116
sheep 0.0033 330 108 388 137
sheep 0.0033 279 99 309 116
sheep 0.0032 305 121 356 152
sheep 0.0031 434 103 498 187
sheep 0.0031 328 150 410 203
sheep 0.0031 192 154 219 166
sheep 0.0030 273 119 328 156
sheep 0.0028 172 153 227 220
sheep 0.0027 409 133 462 168
sheep 0.0024 274 96 295 109
sheep 0.0024 148 153 175 187
sheep 0.0022 265 101 286 140
sheep 0.0022 151 158 171 180
sheep 0.0021 274 130 296 148
sheep 0.0021 94 176 171 234
sheep 0.0019 292 95 315 107
sheep 0.0018 422 89 471 119
sheep 0.0018 265 101 304 175
sheep 0.0018 286 79 303 87
sheep 0.0016 179 150 234 170
sheep 0.0015 302 130 321 147
sheep 0.0015 263 189 286 221
sheep 0.0014 260 149 302 211
sheep 0.0014 -5 -107 99 41
sheep 0.0014 172 157 200 172
sheep 0.0013 264 190 321 220
sheep 0.0013 324 124 383 203
sheep 0.0012 255 90 310 116
sheep 0.0012 430 96 450 125
sheep 0.0012 343 176 397 214
sheep 0.0012 487 98 498 182
sheep 0.0012 298 96 324 131
sheep 0.0011 149 165 172 184
sheep 0.0010 272 139 296 159
sheep 0.0010 346 114 372 145
sheep 0.0010 439 99 473 123
sheep 0.0010 227 132 329 196
sheep 0.0010 111 156 292 241
