bottle 0.0066 124 203 172 311
bottle 0.0016 130 240 181 346
bottle 0.0013 120 199 200 349
bottle 0.0013 246 177 259 207
car 0.0012 60 124 277 376
chair 0.2915 60 124 277 376
chair 0.1985 0 241 85 374
chair 0.0682 -4 85 88 422
chair 0.0051 194 133 289 368
chair 0.0038 264 117 401 382
chair 0.0035 0 162 21 385
chair 0.0027 9 183 116 367
chair 0.0018 155 80 327 373
chair 0.0010 -1 275 51 373
diningtable 0.0075 60 124 277 376
diningtable 0.0062 0 241 85 374
diningtable 0.0020 -4 85 88 422
diningtable 0.0011 9 183 116 367
person 0.9917 57 42 277 359
person 0.7252 266 100 400 369
person 0.6520 0 64 80 327
person 0.4268 380 -10 499 388
person 0.3034 220 102 290 362
person 0.1312 194 95 294 266
person 0.0420 155 80 327 373
person 0.0199 -2 149 65 390
person 0.0178 443 -20 501 292
person 0.0068 0 45 195 346
person 0.0054 304 115 507 384
person 0.0041 197 88 285 182
person 0.0039 -2 52 34 416
person 0.0032 438 4 500 167
person 0.0030 403 -9 501 214
person 0.0029 0 123 20 384
person 0.0022 284 106 392 266
person 0.0013 17 97 114 337
person 0.0012 117 110 276 322
person 0.0011 386 58 485 267
person 0.0011 467 -42 500 350
sofa 0.0265 60 124 277 376
sofa 0.0093 -4 72 84 356
sofa 0.0075 264 117 401 382
sofa 0.0068 308 79 504 379
sofa 0.0016 155 80 327 373
sofa 0.0016 29 60 458 381
