bottle 0.0042 193 229 225 274
chair 0.0627 118 87 406 233
chair 0.0224 49 90 471 336
chair 0.0074 473 75 499 135
chair 0.0046 248 60 297 91
chair 0.0035 1 181 179 360
chair 0.0028 474 94 499 153
chair 0.0028 485 85 500 165
chair 0.0027 477 45 498 160
chair 0.0020 24 161 313 379
chair 0.0017 -1 153 55 395
chair 0.0012 -3 156 94 317
chair 0.0011 450 80 499 149
person 0.0020 118 87 406 233
pottedplant 0.0039 281 -4 397 82
pottedplant 0.0015 248 60 297 91
sofa 0.9991 116 79 449 275
sofa 0.0174 23 71 488 359
