bottle 0.0258 347 289 390 374
bottle 0.0150 373 24 384 47
bottle 0.0058 106 5 154 36
bottle 0.0027 334 14 346 43
chair 0.0125 0 291 101 375
chair 0.0090 3 295 192 373
person 0.6313 259 47 350 163
person 0.3001 196 58 239 130
person 0.0201 197 58 279 134
person 0.0081 0 3 25 118
person 0.0079 266 38 473 182
person 0.0049 201 60 233 100
person 0.0024 249 25 489 284
person 0.0023 -1 36 23 201
person 0.0023 -3 -13 46 101
person 0.0017 106 5 154 36
person 0.0014 171 39 350 166
person 0.0010 -2 36 45 117
pottedplant 0.0028 106 5 154 36
pottedplant 0.0010 373 24 384 47
tvmonitor 0.2458 4 105 116 235
tvmonitor 0.0284 249 25 489 284
tvmonitor 0.0183 259 36 388 170
tvmonitor 0.0124 194 52 278 118
tvmonitor 0.0070 476 95 501 217
tvmonitor 0.0046 267 41 357 130
tvmonitor 0.0031 -2 36 45 117
tvmonitor 0.0027 443 81 496 308
tvmonitor 0.0020 143 145 259 290
tvmonitor 0.0020 0 3 25 118
tvmonitor 0.0018 442 286 498 380
tvmonitor 0.0017 477 74 498 312
tvmonitor 0.0017 487 143 500 222
tvmonitor 0.0012 196 58 239 130
