bus 0.9899 17 146 197 241
bus 0.0075 152 149 201 238
bus 0.0060 6 159 98 237
bus 0.0040 210 204 258 238
bus 0.0031 4 174 22 231
bus 0.0029 -1 173 11 232
bus 0.0026 233 66 496 339
bus 0.0020 222 195 248 232
bus 0.0015 13 175 33 229
car 0.9406 400 203 474 233
car 0.0136 389 213 463 240
car 0.0092 204 204 246 239
car 0.0050 444 202 469 234
car 0.0038 226 204 245 222
car 0.0033 226 211 244 233
car 0.0029 429 204 464 233
car 0.0028 0 197 8 224
car 0.0028 394 201 446 227
car 0.0027 208 213 260 242
car 0.0019 386 188 409 238
car 0.0016 457 206 469 230
car 0.0015 490 170 501 196
car 0.0014 433 201 479 229
car 0.0014 416 214 475 238
car 0.0012 0 188 9 216
car 0.0010 215 212 238 232
car 0.0010 226 218 242 241
car 0.0010 407 203 430 221
person 0.9963 232 86 507 371
person 0.0016 388 196 408 243
person 0.0014 0 197 8 224
person 0.0013 246 185 262 240
person 0.0010 0 188 9 216
train 0.0014 -1 173 11 232
train 0.0012 210 204 258 238
train 0.0011 233 66 496 339
train 0.0011 4 174 22 231
tvmonitor 0.0048 233 66 496 339
