bottle 0.0626 325 184 347 246
bottle 0.0063 327 212 344 243
bottle 0.0037 319 203 340 246
bottle 0.0015 317 209 355 244
bottle 0.0013 338 211 349 242
bottle 0.0012 321 214 336 240
bottle 0.0010 325 180 371 252
bottle 0.0010 336 186 353 243
car 0.0035 5 81 366 511
cat 0.0057 83 241 234 473
chair 0.4811 73 163 287 496
chair 0.2517 5 81 366 511
chair 0.0609 83 241 234 473
chair 0.0300 102 105 336 415
chair 0.0096 160 144 367 494
chair 0.0053 290 168 378 428
chair 0.0030 74 207 239 365
chair 0.0015 -8 283 246 498
chair 0.0011 -1 197 85 480
chair 0.0010 96 150 273 335
chair 0.0010 27 373 268 498
diningtable 0.0020 6 218 240 496
diningtable 0.0017 67 106 304 410
person 0.9241 72 218 246 496
person 0.5354 90 111 341 489
person 0.0250 31 106 281 404
person 0.0043 221 106 377 482
person 0.0024 290 168 378 428
person 0.0016 74 207 239 365
person 0.0010 64 204 177 441
pottedplant 0.0010 324 206 346 246
sofa 0.1206 5 81 366 511
sofa 0.0332 73 163 287 496
