bottle 0.7319 151 205 205 305
bottle 0.4874 217 201 253 308
bottle 0.4811 0 -24 499 304
bottle 0.2173 255 202 289 306
bottle 0.0170 61 212 446 318
bottle 0.0104 0 125 18 373
bottle 0.0092 174 198 222 309
bottle 0.0063 203 212 245 312
bottle 0.0049 0 40 26 415
bottle 0.0046 289 219 346 308
bottle 0.0027 0 241 503 350
bottle 0.0025 0 15 17 292
bottle 0.0022 225 205 241 228
bottle 0.0018 249 222 261 305
bottle 0.0017 198 215 281 307
bottle 0.0016 267 196 279 220
bottle 0.0016 0 -78 28 305
bottle 0.0012 0 244 20 362
bottle 0.0011 264 195 283 232
diningtable 0.0261 0 241 503 350
diningtable 0.0011 61 212 446 318
diningtable 0.0010 0 -24 499 304
tvmonitor 0.0012 6 -49 494 265
