bicycle 0.0012 78 148 109 184
bird 0.0015 56 192 86 210
bird 0.0014 206 161 245 206
bird 0.0010 75 156 109 183
cat 0.0012 71 216 131 263
cow 0.8648 37 209 130 264
cow 0.3190 453 146 496 184
cow 0.2196 206 161 245 206
cow 0.1287 16 186 120 252
cow 0.1188 475 155 500 190
cow 0.0468 77 156 108 184
cow 0.0146 457 156 478 186
cow 0.0122 483 139 500 192
cow 0.0112 52 187 92 214
cow 0.0105 16 189 68 233
cow 0.0105 262 147 304 181
cow 0.0101 484 151 498 213
cow 0.0082 19 186 85 218
cow 0.0044 262 147 285 177
cow 0.0041 10 174 94 232
cow 0.0021 19 176 150 276
cow 0.0020 50 194 79 209
cow 0.0017 485 150 499 180
cow 0.0014 486 113 499 178
cow 0.0013 60 148 106 184
cow 0.0012 19 193 49 228
cow 0.0012 38 200 104 242
cow 0.0011 70 227 131 267
cow 0.0010 20 146 110 213
cow 0.0010 35 193 91 227
dog 0.0325 206 161 245 206
dog 0.0263 37 209 130 264
dog 0.0217 453 146 496 184
dog 0.0073 75 156 109 183
dog 0.0043 482 148 499 199
dog 0.0036 16 186 120 252
dog 0.0023 52 187 92 214
dog 0.0014 16 189 68 233
dog 0.0010 473 148 502 185
horse 0.0587 453 146 496 184
horse 0.0263 206 161 245 206
horse 0.0148 475 155 500 190
horse 0.0127 77 156 108 184
horse 0.0110 37 209 130 264
horse 0.0041 16 186 120 252
horse 0.0027 483 139 500 192
horse 0.0013 262 147 304 181
horse 0.0012 484 151 498 213
person 0.0018 71 216 131 263
person 0.0012 482 148 499 199
sheep 0.1977 206 161 245 206
sheep 0.1571 454 152 496 188
sheep 0.1112 475 155 500 190
sheep 0.0504 37 209 130 264
sheep 0.0495 456 147 479 184
sheep 0.0414 459 159 476 187
sheep 0.0260 484 151 498 213
sheep 0.0248 52 187 92 214
sheep 0.0200 77 156 108 184
sheep 0.0141 16 189 68 233
sheep 0.0139 483 139 500 192
sheep 0.0129 19 186 85 218
sheep 0.0102 467 147 505 185
sheep 0.0089 50 194 79 209
sheep 0.0080 479 166 496 191
sheep 0.0075 264 151 282 176
sheep 0.0065 262 147 304 181
sheep 0.0060 485 164 499 197
sheep 0.0050 485 150 499 180
sheep 0.0048 16 186 120 252
sheep 0.0035 19 193 49 228
sheep 0.0034 463 160 488 184
sheep 0.0023 455 138 493 175
sheep 0.0018 35 193 91 227
sheep 0.0015 458 145 476 168
sheep 0.0015 486 113 499 178
sheep 0.0014 37 182 89 209
sheep 0.0012 33 202 92 242
sheep 0.0010 486 141 500 170
