bicycle 0.0017 297 296 332 411
bicycle 0.0011 310 275 339 399
boat 0.0076 292 419 376 490
car 0.0149 292 419 376 490
cat 0.0034 102 472 166 498
cat 0.0020 314 474 377 499
cat 0.0013 54 439 116 471
chair 0.0433 116 471 171 498
chair 0.0128 101 461 168 495
chair 0.0082 292 419 376 490
chair 0.0066 109 486 177 499
chair 0.0045 139 487 224 500
chair 0.0037 124 488 161 499
chair 0.0022 144 474 219 498
chair 0.0019 80 468 149 500
chair 0.0017 250 470 306 499
chair 0.0017 201 451 306 495
chair 0.0014 255 366 301 485
chair 0.0012 129 477 158 496
chair 0.0010 173 489 208 500
chair 0.0010 309 486 382 499
cow 0.0017 297 296 332 411
diningtable 0.0084 116 471 171 498
diningtable 0.0021 163 452 311 496
diningtable 0.0018 292 419 376 490
diningtable 0.0016 109 486 177 499
diningtable 0.0015 101 461 168 495
diningtable 0.0010 139 487 224 500
dog 0.0037 102 472 166 498
dog 0.0024 314 474 377 499
dog 0.0015 54 439 116 471
dog 0.0014 297 296 332 411
dog 0.0013 309 486 382 499
horse 0.0107 297 296 332 411
horse 0.0030 310 275 339 399
motorbike 0.0021 297 296 332 411
person 0.9941 120 334 158 452
person 0.9367 155 342 186 441
person 0.9009 257 329 302 463
person 0.8888 185 341 220 450
person 0.8609 216 351 256 462
person 0.3836 233 342 264 453
person 0.2182 207 309 238 353
person 0.1071 297 296 332 411
person 0.1057 202 316 233 442
person 0.0958 271 322 305 436
person 0.0922 210 307 249 371
person 0.0414 206 325 235 375
person 0.0318 268 317 289 366
person 0.0257 158 336 173 363
person 0.0257 183 335 202 422
person 0.0216 237 326 262 376
person 0.0200 157 333 174 386
person 0.0191 222 348 237 370
person 0.0190 239 342 262 398
person 0.0169 260 315 295 396
person 0.0163 183 310 199 371
person 0.0162 242 356 258 440
person 0.0140 163 337 180 362
person 0.0131 309 285 340 418
person 0.0125 249 352 268 446
person 0.0118 161 332 184 408
person 0.0108 194 338 208 362
person 0.0103 270 320 287 344
person 0.0092 233 349 249 370
person 0.0092 241 348 258 372
person 0.0090 248 321 266 383
person 0.0088 292 325 322 456
person 0.0083 206 298 261 463
person 0.0078 212 346 228 370
person 0.0077 210 338 232 401
person 0.0076 173 337 189 420
person 0.0073 204 345 218 371
person 0.0073 260 317 280 367
person 0.0072 203 340 219 362
person 0.0072 185 336 198 364
person 0.0067 277 333 300 408
person 0.0063 203 310 225 355
person 0.0062 229 324 252 374
person 0.0061 191 336 212 386
person 0.0057 212 311 232 335
person 0.0057 157 337 171 441
person 0.0055 175 337 189 363
person 0.0054 122 336 141 425
person 0.0054 189 339 213 420
person 0.0053 200 338 221 420
person 0.0051 268 359 305 496
person 0.0048 218 311 238 333
person 0.0044 201 339 222 382
person 0.0041 109 329 144 433
person 0.0039 217 342 241 377
person 0.0037 280 326 294 351
person 0.0035 251 346 265 374
person 0.0034 213 341 229 436
person 0.0033 195 376 229 473
person 0.0030 166 332 180 355
person 0.0030 230 364 251 452
person 0.0029 181 346 249 472
person 0.0027 199 339 240 381
person 0.0027 118 337 133 423
person 0.0026 257 325 276 393
person 0.0025 105 341 176 445
person 0.0025 193 345 209 370
person 0.0025 199 350 271 444
person 0.0025 268 297 291 351
person 0.0024 275 324 298 377
person 0.0023 172 332 192 373
person 0.0022 257 353 278 446
person 0.0021 220 342 240 415
person 0.0020 252 322 263 357
person 0.0020 211 340 230 362
person 0.0020 227 310 249 356
person 0.0020 215 327 262 372
person 0.0020 220 340 286 481
person 0.0020 161 347 235 440
person 0.0019 283 277 343 429
person 0.0019 194 328 206 357
person 0.0017 239 307 260 358
person 0.0017 236 316 269 394
person 0.0016 34 397 120 469
person 0.0016 241 338 258 363
person 0.0016 263 320 278 344
person 0.0015 231 375 271 477
person 0.0014 190 368 213 449
person 0.0014 314 474 377 499
person 0.0014 291 437 376 498
person 0.0014 102 472 166 498
person 0.0014 222 354 236 378
person 0.0013 229 347 252 392
person 0.0013 317 485 392 500
person 0.0012 233 337 249 363
person 0.0012 2 421 118 486
person 0.0012 207 313 220 336
person 0.0012 220 365 243 453
person 0.0011 270 331 288 407
person 0.0011 232 328 248 354
pottedplant 0.0018 116 471 171 498
sofa 0.0136 292 419 376 490
sofa 0.0109 116 471 171 498
sofa 0.0019 101 461 168 495
sofa 0.0014 109 486 177 499
sofa 0.0014 139 487 224 500
tvmonitor 0.0122 292 419 376 490
