bus 0.9835 71 50 490 300
bus 0.0032 323 76 497 254
bus 0.0012 88 95 410 255
bus 0.0012 -6 89 129 257
car 0.2576 6 70 498 313
car 0.0132 16 97 73 124
car 0.0119 323 76 497 254
car 0.0106 0 86 90 237
car 0.0078 489 124 499 218
car 0.0066 -3 95 70 116
car 0.0033 476 136 499 206
car 0.0028 217 52 504 290
car 0.0020 -2 96 50 128
car 0.0011 477 96 498 256
person 0.0082 116 111 141 156
person 0.0035 369 164 393 216
person 0.0023 0 215 10 317
person 0.0015 50 165 89 261
person 0.0013 489 92 498 194
train 0.0148 6 70 498 313
train 0.0057 0 100 90 255
tvmonitor 0.0079 14 -20 491 299
