bicycle 0.0015 181 228 222 323
boat 0.0025 -1 161 67 186
boat 0.0022 0 129 182 251
boat 0.0018 5 154 165 197
boat 0.0017 12 166 72 197
boat 0.0010 0 147 9 236
bottle 0.0088 207 257 223 319
bottle 0.0081 199 240 219 314
car 0.0101 477 163 495 183
car 0.0079 466 162 487 181
car 0.0039 284 165 304 181
car 0.0037 489 160 497 188
car 0.0029 456 159 495 184
car 0.0028 291 166 313 181
car 0.0024 275 164 293 181
car 0.0022 490 169 498 195
car 0.0020 474 157 499 188
car 0.0018 476 157 495 175
car 0.0013 479 172 495 188
car 0.0010 458 163 478 181
chair 0.0051 101 184 181 253
chair 0.0025 181 228 222 323
chair 0.0021 176 181 221 290
chair 0.0013 171 139 237 335
chair 0.0010 185 155 296 379
person 0.8812 186 110 294 364
person 0.0014 188 135 201 155
person 0.0012 171 139 237 335
person 0.0012 477 163 495 183
person 0.0010 489 160 497 188
pottedplant 0.0019 199 240 219 314
