bicycle 0.0021 257 220 289 335
bicycle 0.0013 184 218 270 376
car 0.0089 196 190 268 339
car 0.0076 0 302 51 341
car 0.0037 227 200 268 320
car 0.0032 193 194 274 253
car 0.0031 171 212 259 310
car 0.0016 163 243 271 384
car 0.0012 259 183 291 299
car 0.0012 158 234 236 325
car 0.0010 153 193 234 253
horse 0.0015 258 199 289 321
motorbike 0.9443 163 218 270 378
motorbike 0.0239 226 211 267 342
motorbike 0.0156 196 190 268 339
motorbike 0.0112 257 220 289 335
motorbike 0.0053 159 189 232 336
motorbike 0.0046 156 202 194 313
motorbike 0.0046 214 220 281 365
motorbike 0.0026 259 183 291 299
motorbike 0.0024 170 208 217 313
motorbike 0.0014 227 196 271 286
motorbike 0.0011 163 240 223 355
person 0.6872 194 203 267 356
person 0.0705 226 211 267 342
person 0.0453 176 200 202 249
person 0.0425 258 199 289 321
person 0.0252 196 202 220 247
person 0.0222 154 197 193 278
person 0.0161 212 195 258 286
person 0.0161 149 201 171 268
person 0.0132 171 199 213 277
person 0.0122 190 203 238 321
person 0.0105 256 224 274 303
person 0.0105 159 203 237 357
person 0.0093 141 211 163 274
person 0.0089 158 189 182 258
person 0.0085 187 204 211 246
person 0.0080 248 225 268 299
person 0.0076 151 182 173 248
person 0.0075 264 224 287 305
person 0.0074 167 224 220 333
person 0.0049 205 200 231 251
person 0.0048 168 204 193 260
person 0.0044 166 197 193 237
person 0.0037 171 212 259 310
person 0.0035 201 203 216 230
person 0.0033 145 197 177 315
person 0.0032 175 194 254 251
person 0.0024 162 194 176 217
person 0.0022 191 211 207 238
person 0.0019 251 239 264 266
person 0.0017 156 222 196 331
person 0.0015 178 196 219 239
person 0.0014 179 204 199 228
person 0.0013 212 194 240 238
person 0.0013 191 204 207 228
person 0.0012 245 212 269 259
person 0.0012 213 203 241 263
person 0.0011 267 181 300 302
