bottle 0.0020 2 295 47 399
bottle 0.0017 440 342 457 396
bottle 0.0011 489 150 499 237
cat 0.9448 90 50 394 403
cat 0.0034 168 151 463 396
cat 0.0029 23 80 261 387
cat 0.0010 140 169 347 370
chair 0.1242 37 39 454 409
chair 0.0189 102 130 382 397
chair 0.0012 23 80 261 387
chair 0.0011 5 74 131 394
diningtable 0.0247 61 50 500 403
diningtable 0.0057 158 146 399 395
dog 0.0017 102 130 382 397
person 0.9655 42 -5 385 415
person 0.0010 158 146 399 395
sofa 0.0346 37 39 454 409
tvmonitor 0.0010 32 -7 465 357
