boat 0.0036 109 -2 266 323
boat 0.0031 6 5 488 379
boat 0.0013 133 33 346 360
bottle 0.0049 81 207 101 255
bottle 0.0048 102 207 118 254
bottle 0.0035 89 207 110 256
bottle 0.0027 105 226 115 256
car 0.0050 116 9 259 379
car 0.0019 -2 4 136 370
chair 0.0019 136 53 348 371
chair 0.0010 253 107 407 240
chair 0.0010 -2 4 136 370
person 0.9806 138 9 268 379
person 0.0974 396 168 500 371
person 0.0556 -2 -14 93 141
person 0.0067 368 -10 497 392
person 0.0057 478 142 500 364
person 0.0054 438 190 498 386
person 0.0053 2 -6 175 158
person 0.0032 1 -20 63 219
person 0.0030 237 148 493 375
person 0.0030 0 -12 133 313
person 0.0028 351 159 367 182
person 0.0021 0 149 18 399
person 0.0020 0 -4 58 96
person 0.0012 381 211 493 296
person 0.0012 251 108 471 245
person 0.0011 480 123 501 273
person 0.0011 436 104 500 336
person 0.0010 347 154 370 188
person 0.0010 0 21 28 443
pottedplant 0.0014 89 207 110 256
pottedplant 0.0012 81 207 101 255
sofa 0.0116 136 53 348 371
sofa 0.0038 237 148 493 375
sofa 0.0021 1 39 493 386
tvmonitor 0.0217 253 107 407 240
tvmonitor 0.0025 232 73 486 310
tvmonitor 0.0015 -2 4 136 370
