bicycle 0.0058 114 139 162 171
bicycle 0.0022 107 144 151 181
bicycle 0.0022 250 128 317 161
bicycle 0.0011 262 137 324 169
bird 0.0305 109 141 151 173
bird 0.0107 251 124 296 151
bird 0.0064 255 127 277 147
bird 0.0039 265 132 321 162
bird 0.0031 116 146 143 167
bird 0.0018 40 132 103 179
bird 0.0014 126 144 151 165
bird 0.0014 138 142 156 157
bird 0.0014 0 79 31 166
bird 0.0010 278 137 327 170
bottle 0.0022 255 127 277 147
cat 0.1018 40 132 103 179
cat 0.0863 109 141 151 173
cat 0.0818 250 128 317 161
cat 0.0528 262 137 324 169
cat 0.0277 251 124 296 151
cat 0.0044 0 79 31 166
cat 0.0017 255 127 277 147
cat 0.0011 256 147 328 176
chair 0.0064 40 132 103 179
chair 0.0058 112 141 145 173
chair 0.0026 262 137 324 169
chair 0.0024 250 128 317 161
chair 0.0011 0 79 31 166
cow 0.0318 40 132 103 179
cow 0.0307 250 128 317 161
cow 0.0213 114 139 162 171
cow 0.0097 2 76 38 167
cow 0.0078 262 137 324 169
cow 0.0034 95 139 150 174
cow 0.0025 251 124 296 151
dog 0.3695 37 131 102 183
dog 0.3497 109 141 151 173
dog 0.2635 250 128 317 161
dog 0.1474 262 137 324 169
dog 0.0727 0 79 31 166
dog 0.0555 251 124 296 151
dog 0.0063 51 129 111 168
dog 0.0030 255 127 277 147
dog 0.0026 124 137 172 172
dog 0.0015 256 147 328 176
dog 0.0011 104 153 152 190
horse 0.0124 1 82 30 185
horse 0.0034 114 139 162 171
horse 0.0032 40 132 103 179
horse 0.0030 250 128 317 161
horse 0.0010 262 137 324 169
person 0.6410 0 79 31 166
person 0.0177 0 71 12 161
person 0.0110 114 139 162 171
person 0.0062 40 132 103 179
person 0.0060 250 128 317 161
person 0.0046 262 137 324 169
person 0.0038 251 124 296 151
person 0.0034 107 144 151 181
person 0.0025 1 93 27 216
person 0.0022 1 76 24 123
sheep 0.0165 109 141 151 173
sheep 0.0088 250 128 317 161
sheep 0.0085 40 132 103 179
sheep 0.0052 1 82 30 185
sheep 0.0027 262 137 324 169
sheep 0.0022 251 124 296 151
