bottle 0.0013 256 145 313 182
car 0.0150 2 -10 499 398
car 0.0029 11 -5 256 327
cat 0.0032 327 160 495 371
cat 0.0023 210 152 375 317
chair 0.2855 11 49 261 378
chair 0.0966 138 -21 512 400
chair 0.0453 180 126 404 353
chair 0.0432 243 9 497 294
chair 0.0181 310 65 500 387
chair 0.0032 11 159 419 366
diningtable 0.0018 11 -5 256 327
diningtable 0.0012 184 12 483 292
diningtable 0.0010 11 159 419 366
dog 0.9409 191 154 391 372
dog 0.5215 320 141 496 386
dog 0.0884 221 77 509 382
dog 0.0206 150 161 362 307
dog 0.0154 255 156 478 297
dog 0.0073 11 159 419 366
dog 0.0030 208 127 378 254
dog 0.0029 289 0 497 305
dog 0.0023 83 184 343 345
dog 0.0016 309 105 494 257
dog 0.0012 11 -5 256 327
dog 0.0011 252 228 477 372
person 0.9693 11 2 256 369
person 0.8637 228 11 511 368
person 0.1185 320 141 496 386
person 0.0535 2 -10 499 398
person 0.0254 185 149 452 373
person 0.0057 226 157 414 306
person 0.0046 352 -9 501 317
person 0.0038 141 14 436 283
person 0.0015 5 137 203 378
person 0.0015 208 127 378 254
person 0.0012 150 161 362 307
sofa 0.6480 1 38 500 417
sofa 0.3180 11 49 261 378
sofa 0.0602 108 153 408 371
sofa 0.0384 221 77 509 382
sofa 0.0087 320 141 496 386
sofa 0.0082 184 12 483 292
sofa 0.0011 24 14 390 303
