bicycle 0.1580 451 128 497 176
bicycle 0.0315 474 126 500 179
bicycle 0.0171 426 150 466 193
bicycle 0.0134 442 121 488 166
bicycle 0.0111 431 128 480 176
bicycle 0.0069 452 116 477 168
bicycle 0.0055 344 140 435 215
bicycle 0.0040 425 129 452 196
bicycle 0.0038 377 134 418 166
bicycle 0.0036 485 109 500 180
bicycle 0.0036 396 122 469 193
bicycle 0.0031 433 120 459 184
bicycle 0.0027 236 137 324 222
bicycle 0.0024 334 148 385 196
bicycle 0.0020 393 133 432 208
bicycle 0.0019 412 160 460 198
bicycle 0.0018 486 150 499 178
bicycle 0.0017 370 128 409 158
bicycle 0.0014 444 115 468 171
bicycle 0.0013 441 135 470 186
bicycle 0.0013 452 114 497 156
bicycle 0.0011 -4 160 100 312
bicycle 0.0011 296 151 415 230
bicycle 0.0010 478 149 497 178
bicycle 0.0010 381 132 399 155
bicycle 0.0010 71 156 215 291
bird 0.0013 408 94 425 119
bird 0.0012 371 -76 490 71
bottle 0.0012 410 111 422 139
car 0.1263 -3 182 98 312
car 0.0518 7 117 92 279
car 0.0380 451 128 497 176
car 0.0363 326 139 426 219
car 0.0268 484 124 501 184
car 0.0172 486 150 499 178
car 0.0131 418 124 488 188
car 0.0078 230 147 332 237
car 0.0076 473 116 499 172
car 0.0070 351 124 433 197
car 0.0052 476 141 500 177
car 0.0049 173 165 270 264
car 0.0035 269 155 407 235
car 0.0030 368 137 410 165
car 0.0024 27 126 95 218
car 0.0024 310 136 403 192
car 0.0023 382 128 397 147
car 0.0023 487 137 499 171
car 0.0023 442 121 488 166
car 0.0022 361 143 461 206
car 0.0021 435 116 478 155
car 0.0020 379 126 417 160
car 0.0019 0 117 23 280
car 0.0018 336 139 383 187
car 0.0015 424 137 468 190
car 0.0015 452 114 497 156
car 0.0013 372 142 423 179
car 0.0012 -5 134 75 215
car 0.0011 0 120 8 149
car 0.0010 448 115 466 138
car 0.0010 456 115 474 138
car 0.0010 380 162 439 205
car 0.0010 79 154 243 283
chair 0.0014 0 299 10 392
cow 0.0012 451 128 497 176
horse 0.0038 451 128 497 176
horse 0.0022 403 120 429 182
horse 0.0013 452 116 477 168
horse 0.0011 427 117 452 188
horse 0.0010 442 121 488 166
motorbike 0.8962 71 156 215 291
motorbike 0.8266 -4 160 100 312
motorbike 0.6141 326 139 426 219
motorbike 0.3233 427 120 468 189
motorbike 0.2433 451 128 497 176
motorbike 0.1640 412 117 453 194
motorbike 0.1339 230 147 332 237
motorbike 0.1184 251 139 414 234
motorbike 0.1130 474 126 500 179
motorbike 0.1050 174 157 271 272
motorbike 0.0863 398 114 432 195
motorbike 0.0671 267 136 325 220
motorbike 0.0610 351 124 433 197
motorbike 0.0329 452 116 477 168
motorbike 0.0199 361 143 461 206
motorbike 0.0188 442 121 488 166
motorbike 0.0118 433 148 462 194
motorbike 0.0081 331 138 383 213
motorbike 0.0074 289 144 335 243
motorbike 0.0072 416 113 488 176
motorbike 0.0066 377 134 418 166
motorbike 0.0066 444 115 468 171
motorbike 0.0053 378 127 403 158
motorbike 0.0052 310 136 403 192
motorbike 0.0052 484 139 501 183
motorbike 0.0038 6 122 182 275
motorbike 0.0038 473 110 499 159
motorbike 0.0036 0 163 23 312
motorbike 0.0036 434 115 458 172
motorbike 0.0033 433 139 479 185
motorbike 0.0028 452 114 497 156
motorbike 0.0023 357 137 403 167
motorbike 0.0022 142 152 225 281
motorbike 0.0021 397 128 422 172
motorbike 0.0019 338 136 380 172
motorbike 0.0016 243 132 320 198
motorbike 0.0014 435 116 478 155
motorbike 0.0014 46 112 241 328
motorbike 0.0012 7 126 91 221
motorbike 0.0012 372 142 423 179
motorbike 0.0011 422 145 453 196
motorbike 0.0011 215 162 266 263
motorbike 0.0011 328 140 374 186
motorbike 0.0010 389 132 406 155
motorbike 0.0010 -5 110 71 288
person 0.5469 34 118 89 201
person 0.5282 7 117 92 279
person 0.4412 404 115 428 172
person 0.3410 398 114 432 195
person 0.1348 452 116 477 168
person 0.1282 412 117 453 194
person 0.1005 427 113 451 174
person 0.0648 399 122 421 166
person 0.0608 445 113 468 157
person 0.0522 449 110 496 178
person 0.0500 267 136 325 220
person 0.0441 433 120 459 184
person 0.0441 474 126 500 179
person 0.0421 405 102 426 150
person 0.0373 381 132 399 155
person 0.0334 432 114 446 137
person 0.0332 456 115 474 138
person 0.0300 382 128 397 147
person 0.0293 440 120 454 145
person 0.0226 389 132 406 155
person 0.0218 449 120 464 147
person 0.0204 457 120 472 147
person 0.0203 436 114 458 155
person 0.0186 410 111 422 139
person 0.0166 448 115 466 138
person 0.0158 402 130 417 157
person 0.0135 409 119 423 146
person 0.0132 403 122 418 148
person 0.0121 384 126 410 160
person 0.0115 261 130 306 199
person 0.0101 297 148 323 194
person 0.0078 461 116 488 171
person 0.0078 414 115 439 173
person 0.0067 442 124 470 178
person 0.0065 485 109 500 180
person 0.0065 374 134 403 167
person 0.0065 368 120 421 196
person 0.0061 331 138 383 213
person 0.0058 473 110 499 159
person 0.0053 36 123 48 147
person 0.0052 378 141 399 162
person 0.0051 335 138 365 186
person 0.0046 27 125 39 148
person 0.0042 428 110 450 144
person 0.0041 431 120 480 168
person 0.0039 0 120 8 149
person 0.0032 467 121 482 146
person 0.0032 400 139 417 165
person 0.0031 409 101 423 129
person 0.0031 389 115 428 156
person 0.0028 457 129 473 159
person 0.0028 278 149 328 196
person 0.0027 465 115 483 137
person 0.0026 388 141 407 162
person 0.0024 0 117 23 280
person 0.0024 420 112 434 136
person 0.0024 486 150 499 178
person 0.0024 407 127 424 156
person 0.0024 348 127 400 196
person 0.0024 338 136 380 172
person 0.0024 386 131 430 170
person 0.0023 326 139 426 219
person 0.0022 439 129 453 158
person 0.0021 449 129 463 158
person 0.0020 399 92 433 160
person 0.0020 266 133 318 172
person 0.0020 489 115 499 153
person 0.0020 404 113 419 138
person 0.0019 447 112 485 143
person 0.0017 71 156 215 291
person 0.0015 457 110 473 126
person 0.0015 17 124 30 148
person 0.0014 42 118 83 150
person 0.0014 489 90 500 161
person 0.0013 433 148 462 194
person 0.0012 470 54 482 74
person 0.0012 44 122 63 144
person 0.0012 419 120 434 145
person 0.0011 405 114 448 158
person 0.0011 408 94 425 119
person 0.0011 414 107 439 147
person 0.0010 487 137 499 171
pottedplant 0.0257 405 97 427 137
pottedplant 0.0232 337 7 365 52
pottedplant 0.0158 259 0 370 47
pottedplant 0.0139 408 94 425 119
pottedplant 0.0092 328 7 356 51
pottedplant 0.0065 409 101 423 129
pottedplant 0.0057 349 8 370 49
pottedplant 0.0044 317 -1 364 40
pottedplant 0.0026 353 15 367 42
pottedplant 0.0019 404 95 419 115
pottedplant 0.0010 342 15 361 44
