bicycle 0.0048 412 29 502 171
bicycle 0.0033 -2 138 11 200
bicycle 0.0019 -1 57 45 210
bird 0.0016 0 42 50 219
car 0.0026 -2 138 11 200
cow 0.2242 0 25 52 203
cow 0.0150 412 29 502 171
cow 0.0051 121 58 335 218
cow 0.0036 408 44 505 305
cow 0.0016 0 58 30 211
cow 0.0012 142 110 192 152
dog 0.0506 -1 21 55 186
dog 0.0116 410 30 502 280
dog 0.0027 127 79 330 218
dog 0.0010 0 58 30 211
horse 0.9927 146 60 341 217
horse 0.5965 413 41 500 190
horse 0.4630 0 25 52 203
horse 0.0080 428 32 501 319
horse 0.0076 390 -27 500 350
horse 0.0034 0 58 30 211
motorbike 0.0524 412 29 502 171
motorbike 0.0024 -1 57 45 210
motorbike 0.0015 -2 138 11 200
motorbike 0.0012 121 58 335 218
person 0.0373 408 44 505 305
person 0.0234 413 -3 500 168
person 0.0124 0 42 50 219
person 0.0012 441 95 500 330
person 0.0010 0 81 25 222
person 0.0010 -1 112 9 207
sheep 0.0016 0 42 50 219
