bicycle 0.0021 442 134 500 296
bicycle 0.0016 470 151 500 283
chair 0.3823 270 135 432 322
chair 0.0923 409 77 501 279
chair 0.0586 453 155 500 279
chair 0.0270 281 148 509 375
chair 0.0186 470 173 499 295
chair 0.0089 61 204 269 376
chair 0.0050 450 112 498 243
chair 0.0048 473 91 499 263
chair 0.0038 64 176 258 302
chair 0.0038 258 156 377 351
chair 0.0028 294 141 412 219
chair 0.0014 368 140 507 305
chair 0.0012 425 157 478 271
chair 0.0012 410 150 500 246
chair 0.0010 380 -5 506 299
diningtable 0.0252 409 120 500 274
diningtable 0.0097 272 163 443 360
diningtable 0.0022 292 222 497 368
diningtable 0.0018 453 155 500 279
diningtable 0.0011 275 136 426 255
pottedplant 0.0071 93 96 146 130
pottedplant 0.0047 106 89 152 122
pottedplant 0.0010 145 79 190 116
sofa 0.9206 60 181 262 341
sofa 0.0586 261 130 412 320
sofa 0.0029 44 174 455 370
sofa 0.0013 409 77 501 279
sofa 0.0011 281 148 509 375
sofa 0.0010 279 140 403 212
