bottle 0.0083 245 234 264 251
bottle 0.0059 247 237 264 260
bottle 0.0025 285 266 302 326
bottle 0.0023 253 238 271 261
bottle 0.0013 224 237 244 259
bottle 0.0013 238 236 253 259
bottle 0.0010 200 232 252 263
chair 0.6936 29 230 179 376
chair 0.0597 125 163 323 294
chair 0.0049 133 175 235 323
chair 0.0034 69 217 182 290
chair 0.0031 101 232 186 314
chair 0.0022 45 229 166 313
chair 0.0019 478 235 500 388
chair 0.0016 133 204 188 299
chair 0.0015 404 199 505 384
chair 0.0014 174 224 225 316
chair 0.0013 345 219 440 369
chair 0.0013 119 191 176 278
diningtable 0.0017 173 240 301 310
person 0.2180 125 163 323 294
person 0.0127 154 166 254 307
person 0.0066 207 59 225 97
person 0.0046 162 173 281 255
person 0.0038 185 167 332 233
person 0.0017 209 60 238 111
person 0.0017 200 232 252 263
person 0.0012 256 190 312 233
pottedplant 0.3282 391 138 433 215
pottedplant 0.0176 396 154 425 207
pottedplant 0.0122 407 133 455 219
pottedplant 0.0042 404 142 430 201
pottedplant 0.0021 402 167 430 213
pottedplant 0.0016 383 112 444 315
pottedplant 0.0013 489 216 500 303
pottedplant 0.0010 479 194 499 393
sofa 0.8352 145 163 333 295
sofa 0.1806 29 230 179 376
sofa 0.0031 185 167 332 233
sofa 0.0030 19 163 338 362
