bicycle 0.0031 246 275 358 344
bicycle 0.0018 154 175 180 208
bicycle 0.0018 275 229 318 346
bicycle 0.0018 478 234 500 285
bicycle 0.0012 486 219 499 283
bird 0.0056 427 264 499 326
bird 0.0033 276 280 366 344
bird 0.0033 478 208 498 311
bird 0.0012 478 234 500 285
bottle 0.0271 154 175 180 208
bottle 0.0081 133 178 145 207
bottle 0.0074 131 192 145 212
bottle 0.0041 129 172 148 211
bottle 0.0028 116 171 142 213
bottle 0.0025 486 219 499 283
bottle 0.0023 118 193 140 211
bottle 0.0016 154 180 167 205
bottle 0.0012 156 188 177 210
car 0.0077 154 175 180 208
car 0.0015 118 193 140 211
car 0.0010 357 193 381 228
cat 0.0150 276 280 366 344
cat 0.0026 427 264 499 326
chair 0.0074 275 229 318 346
chair 0.0030 154 175 180 208
chair 0.0018 270 256 361 342
chair 0.0010 116 171 142 213
cow 0.0518 427 264 499 326
cow 0.0138 276 280 366 344
cow 0.0112 486 254 500 340
cow 0.0022 475 232 498 322
cow 0.0011 473 268 501 328
cow 0.0010 419 273 474 322
diningtable 0.0012 246 275 358 344
dog 0.2968 276 280 366 344
dog 0.1009 427 264 499 326
dog 0.0062 475 232 498 322
dog 0.0028 478 234 500 285
dog 0.0027 485 231 499 309
dog 0.0024 272 221 360 347
dog 0.0020 486 254 500 340
dog 0.0019 275 229 318 346
horse 0.0512 276 280 366 344
horse 0.0074 427 264 499 326
horse 0.0035 486 254 500 340
horse 0.0033 275 229 318 346
horse 0.0024 253 247 346 343
horse 0.0010 359 249 429 331
motorbike 0.0026 154 175 180 208
person 0.9721 367 212 419 332
person 0.9273 277 203 319 346
person 0.1240 276 280 366 344
person 0.0782 475 232 498 322
person 0.0476 272 221 360 347
person 0.0180 486 219 499 283
person 0.0119 373 240 388 318
person 0.0093 6 149 38 320
person 0.0092 478 234 500 285
person 0.0079 486 238 499 322
person 0.0073 277 238 293 298
person 0.0069 154 175 180 208
person 0.0042 480 163 498 313
person 0.0041 0 144 24 326
person 0.0032 0 169 29 217
person 0.0030 290 199 313 262
person 0.0028 284 194 317 283
person 0.0025 116 171 142 213
person 0.0023 441 240 500 322
person 0.0020 9 172 37 230
person 0.0019 376 194 413 288
person 0.0017 488 231 498 268
person 0.0017 280 244 290 275
person 0.0015 261 211 302 336
person 0.0013 490 221 498 259
person 0.0011 198 111 235 206
person 0.0010 280 240 302 313
person 0.0010 352 280 434 332
pottedplant 0.0330 116 171 142 213
pottedplant 0.0233 154 175 180 208
pottedplant 0.0070 244 291 285 323
pottedplant 0.0066 118 193 140 211
pottedplant 0.0047 120 173 138 194
pottedplant 0.0037 131 192 145 212
pottedplant 0.0031 129 172 148 211
pottedplant 0.0025 133 178 145 207
pottedplant 0.0019 255 295 277 320
pottedplant 0.0017 259 290 287 339
pottedplant 0.0013 121 179 138 206
pottedplant 0.0012 486 219 499 283
pottedplant 0.0011 260 244 299 339
sheep 0.7566 422 267 497 328
sheep 0.0146 287 285 369 343
sheep 0.0110 441 240 500 322
sheep 0.0107 475 232 498 322
sheep 0.0067 486 254 500 340
sheep 0.0025 446 281 504 327
sheep 0.0019 473 268 501 328
sheep 0.0013 438 273 495 310
sheep 0.0010 419 273 473 308
tvmonitor 0.0096 154 175 180 208
tvmonitor 0.0021 118 193 140 211
