bicycle 0.0011 119 23 138 61
bird 0.0202 119 23 138 61
bird 0.0170 18 37 31 54
boat 0.9946 6 24 198 337
bottle 0.0025 18 37 31 54
bottle 0.0017 69 35 80 53
bottle 0.0011 119 23 138 61
cat 0.0036 119 23 138 61
cat 0.0012 18 37 31 54
dog 0.0133 119 23 138 61
dog 0.0058 18 37 31 54
person 0.0043 18 37 31 54
person 0.0033 69 35 80 53
person 0.0030 58 90 72 110
person 0.0020 115 19 137 64
person 0.0020 66 88 81 111
person 0.0012 106 117 118 139
person 0.0010 98 125 108 149
pottedplant 0.0177 115 19 137 64
pottedplant 0.0022 18 37 31 54
