bird 0.9856 336 159 491 297
bird 0.7786 2 243 138 345
bird 0.7146 105 201 252 305
bird 0.5685 95 168 312 287
bird 0.0362 93 142 271 254
bird 0.0343 10 207 269 321
bird 0.0276 146 145 334 245
bird 0.0112 334 154 485 210
bird 0.0103 107 171 257 225
bird 0.0082 199 157 319 234
bird 0.0082 103 236 228 297
bird 0.0074 166 181 309 251
bird 0.0073 334 156 384 205
bird 0.0057 173 150 302 211
bird 0.0050 346 177 481 256
bird 0.0039 199 204 319 256
bird 0.0035 141 204 295 265
bird 0.0034 337 169 366 212
bird 0.0030 125 202 360 298
bird 0.0025 218 161 289 198
bird 0.0024 92 227 259 346
bird 0.0024 223 185 323 244
bird 0.0022 115 187 247 253
bird 0.0017 316 137 504 368
bird 0.0014 344 218 483 291
bird 0.0011 4 166 177 302
bird 0.0010 98 199 206 278
