bicycle 0.0068 85 151 257 317
chair 0.3377 85 151 257 317
chair 0.2091 265 140 451 316
chair 0.0216 173 162 414 312
chair 0.0138 122 177 210 318
chair 0.0133 252 232 472 328
chair 0.0120 232 165 363 223
chair 0.0088 120 216 291 327
chair 0.0049 128 117 230 303
chair 0.0047 131 206 196 297
chair 0.0040 212 173 344 248
chair 0.0024 -1 175 55 253
chair 0.0019 0 159 25 271
chair 0.0018 0 129 92 264
chair 0.0014 6 162 199 309
chair 0.0013 177 162 265 308
chair 0.0011 244 185 341 213
chair 0.0011 93 194 199 274
chair 0.0011 178 256 263 323
diningtable 0.0125 85 151 257 317
diningtable 0.0101 222 149 440 314
diningtable 0.0068 109 168 397 314
diningtable 0.0053 303 234 488 334
diningtable 0.0035 -32 284 207 332
diningtable 0.0025 205 226 455 326
diningtable 0.0018 -1 178 88 252
dog 0.0016 265 140 451 316
person 0.9408 275 128 447 291
person 0.7664 83 119 251 299
person 0.1043 194 136 400 282
person 0.0522 66 112 209 249
person 0.0382 130 143 459 322
person 0.0267 124 159 280 318
person 0.0215 16 115 189 290
person 0.0044 58 134 155 287
person 0.0018 247 215 359 294
person 0.0013 129 115 223 251
person 0.0012 252 232 472 328
person 0.0010 110 118 296 241
person 0.0010 316 150 364 229
pottedplant 0.2517 32 118 100 185
pottedplant 0.0737 316 147 360 208
pottedplant 0.0446 306 141 355 181
pottedplant 0.0048 28 112 104 249
pottedplant 0.0041 85 151 257 317
pottedplant 0.0022 268 149 368 206
pottedplant 0.0018 325 158 357 200
pottedplant 0.0017 42 142 89 245
pottedplant 0.0015 -1 157 92 235
pottedplant 0.0014 298 150 377 228
pottedplant 0.0012 1 186 43 211
sofa 0.0231 206 135 453 323
sofa 0.0018 85 151 257 317
sofa 0.0015 219 166 337 226
