aeroplane 0.0085 66 11 511 375
bicycle 0.0271 66 11 511 375
bicycle 0.0160 254 288 481 371
bicycle 0.0054 103 282 489 380
bicycle 0.0036 178 123 466 377
boat 0.0054 66 11 511 375
bottle 0.0022 300 5 415 74
bottle 0.0021 301 0 380 22
bottle 0.0019 92 63 485 338
car 0.0133 66 11 511 375
chair 0.0227 66 11 511 375
chair 0.0067 178 123 466 377
chair 0.0021 246 254 479 374
horse 0.0018 93 118 478 379
motorbike 0.0609 93 118 478 379
person 0.9670 172 100 474 371
person 0.0494 57 81 390 378
person 0.0020 277 124 446 331
sofa 0.0010 66 11 511 375
