bicycle 0.7971 1 298 317 499
bicycle 0.0695 -5 367 200 497
bicycle 0.0151 0 57 325 493
bicycle 0.0011 -5 240 135 497
bird 0.0013 75 0 336 117
boat 0.0028 0 57 325 493
bottle 0.0058 207 264 299 327
bottle 0.0014 234 270 281 301
car 0.0038 6 9 314 442
chair 0.0732 11 72 311 487
motorbike 0.0499 -23 56 293 493
person 0.9973 -14 2 286 496
person 0.0855 251 -21 334 229
person 0.0345 10 -2 324 285
person 0.0105 224 0 334 144
person 0.0100 149 -5 328 346
person 0.0044 173 2 325 184
person 0.0029 39 1 293 112
person 0.0026 18 2 175 117
person 0.0025 310 -1 337 32
person 0.0024 65 7 171 90
person 0.0021 0 251 320 493
person 0.0020 216 0 334 59
person 0.0019 314 7 341 161
person 0.0011 2 158 179 488
person 0.0011 221 0 317 283
person 0.0011 282 3 335 274
person 0.0010 292 27 333 179
