bicycle 0.0051 -1 65 12 143
car 0.0038 0 34 11 120
car 0.0013 -1 65 12 143
cow 0.9986 134 61 432 374
cow 0.9352 0 47 88 143
cow 0.0397 0 41 28 135
cow 0.0261 -1 52 11 139
cow 0.0138 74 19 369 299
cow 0.0080 81 57 175 140
cow 0.0048 94 42 235 165
cow 0.0030 81 61 127 141
cow 0.0011 87 24 195 212
dog 0.0016 -1 52 11 139
horse 0.0269 3 43 88 135
horse 0.0255 -1 52 11 139
horse 0.0033 0 51 29 140
horse 0.0020 33 58 93 139
motorbike 0.0018 -1 52 11 139
person 0.0536 -1 52 11 139
person 0.0014 2 43 20 132
person 0.0010 0 33 12 103
sheep 0.0109 0 47 88 143
sheep 0.0061 0 41 28 135
sheep 0.0019 -1 52 11 139
train 0.0015 134 17 427 314
