bottle 0.3487 134 0 152 45
bottle 0.3031 144 0 157 45
bottle 0.2716 149 0 162 44
bottle 0.0980 157 20 172 54
bottle 0.0688 190 97 213 172
bottle 0.0614 129 0 142 45
bottle 0.0483 151 1 160 28
bottle 0.0373 141 17 156 56
bottle 0.0304 150 16 165 55
bottle 0.0246 121 0 136 44
bottle 0.0221 122 18 132 43
bottle 0.0205 156 77 171 108
bottle 0.0159 194 94 211 150
bottle 0.0131 153 -1 174 46
bottle 0.0124 146 1 156 28
bottle 0.0113 120 19 133 54
bottle 0.0104 208 180 231 218
bottle 0.0085 150 76 166 109
bottle 0.0079 173 12 187 46
bottle 0.0077 135 17 151 57
bottle 0.0074 217 177 236 220
bottle 0.0073 149 85 173 184
bottle 0.0061 174 18 185 42
bottle 0.0059 188 77 203 120
bottle 0.0054 181 101 209 191
bottle 0.0053 145 15 154 44
bottle 0.0049 186 14 208 45
bottle 0.0046 163 171 181 212
bottle 0.0040 144 24 154 50
bottle 0.0037 177 22 214 52
bottle 0.0032 152 13 160 45
bottle 0.0030 164 10 181 48
bottle 0.0025 129 17 138 43
bottle 0.0025 189 86 205 143
bottle 0.0023 165 27 178 48
bottle 0.0022 199 188 237 222
bottle 0.0021 147 12 181 49
bottle 0.0020 130 5 139 37
bottle 0.0019 174 26 186 47
bottle 0.0019 152 24 162 50
bottle 0.0018 161 92 193 181
bottle 0.0018 200 168 305 220
bottle 0.0017 139 20 175 54
bottle 0.0016 110 18 129 55
bottle 0.0015 200 179 223 220
bottle 0.0015 159 17 170 43
bottle 0.0015 189 20 204 39
bottle 0.0013 167 8 208 39
bottle 0.0012 138 6 147 36
bottle 0.0012 189 14 204 32
bottle 0.0012 132 12 165 48
bottle 0.0012 123 8 133 37
bottle 0.0012 190 111 222 211
bottle 0.0011 152 24 191 51
bottle 0.0010 137 26 148 48
bottle 0.0010 85 3 119 56
bottle 0.0010 177 172 264 221
bottle 0.0010 126 18 141 56
car 0.0014 107 26 219 87
chair 0.0051 40 22 126 174
chair 0.0024 0 31 72 256
diningtable 0.3948 47 72 287 217
diningtable 0.0229 107 26 219 87
diningtable 0.0095 128 18 223 65
diningtable 0.0092 121 3 201 46
diningtable 0.0075 47 164 352 227
diningtable 0.0061 200 168 305 220
diningtable 0.0058 83 112 378 224
diningtable 0.0044 62 12 340 201
diningtable 0.0043 79 76 259 155
diningtable 0.0035 90 27 250 121
diningtable 0.0032 186 189 321 223
diningtable 0.0027 102 190 280 220
diningtable 0.0026 124 175 257 218
dog 0.0010 84 5 121 74
person 0.9226 42 3 128 144
person 0.8941 345 106 400 222
person 0.8592 0 28 72 212
person 0.6658 200 11 323 155
person 0.5812 271 74 363 220
person 0.2862 195 12 226 78
person 0.1519 191 10 260 137
person 0.1137 206 10 369 216
person 0.0594 84 5 121 74
person 0.0533 199 11 220 50
person 0.0517 92 12 116 49
person 0.0442 192 8 249 80
person 0.0276 292 96 401 226
person 0.0183 17 3 125 217
person 0.0080 47 1 124 77
person 0.0071 8 17 99 166
person 0.0068 93 18 127 56
person 0.0064 5 2 71 54
person 0.0055 175 5 300 107
person 0.0052 185 16 222 56
person 0.0051 62 12 340 201
person 0.0044 198 3 239 58
person 0.0040 193 10 215 38
person 0.0036 105 15 236 91
person 0.0033 177 14 213 45
person 0.0025 70 1 127 55
person 0.0024 217 6 255 76
person 0.0024 352 96 398 173
person 0.0021 194 33 280 196
person 0.0021 152 16 234 70
person 0.0020 262 47 382 179
person 0.0018 201 14 218 31
person 0.0016 332 113 351 161
person 0.0014 74 5 147 140
person 0.0014 0 21 15 245
person 0.0013 115 16 295 138
person 0.0013 333 107 365 194
person 0.0013 196 15 213 31
person 0.0012 46 17 65 58
person 0.0012 96 20 111 39
person 0.0012 174 106 356 224
person 0.0012 197 19 211 39
person 0.0011 0 8 50 71
person 0.0011 225 3 246 41
person 0.0011 339 121 358 169
person 0.0010 102 21 117 39
person 0.0010 -2 11 53 143
person 0.0010 38 5 74 74
sofa 0.0022 40 22 126 174
