bicycle 0.0042 329 284 461 325
bicycle 0.0021 382 255 493 325
bicycle 0.0012 387 247 413 297
bicycle 0.0010 469 192 499 271
bird 0.0011 -1 19 46 102
boat 0.0043 294 153 457 195
boat 0.0035 305 167 443 213
boat 0.0011 311 127 438 180
bottle 0.0381 101 139 119 180
bottle 0.0281 105 143 116 174
bottle 0.0122 111 146 126 170
bottle 0.0085 105 138 118 163
bottle 0.0073 92 147 109 169
bottle 0.0073 386 240 413 291
bottle 0.0071 301 170 320 186
bottle 0.0062 200 118 211 142
bottle 0.0060 107 141 129 176
bottle 0.0056 60 135 78 181
bottle 0.0051 362 223 379 248
bottle 0.0049 103 153 115 178
bottle 0.0040 89 141 114 176
bottle 0.0034 87 140 134 179
bottle 0.0029 357 217 383 254
bottle 0.0028 62 138 78 159
bottle 0.0027 26 138 41 194
bottle 0.0027 82 142 99 160
bottle 0.0024 121 147 138 168
bottle 0.0023 93 156 108 177
bottle 0.0022 111 138 128 162
bottle 0.0021 291 170 312 186
bottle 0.0020 330 188 349 205
bottle 0.0019 82 149 101 167
bottle 0.0019 190 119 204 142
bottle 0.0017 284 119 299 138
bottle 0.0016 294 120 309 140
bottle 0.0015 91 142 110 160
bottle 0.0014 391 261 408 287
bottle 0.0014 368 224 386 245
bottle 0.0012 112 155 128 177
bottle 0.0011 279 116 291 140
bottle 0.0010 182 121 195 142
bottle 0.0010 72 156 88 178
bottle 0.0010 141 185 156 209
bus 0.0089 294 153 457 195
bus 0.0015 305 167 443 213
car 0.0036 305 167 443 213
car 0.0017 305 185 404 245
car 0.0017 294 153 457 195
cat 0.0037 387 247 413 297
chair 0.3252 453 192 498 272
chair 0.2202 299 191 326 242
chair 0.1060 271 211 322 330
chair 0.0704 468 202 499 289
chair 0.0661 403 255 497 324
chair 0.0564 295 193 334 267
chair 0.0329 318 191 345 241
chair 0.0291 311 199 331 249
chair 0.0252 309 194 357 263
chair 0.0244 326 205 354 243
chair 0.0226 426 192 476 272
chair 0.0181 451 211 501 323
chair 0.0152 412 192 454 271
chair 0.0137 485 191 501 281
chair 0.0121 473 197 499 256
chair 0.0106 299 188 342 227
chair 0.0081 277 190 322 273
chair 0.0079 322 194 341 217
chair 0.0075 302 207 324 260
chair 0.0075 411 206 494 282
chair 0.0074 300 194 325 218
chair 0.0063 371 224 495 328
chair 0.0053 471 185 499 230
chair 0.0049 293 188 316 243
chair 0.0049 286 194 301 216
chair 0.0048 326 186 353 225
chair 0.0048 299 200 345 248
chair 0.0045 475 224 498 280
chair 0.0041 344 246 395 277
chair 0.0041 474 187 497 205
chair 0.0036 452 196 483 238
chair 0.0033 313 194 331 218
chair 0.0033 267 216 408 331
chair 0.0033 322 188 340 206
chair 0.0032 461 214 487 272
chair 0.0030 349 283 481 325
chair 0.0028 433 208 456 263
chair 0.0028 331 194 349 216
chair 0.0025 269 241 359 327
chair 0.0020 460 196 490 254
chair 0.0020 295 193 311 218
chair 0.0019 486 233 500 290
chair 0.0019 318 216 361 250
chair 0.0017 272 195 294 214
chair 0.0017 301 188 323 206
chair 0.0016 280 188 327 227
chair 0.0016 387 247 413 297
chair 0.0016 352 296 406 324
chair 0.0016 0 124 10 209
chair 0.0015 450 217 480 270
chair 0.0015 441 217 470 271
chair 0.0015 105 155 134 196
chair 0.0014 124 161 152 211
chair 0.0014 429 276 500 325
chair 0.0014 330 188 349 205
chair 0.0013 377 246 416 325
chair 0.0013 357 227 384 278
chair 0.0013 460 189 490 229
chair 0.0013 425 213 450 277
chair 0.0012 281 189 305 221
chair 0.0012 288 284 423 325
chair 0.0011 262 196 306 309
chair 0.0011 473 235 499 336
chair 0.0010 390 243 445 285
chair 0.0010 425 201 452 252
diningtable 0.0285 382 255 493 325
diningtable 0.0248 271 221 473 330
diningtable 0.0209 453 192 498 272
diningtable 0.0179 411 192 493 272
diningtable 0.0066 329 284 461 325
diningtable 0.0049 297 190 345 244
diningtable 0.0046 300 195 372 261
diningtable 0.0035 406 210 498 326
diningtable 0.0030 301 197 325 253
diningtable 0.0026 468 202 499 289
diningtable 0.0026 311 189 350 225
diningtable 0.0022 277 249 390 325
diningtable 0.0021 310 204 354 244
diningtable 0.0019 273 206 354 328
diningtable 0.0016 344 246 395 277
diningtable 0.0012 389 212 481 281
diningtable 0.0011 320 260 433 322
diningtable 0.0011 305 185 404 245
diningtable 0.0011 325 190 354 240
diningtable 0.0010 311 215 402 278
dog 0.0101 387 247 413 297
dog 0.0010 301 197 325 253
motorbike 0.0010 387 247 413 297
person 0.1796 386 240 413 291
person 0.0352 200 118 211 142
person 0.0268 357 217 383 254
person 0.0244 220 117 231 142
person 0.0156 209 118 222 142
person 0.0121 348 122 370 140
person 0.0113 284 119 299 138
person 0.0108 377 246 416 325
person 0.0103 334 121 385 152
person 0.0095 357 227 384 278
person 0.0087 362 223 379 248
person 0.0083 60 135 78 181
person 0.0080 342 121 362 139
person 0.0079 385 236 430 275
person 0.0077 389 259 412 302
person 0.0068 0 124 10 209
person 0.0064 294 120 309 140
person 0.0050 -1 32 46 115
person 0.0044 190 119 204 142
person 0.0042 389 243 409 265
person 0.0041 26 138 41 194
person 0.0041 342 115 396 146
person 0.0041 371 218 416 282
person 0.0040 279 116 291 140
person 0.0037 368 224 386 245
person 0.0037 357 120 401 153
person 0.0036 344 117 373 144
person 0.0035 384 228 430 316
person 0.0033 353 215 397 279
person 0.0033 364 221 391 267
person 0.0033 240 117 250 143
person 0.0032 361 126 379 146
person 0.0030 324 125 376 167
person 0.0024 204 114 226 146
person 0.0023 3 23 89 101
person 0.0022 364 216 413 256
person 0.0021 0 17 28 104
person 0.0020 397 242 416 265
person 0.0018 196 114 214 146
person 0.0017 450 119 467 142
person 0.0017 340 125 361 146
person 0.0017 0 26 22 206
person 0.0017 391 261 408 287
person 0.0016 461 152 471 182
person 0.0016 366 122 392 139
person 0.0015 390 243 445 285
person 0.0015 391 250 407 279
person 0.0015 456 120 473 141
person 0.0014 362 114 413 144
person 0.0014 332 126 348 148
person 0.0013 452 175 493 260
person 0.0013 53 143 73 186
person 0.0013 378 122 399 139
person 0.0013 291 128 311 145
person 0.0012 398 233 416 254
person 0.0012 0 125 23 191
person 0.0011 368 126 390 145
person 0.0011 230 120 244 140
person 0.0011 105 143 116 174
person 0.0011 217 112 233 146
person 0.0010 357 123 382 139
person 0.0010 304 121 319 140
person 0.0010 62 138 78 159
person 0.0010 99 142 119 189
pottedplant 0.0268 138 164 159 207
pottedplant 0.0225 124 154 153 200
pottedplant 0.0105 330 188 349 205
pottedplant 0.0103 53 135 75 182
pottedplant 0.0080 0 17 28 104
pottedplant 0.0071 301 170 320 186
pottedplant 0.0070 101 139 119 180
pottedplant 0.0061 184 146 208 185
pottedplant 0.0053 106 144 133 188
pottedplant 0.0053 291 170 312 186
pottedplant 0.0051 474 187 497 205
pottedplant 0.0046 322 188 340 206
pottedplant 0.0044 130 148 148 169
pottedplant 0.0039 111 146 126 170
pottedplant 0.0037 141 185 156 209
pottedplant 0.0036 108 144 182 198
pottedplant 0.0036 119 148 157 187
pottedplant 0.0035 144 148 189 184
pottedplant 0.0033 175 144 200 189
pottedplant 0.0032 129 155 149 178
pottedplant 0.0032 325 190 354 240
pottedplant 0.0031 78 142 123 175
pottedplant 0.0029 200 118 211 142
pottedplant 0.0028 20 42 147 102
pottedplant 0.0027 121 150 159 222
pottedplant 0.0025 107 142 151 175
pottedplant 0.0025 129 164 149 189
pottedplant 0.0023 121 147 138 168
pottedplant 0.0023 62 138 78 159
pottedplant 0.0022 56 208 68 228
pottedplant 0.0021 105 143 116 174
pottedplant 0.0019 182 125 194 148
pottedplant 0.0019 485 191 501 281
pottedplant 0.0018 190 119 204 142
pottedplant 0.0018 25 133 41 186
pottedplant 0.0018 163 143 192 189
pottedplant 0.0018 121 157 139 175
pottedplant 0.0016 331 194 349 216
pottedplant 0.0015 286 194 301 216
pottedplant 0.0015 92 147 109 169
pottedplant 0.0015 281 169 302 186
pottedplant 0.0014 278 164 325 189
pottedplant 0.0014 112 155 128 177
pottedplant 0.0014 357 217 383 254
pottedplant 0.0013 -1 32 46 115
pottedplant 0.0013 320 184 359 211
pottedplant 0.0013 155 143 199 174
pottedplant 0.0012 34 212 47 233
pottedplant 0.0012 317 187 345 225
pottedplant 0.0011 358 166 420 188
pottedplant 0.0011 101 158 138 194
pottedplant 0.0011 314 173 365 201
pottedplant 0.0011 299 189 327 226
pottedplant 0.0011 82 149 101 167
pottedplant 0.0011 209 118 222 142
pottedplant 0.0010 275 168 291 187
sofa 0.0056 299 188 342 227
sofa 0.0033 305 185 404 245
sofa 0.0022 453 192 498 272
sofa 0.0017 299 191 326 242
sofa 0.0014 308 192 353 241
sofa 0.0013 390 243 445 285
sofa 0.0010 344 246 395 277
tvmonitor 0.0078 344 165 414 187
tvmonitor 0.0067 379 163 436 189
tvmonitor 0.0066 311 165 387 187
tvmonitor 0.0063 376 151 439 183
tvmonitor 0.0045 322 188 340 206
tvmonitor 0.0041 330 188 349 205
tvmonitor 0.0035 347 172 410 200
tvmonitor 0.0020 301 170 320 186
tvmonitor 0.0017 322 152 462 191
tvmonitor 0.0016 321 153 397 180
tvmonitor 0.0015 314 174 383 199
tvmonitor 0.0010 474 187 497 205
tvmonitor 0.0010 363 144 432 175
