bicycle 0.0013 80 231 101 265
bottle 0.0023 83 235 98 262
bus 0.6579 172 113 301 268
bus 0.0026 421 179 490 224
car 0.3465 416 184 499 230
car 0.0282 488 178 499 239
car 0.0231 408 202 432 220
car 0.0171 489 193 500 223
car 0.0104 476 184 501 232
car 0.0093 407 191 469 224
car 0.0069 80 223 105 258
car 0.0022 490 204 500 231
car 0.0019 415 199 440 219
car 0.0014 91 227 105 253
car 0.0013 0 253 8 284
car 0.0013 83 235 98 262
car 0.0012 107 241 130 253
car 0.0011 101 240 119 255
car 0.0010 414 206 513 227
motorbike 0.0014 414 190 478 226
motorbike 0.0013 80 223 105 258
person 0.0078 83 235 98 262
person 0.0031 0 253 8 284
person 0.0016 0 205 9 293
person 0.0015 80 223 105 258
person 0.0014 91 227 105 253
person 0.0014 421 179 490 224
person 0.0012 75 235 89 263
pottedplant 0.0075 80 231 101 265
pottedplant 0.0022 72 230 92 268
pottedplant 0.0019 172 113 301 268
pottedplant 0.0018 41 214 63 267
pottedplant 0.0018 75 235 89 263
pottedplant 0.0010 62 228 81 271
pottedplant 0.0010 49 216 73 265
train 0.0612 174 110 298 257
