aeroplane 0.5874 237 221 273 294
aeroplane 0.0247 243 253 268 300
aeroplane 0.0234 231 232 273 267
aeroplane 0.0077 225 248 267 292
aeroplane 0.0048 266 228 276 250
aeroplane 0.0045 253 219 276 262
aeroplane 0.0042 256 230 273 250
aeroplane 0.0038 233 231 259 288
aeroplane 0.0038 263 203 279 261
aeroplane 0.0032 244 231 264 250
aeroplane 0.0027 241 220 267 262
aeroplane 0.0021 250 232 274 288
aeroplane 0.0017 243 238 266 257
aeroplane 0.0012 232 217 256 265
aeroplane 0.0012 228 201 245 259
aeroplane 0.0011 245 267 267 292
aeroplane 0.0010 266 218 277 245
bird 0.0059 240 242 269 295
bird 0.0015 227 192 243 251
bird 0.0011 263 203 279 261
boat 0.0031 239 173 275 265
boat 0.0024 237 221 273 294
train 0.0014 237 221 273 294
