bicycle 0.0029 244 -7 334 256
bottle 0.0034 148 487 173 499
bottle 0.0031 139 487 164 500
bottle 0.0022 169 487 193 500
bottle 0.0020 200 439 223 492
bottle 0.0019 159 487 183 499
bottle 0.0018 171 476 193 496
bottle 0.0016 118 485 185 501
bottle 0.0011 122 476 181 498
bottle 0.0011 149 479 173 496
bottle 0.0010 283 0 328 89
bottle 0.0010 139 479 163 497
pottedplant 0.8368 123 165 189 232
pottedplant 0.8178 126 275 183 350
pottedplant 0.7528 125 57 190 121
pottedplant 0.4130 127 351 201 478
pottedplant 0.1162 120 339 257 473
pottedplant 0.0266 118 201 193 357
pottedplant 0.0165 155 472 207 497
pottedplant 0.0130 122 476 181 498
pottedplant 0.0123 115 262 165 343
pottedplant 0.0122 120 94 191 234
pottedplant 0.0098 145 62 176 117
pottedplant 0.0095 218 0 331 275
pottedplant 0.0080 148 148 187 230
pottedplant 0.0079 118 485 185 501
pottedplant 0.0073 107 259 141 343
pottedplant 0.0073 144 263 193 345
pottedplant 0.0062 192 437 234 502
pottedplant 0.0058 168 61 194 118
pottedplant 0.0053 171 476 193 496
pottedplant 0.0050 200 439 223 492
pottedplant 0.0045 110 266 134 319
pottedplant 0.0040 133 51 188 92
pottedplant 0.0040 139 487 164 500
pottedplant 0.0039 121 166 142 227
pottedplant 0.0037 113 178 136 231
pottedplant 0.0036 55 2 274 114
pottedplant 0.0034 216 16 341 483
pottedplant 0.0030 -3 326 21 375
pottedplant 0.0029 171 55 209 119
pottedplant 0.0026 172 442 256 502
pottedplant 0.0025 157 177 183 232
pottedplant 0.0025 123 448 220 499
pottedplant 0.0025 132 347 248 411
pottedplant 0.0024 159 61 184 117
pottedplant 0.0024 178 475 202 498
pottedplant 0.0022 148 487 173 499
pottedplant 0.0022 148 484 214 501
pottedplant 0.0019 188 383 239 487
pottedplant 0.0019 243 3 332 175
pottedplant 0.0017 166 361 256 427
pottedplant 0.0016 169 487 193 500
pottedplant 0.0016 127 232 182 334
pottedplant 0.0014 129 275 172 311
pottedplant 0.0014 169 179 190 233
pottedplant 0.0013 175 487 202 500
pottedplant 0.0013 194 375 244 420
pottedplant 0.0013 219 1 276 26
pottedplant 0.0012 96 468 252 498
pottedplant 0.0012 102 261 143 305
pottedplant 0.0012 113 227 196 299
pottedplant 0.0011 244 90 332 266
pottedplant 0.0011 149 479 173 496
pottedplant 0.0011 139 479 163 497
pottedplant 0.0010 136 43 186 77
