car 0.0106 113 89 155 107
car 0.0072 118 87 148 102
car 0.0029 70 92 143 110
car 0.0029 70 97 143 123
cow 0.9304 92 97 248 252
cow 0.3992 5 105 158 258
cow 0.0956 211 107 409 322
cow 0.0583 202 86 293 141
cow 0.0243 225 93 405 187
cow 0.0120 340 96 423 162
cow 0.0107 53 146 151 269
cow 0.0067 -1 84 86 146
cow 0.0061 -3 118 97 303
cow 0.0060 113 85 154 104
cow 0.0059 191 94 278 169
cow 0.0051 316 128 470 301
cow 0.0045 119 91 147 105
cow 0.0042 0 94 63 124
cow 0.0040 -1 71 46 115
cow 0.0039 201 116 291 181
cow 0.0035 64 97 131 123
cow 0.0032 10 93 160 138
cow 0.0027 211 85 277 121
cow 0.0022 4 92 241 322
cow 0.0021 0 92 52 177
cow 0.0016 319 176 400 310
cow 0.0015 42 103 162 161
cow 0.0015 98 89 151 107
cow 0.0014 0 80 84 232
cow 0.0013 52 102 122 136
cow 0.0013 206 68 430 159
cow 0.0013 317 87 463 196
cow 0.0012 70 92 143 110
cow 0.0011 344 100 401 140
cow 0.0011 7 85 74 117
cow 0.0011 172 93 315 205
cow 0.0011 1 89 19 328
cow 0.0010 205 110 253 193
cow 0.0010 0 76 24 196
cow 0.0010 254 103 445 260
horse 0.0011 0 107 141 263
sheep 0.0122 344 100 401 140
sheep 0.0094 354 94 409 128
sheep 0.0071 0 94 63 124
sheep 0.0042 354 91 412 114
sheep 0.0040 119 91 147 105
sheep 0.0038 344 92 444 145
sheep 0.0032 64 97 131 123
sheep 0.0030 0 133 139 273
sheep 0.0025 211 90 276 129
sheep 0.0022 92 97 248 252
sheep 0.0021 -5 102 68 135
sheep 0.0020 0 85 46 116
sheep 0.0019 113 85 154 104
sheep 0.0017 380 95 405 108
sheep 0.0015 351 103 378 138
sheep 0.0010 324 86 346 98
