bicycle 0.0022 7 239 131 369
bottle 0.0387 135 228 147 253
bottle 0.0156 111 253 130 303
bottle 0.0144 141 228 153 251
bottle 0.0086 111 251 127 271
bottle 0.0058 406 236 428 278
bottle 0.0049 101 244 123 293
bottle 0.0025 113 254 127 283
bottle 0.0024 113 263 127 293
bottle 0.0019 117 252 140 304
bottle 0.0018 125 248 150 287
bottle 0.0017 220 220 233 242
bottle 0.0016 131 228 149 268
bottle 0.0014 120 256 136 280
bottle 0.0013 0 196 9 225
bottle 0.0012 103 250 120 271
bottle 0.0012 409 244 425 272
bottle 0.0011 98 249 141 291
bottle 0.0010 473 301 499 372
car 0.0010 127 194 274 383
cat 0.0029 33 194 138 270
chair 0.5495 3 266 97 365
chair 0.2570 297 298 401 373
chair 0.1040 0 264 50 368
chair 0.0889 22 223 110 357
chair 0.0504 154 329 283 376
chair 0.0471 127 194 274 383
chair 0.0329 448 295 498 374
chair 0.0273 425 355 488 374
chair 0.0137 1 276 28 375
chair 0.0134 414 315 495 372
chair 0.0131 473 301 499 372
chair 0.0115 33 194 138 270
chair 0.0082 259 320 383 372
chair 0.0075 433 337 497 375
chair 0.0075 123 284 281 381
chair 0.0069 261 219 395 375
chair 0.0054 27 211 118 299
chair 0.0052 0 309 96 377
chair 0.0050 94 252 148 374
chair 0.0046 121 288 164 373
chair 0.0046 87 283 132 373
chair 0.0042 340 182 415 275
chair 0.0038 381 225 485 382
chair 0.0031 2 220 23 279
chair 0.0028 484 307 501 383
chair 0.0024 223 334 285 376
chair 0.0024 382 294 490 373
chair 0.0022 -1 210 24 342
chair 0.0021 0 255 10 360
chair 0.0020 145 176 221 257
chair 0.0019 19 250 76 347
chair 0.0019 24 288 139 370
chair 0.0017 8 254 34 322
chair 0.0017 32 251 133 340
chair 0.0016 1 216 13 282
chair 0.0014 228 166 294 253
chair 0.0013 354 210 439 363
chair 0.0013 38 206 88 254
chair 0.0013 276 280 391 356
chair 0.0012 57 263 112 358
chair 0.0011 446 351 502 375
chair 0.0011 0 295 11 392
chair 0.0011 274 354 387 375
chair 0.0011 12 190 152 347
chair 0.0010 336 298 451 368
diningtable 0.1001 281 300 401 372
diningtable 0.0894 127 194 274 383
diningtable 0.0703 12 238 151 368
diningtable 0.0162 261 219 395 375
diningtable 0.0132 91 202 394 375
diningtable 0.0131 123 284 281 381
diningtable 0.0102 2 255 98 372
diningtable 0.0059 134 328 281 376
diningtable 0.0036 32 251 133 340
diningtable 0.0031 16 285 248 373
diningtable 0.0027 318 296 488 377
diningtable 0.0022 410 296 496 374
diningtable 0.0021 425 355 488 374
diningtable 0.0019 32 208 136 295
diningtable 0.0017 332 215 483 377
diningtable 0.0017 182 295 403 376
diningtable 0.0017 45 243 157 307
diningtable 0.0016 85 252 159 371
diningtable 0.0011 44 190 218 355
dog 0.0056 33 194 138 270
person 0.9818 233 166 292 254
person 0.9318 342 166 406 264
person 0.7208 379 166 483 381
person 0.7203 68 189 143 253
person 0.7012 128 180 276 378
person 0.4316 272 201 365 359
person 0.2248 33 194 138 270
person 0.1734 31 191 137 352
person 0.1022 145 176 221 257
person 0.0886 342 162 434 306
person 0.0195 27 211 118 299
person 0.0123 285 178 445 364
person 0.0112 236 157 306 313
person 0.0088 354 210 439 363
person 0.0062 44 190 218 355
person 0.0053 5 203 99 350
person 0.0052 361 184 417 278
person 0.0050 94 187 145 236
person 0.0034 350 200 404 297
person 0.0033 55 213 148 286
person 0.0032 389 167 437 265
person 0.0030 117 199 213 376
person 0.0028 226 182 291 366
person 0.0025 204 214 384 375
person 0.0024 0 114 9 194
person 0.0023 264 290 397 378
person 0.0022 142 182 271 286
person 0.0021 141 185 190 272
person 0.0021 82 183 158 376
person 0.0020 346 178 357 201
person 0.0020 0 101 20 291
person 0.0018 344 173 360 249
person 0.0017 0 239 27 356
person 0.0016 405 226 430 273
person 0.0015 328 239 428 307
person 0.0013 84 219 131 323
person 0.0012 45 243 157 307
person 0.0012 38 222 98 325
person 0.0012 337 168 385 240
person 0.0012 364 166 461 261
person 0.0011 433 159 499 387
person 0.0010 364 163 414 244
pottedplant 0.0011 0 159 24 204
pottedplant 0.0010 7 239 131 369
sofa 0.0202 297 298 401 373
sofa 0.0103 33 194 138 270
sofa 0.0038 26 202 117 347
sofa 0.0030 425 355 488 374
sofa 0.0027 3 266 97 365
sofa 0.0023 448 295 498 374
sofa 0.0022 154 329 283 376
sofa 0.0015 127 194 274 383
sofa 0.0011 266 199 394 379
sofa 0.0011 12 238 151 368
tvmonitor 0.0045 2 220 23 279
tvmonitor 0.0038 1 216 13 282
tvmonitor 0.0012 3 193 20 270
