bottle 0.0018 163 153 203 230
car 0.0023 449 326 499 378
car 0.0012 490 317 500 389
person 0.9975 70 63 426 373
person 0.2965 446 317 497 377
person 0.0193 -7 75 276 372
person 0.0151 472 319 500 374
person 0.0113 488 312 500 381
person 0.0079 190 175 206 225
person 0.0043 491 325 500 366
person 0.0027 2 68 136 385
person 0.0013 192 147 206 217
train 0.0010 34 31 457 371
tvmonitor 0.0710 34 31 457 371
tvmonitor 0.0200 160 88 207 155
tvmonitor 0.0012 164 133 203 228
tvmonitor 0.0010 164 106 210 142
