bottle 0.0035 215 199 238 258
bottle 0.0021 208 215 227 262
bottle 0.0010 0 215 23 326
bottle 0.0010 221 203 247 268
chair 0.1369 218 37 422 337
chair 0.0623 333 161 489 334
person 0.9958 215 3 413 331
person 0.0089 143 163 169 216
person 0.0085 126 165 152 212
person 0.0066 135 167 160 212
person 0.0064 97 168 120 209
person 0.0058 89 166 114 214
person 0.0047 105 157 154 203
person 0.0022 100 179 118 204
person 0.0019 0 215 23 326
person 0.0016 115 164 145 212
person 0.0014 87 157 132 204
person 0.0012 139 179 157 204
sofa 0.0050 218 37 422 337
tvmonitor 0.9917 27 133 194 283
tvmonitor 0.0676 204 3 397 277
tvmonitor 0.0087 22 42 104 160
tvmonitor 0.0067 0 108 24 322
tvmonitor 0.0055 192 181 221 235
tvmonitor 0.0038 20 29 200 323
tvmonitor 0.0036 0 215 23 326
tvmonitor 0.0025 0 115 59 321
tvmonitor 0.0023 20 30 183 159
tvmonitor 0.0011 0 185 44 323
