bottle 0.2091 273 199 294 261
bottle 0.1231 274 181 290 243
bottle 0.0971 350 235 372 285
bottle 0.0550 360 262 396 372
bottle 0.0544 296 185 325 291
bottle 0.0380 328 230 351 289
bottle 0.0194 268 181 284 242
bottle 0.0163 259 175 296 258
bottle 0.0116 370 280 405 375
bottle 0.0113 428 268 471 353
bottle 0.0097 277 201 289 238
bottle 0.0087 300 188 322 253
bottle 0.0081 252 180 278 241
bottle 0.0071 282 196 299 263
bottle 0.0056 265 203 296 298
bottle 0.0046 292 195 315 264
bottle 0.0044 435 253 457 302
bottle 0.0036 277 174 318 262
bottle 0.0034 281 202 318 300
bottle 0.0034 439 255 454 281
bottle 0.0033 449 265 499 361
bottle 0.0033 336 261 374 370
bottle 0.0026 126 119 153 171
bottle 0.0020 416 255 453 341
bottle 0.0018 410 271 497 349
bottle 0.0016 319 215 354 297
bottle 0.0014 322 235 379 285
bottle 0.0013 374 293 398 360
bottle 0.0012 309 172 330 249
bottle 0.0011 336 230 371 309
bottle 0.0011 387 164 408 180
bottle 0.0011 267 196 287 262
bottle 0.0011 323 219 340 263
bottle 0.0010 379 163 399 180
bottle 0.0010 333 235 346 262
diningtable 0.2264 61 181 445 368
diningtable 0.1855 174 231 479 377
diningtable 0.0226 181 179 398 276
diningtable 0.0026 47 284 462 375
diningtable 0.0024 410 271 497 349
diningtable 0.0022 366 318 499 374
diningtable 0.0019 254 180 339 254
diningtable 0.0017 6 118 160 347
diningtable 0.0017 365 247 499 375
diningtable 0.0015 81 281 278 374
person 0.8400 4 120 162 378
person 0.7560 311 122 408 263
person 0.7441 374 101 499 292
person 0.6261 173 115 256 238
person 0.2932 126 133 172 258
person 0.2064 0 120 28 235
person 0.0449 0 111 22 358
person 0.0332 77 124 176 308
person 0.0312 121 120 166 207
person 0.0272 179 115 251 177
person 0.0095 126 119 153 171
person 0.0072 -1 120 23 172
person 0.0070 404 162 431 203
person 0.0066 0 111 54 365
person 0.0060 -1 121 10 204
person 0.0055 311 121 401 197
person 0.0050 161 197 240 271
person 0.0045 0 24 22 216
person 0.0042 126 165 172 217
person 0.0033 58 166 364 372
person 0.0023 0 161 7 278
person 0.0022 428 90 502 273
person 0.0021 0 107 13 165
person 0.0021 0 139 45 188
person 0.0020 477 92 500 261
person 0.0020 102 179 249 361
person 0.0020 120 145 138 200
person 0.0017 125 134 153 191
person 0.0016 133 145 162 200
person 0.0016 148 132 354 239
person 0.0015 124 156 197 303
person 0.0014 341 142 449 278
person 0.0014 39 125 210 260
person 0.0013 292 144 392 239
person 0.0013 249 158 408 275
person 0.0012 0 148 43 281
person 0.0012 1 93 41 193
person 0.0012 112 126 247 248
person 0.0011 105 123 157 227
person 0.0011 132 131 158 176
person 0.0011 402 145 497 351
person 0.0011 397 155 438 192
