boat 0.0010 1 59 496 354
bottle 0.0943 283 245 318 333
bottle 0.0154 290 254 313 305
car 0.0010 0 27 498 326
chair 0.0267 1 59 496 354
chair 0.0019 172 141 487 334
cow 0.0039 1 -19 503 298
dog 0.0034 1 -19 503 298
horse 0.0011 1 -19 503 298
person 0.9606 209 -6 503 329
person 0.5655 172 141 487 334
person 0.1529 1 59 496 354
person 0.0697 168 157 337 326
person 0.0477 45 141 378 340
person 0.0224 0 78 263 329
person 0.0130 200 136 279 222
person 0.0070 114 138 313 278
person 0.0049 151 197 253 269
person 0.0038 191 126 292 267
person 0.0030 157 195 208 273
person 0.0018 3 172 207 326
person 0.0017 306 6 498 183
person 0.0015 170 209 411 336
person 0.0014 438 -69 499 312
person 0.0012 308 158 503 327
person 0.0012 0 -69 505 269
pottedplant 0.0041 199 122 274 203
pottedplant 0.0024 0 98 58 340
sofa 0.5944 1 59 496 354
sofa 0.0029 0 78 263 329
sofa 0.0013 85 140 414 344
