bottle 0.0037 411 303 493 372
chair 0.0134 0 192 42 313
chair 0.0121 0 138 29 296
chair 0.0104 -1 147 50 359
chair 0.0033 0 158 135 296
chair 0.0028 209 74 381 273
chair 0.0023 0 219 27 364
chair 0.0022 106 127 244 290
chair 0.0010 -2 144 44 256
diningtable 0.8457 -1 253 503 372
diningtable 0.0254 241 244 482 380
diningtable 0.0069 141 83 367 267
diningtable 0.0024 0 158 135 296
diningtable 0.0020 8 253 200 374
diningtable 0.0014 21 273 328 378
diningtable 0.0014 -6 172 510 420
diningtable 0.0013 33 224 472 327
diningtable 0.0012 112 138 289 281
person 0.9578 209 74 381 273
person 0.8035 104 103 245 284
person 0.0768 71 87 331 292
person 0.0014 0 138 29 296
sofa 0.0014 113 72 396 283
sofa 0.0013 0 138 29 296
tvmonitor 0.7364 314 74 391 154
tvmonitor 0.0181 253 67 396 152
tvmonitor 0.0118 231 69 396 255
