bicycle 0.0015 0 -20 88 372
bird 0.0075 145 13 350 325
bottle 0.0018 -2 -43 94 320
bottle 0.0016 145 13 350 325
cat 0.0027 145 13 350 325
dog 0.3789 145 13 350 325
dog 0.0068 18 49 332 340
dog 0.0036 174 57 325 260
dog 0.0016 251 122 406 316
horse 0.0071 6 0 348 331
horse 0.0018 143 55 354 337
person 0.8553 252 133 407 331
person 0.5614 143 1 418 339
person 0.3807 6 0 348 331
person 0.0048 165 144 340 331
person 0.0040 1 4 124 335
person 0.0013 471 -50 501 438
person 0.0011 444 21 501 404
person 0.0010 306 -21 503 347
pottedplant 0.0022 1 4 124 335
sheep 0.0013 6 0 348 331
sheep 0.0012 143 55 354 337
tvmonitor 0.0010 -7 -44 106 205
