bicycle 0.0162 427 164 452 214
bicycle 0.0110 434 158 456 204
bicycle 0.0011 461 130 472 151
bus 0.0021 -6 82 434 198
car 0.0047 394 170 442 214
car 0.0032 466 128 479 151
car 0.0030 461 130 472 151
car 0.0029 434 158 456 204
car 0.0012 427 164 452 214
horse 0.0015 433 165 455 212
motorbike 0.0142 434 158 456 204
motorbike 0.0141 427 164 452 214
person 0.0171 434 158 456 204
person 0.0105 467 121 478 147
person 0.0085 427 164 452 214
person 0.0071 428 148 449 195
person 0.0058 461 130 472 151
person 0.0039 438 166 453 195
person 0.0026 431 156 445 186
person 0.0024 480 88 499 228
person 0.0021 490 102 499 203
person 0.0017 463 113 481 155
person 0.0013 385 181 432 216
person 0.0011 429 121 446 184
person 0.0010 431 166 447 196
pottedplant 0.0036 94 172 109 189
pottedplant 0.0017 100 171 116 188
pottedplant 0.0012 46 138 62 186
pottedplant 0.0010 73 159 87 184
train 0.9418 36 80 472 202
train 0.0045 249 78 467 205
train 0.0031 365 113 451 201
train 0.0030 -4 53 367 263
train 0.0024 413 112 451 200
