bird 0.0520 302 -9 359 24
bird 0.0028 306 -5 354 13
boat 0.0135 70 139 438 373
boat 0.0041 9 26 493 358
boat 0.0021 365 -8 500 382
boat 0.0017 219 -8 511 307
boat 0.0010 0 37 25 96
car 0.0041 70 139 438 373
chair 0.1600 155 134 431 371
chair 0.0126 201 140 385 316
chair 0.0016 101 221 395 372
diningtable 0.0017 70 139 438 373
person 0.9151 170 129 412 348
person 0.5420 0 177 121 368
person 0.1285 39 151 394 376
person 0.0344 91 191 187 357
person 0.0279 199 131 378 262
person 0.0219 18 165 236 373
person 0.0092 80 210 267 378
person 0.0079 9 26 493 358
person 0.0039 225 154 248 191
person 0.0022 82 156 347 293
person 0.0014 227 159 245 183
person 0.0012 121 255 168 374
person 0.0011 234 158 250 184
person 0.0010 0 -4 197 381
pottedplant 0.0033 0 37 25 96
sofa 0.2024 70 139 438 373
tvmonitor 0.0090 76 192 423 383
