bicycle 0.0105 2 259 19 310
bottle 0.0274 443 -36 499 318
bus 0.0996 443 -36 499 318
bus 0.0016 460 -104 506 381
car 0.5807 144 158 228 203
car 0.0205 443 -36 499 318
car 0.0075 139 163 199 198
car 0.0041 2 257 18 301
car 0.0016 0 286 10 347
car 0.0011 0 292 10 322
cow 0.0010 2 257 18 301
horse 0.0082 2 257 18 301
motorbike 0.0268 2 257 18 301
motorbike 0.0014 150 160 221 190
person 0.2980 2 257 18 301
person 0.0022 1 253 10 290
person 0.0014 0 273 21 316
person 0.0014 150 160 221 190
person 0.0011 1 268 11 306
train 0.0112 443 -36 499 318
