chair 0.0016 -28 128 391 502
pottedplant 0.9945 4 73 422 496
pottedplant 0.1602 176 47 415 454
pottedplant 0.0416 3 293 98 379
pottedplant 0.0323 296 173 426 478
pottedplant 0.0322 359 240 428 465
pottedplant 0.0314 336 382 367 417
pottedplant 0.0263 3 282 98 471
pottedplant 0.0248 -7 7 206 486
pottedplant 0.0063 35 32 301 379
pottedplant 0.0053 399 256 426 450
pottedplant 0.0049 332 175 425 379
pottedplant 0.0036 2 292 31 381
pottedplant 0.0032 -2 254 130 407
pottedplant 0.0030 227 197 422 382
pottedplant 0.0022 313 274 410 464
pottedplant 0.0021 338 376 383 419
pottedplant 0.0018 9 233 345 498
pottedplant 0.0016 380 292 421 457
pottedplant 0.0014 334 244 420 316
pottedplant 0.0014 396 314 423 369
pottedplant 0.0010 8 321 171 493
