bicycle 0.0138 -1 6 25 95
bicycle 0.0030 -1 29 14 86
bicycle 0.0025 -2 12 46 83
bicycle 0.0021 139 0 231 66
bicycle 0.0019 0 1 89 75
bicycle 0.0010 116 0 382 101
car 0.0303 -1 6 25 95
car 0.0071 7 -13 495 315
car 0.0060 110 -10 395 72
car 0.0037 131 -5 231 46
car 0.0028 -1 29 14 86
car 0.0027 0 -1 45 79
car 0.0023 158 -2 216 25
car 0.0015 431 -1 500 71
car 0.0015 106 29 152 66
car 0.0014 6 0 179 114
car 0.0013 -1 -42 134 91
car 0.0012 0 1 89 75
car 0.0011 281 -3 303 6
car 0.0010 0 1 19 181
car 0.0010 146 1 208 35
motorbike 0.9980 11 11 494 343
motorbike 0.1073 116 0 382 101
motorbike 0.0636 -1 6 25 95
motorbike 0.0211 176 -7 478 71
motorbike 0.0167 139 0 231 66
motorbike 0.0160 53 -8 447 211
motorbike 0.0157 304 -17 498 217
motorbike 0.0128 105 0 252 105
motorbike 0.0102 0 -1 45 79
motorbike 0.0066 255 -4 481 114
motorbike 0.0047 365 -3 500 132
motorbike 0.0040 89 1 200 69
motorbike 0.0034 401 -21 498 214
motorbike 0.0033 121 -4 276 45
motorbike 0.0033 324 -14 488 82
motorbike 0.0031 -1 29 14 86
motorbike 0.0029 0 1 89 75
motorbike 0.0026 442 -3 498 75
motorbike 0.0023 431 -25 501 139
motorbike 0.0020 89 24 404 152
motorbike 0.0019 6 0 179 114
motorbike 0.0018 179 8 338 66
motorbike 0.0013 404 11 498 90
motorbike 0.0013 368 -8 494 347
motorbike 0.0012 -1 29 89 239
motorbike 0.0011 9 5 251 269
motorbike 0.0011 297 -1 418 62
motorbike 0.0010 150 -1 205 24
motorbike 0.0010 0 -66 90 94
motorbike 0.0010 156 1 217 36
person 0.0058 75 16 490 337
person 0.0020 310 -10 333 49
person 0.0019 116 0 382 101
person 0.0018 -1 6 25 95
person 0.0016 431 -4 459 30
person 0.0015 456 0 474 22
person 0.0012 -1 29 14 86
