bus 0.0225 190 110 288 161
bus 0.0072 436 126 497 166
bus 0.0020 186 126 212 161
bus 0.0014 147 117 255 164
bus 0.0010 488 112 499 175
bus 0.0010 229 128 280 162
car 0.6810 271 150 410 240
car 0.5176 99 150 235 239
car 0.4108 451 124 498 168
car 0.0404 432 134 480 165
car 0.0123 488 112 499 175
car 0.0107 31 135 59 150
car 0.0077 186 126 212 161
car 0.0071 488 138 499 166
car 0.0063 -2 116 98 168
car 0.0062 489 127 500 159
car 0.0054 190 110 288 161
car 0.0047 0 116 11 171
car 0.0046 474 121 499 170
car 0.0044 437 126 459 163
car 0.0042 18 135 69 153
car 0.0041 0 119 10 149
car 0.0019 -4 133 70 169
car 0.0018 43 130 119 154
car 0.0015 378 120 438 150
car 0.0014 0 128 45 157
car 0.0013 155 137 218 171
car 0.0012 420 115 491 163
car 0.0012 459 137 489 164
person 0.0051 167 129 185 144
