car 0.0012 235 110 309 173
cow 0.0190 262 107 310 175
cow 0.0042 251 116 301 159
cow 0.0017 232 98 315 165
horse 0.8760 103 203 281 380
horse 0.4158 209 172 304 303
horse 0.0341 262 107 310 175
horse 0.0232 151 182 237 389
horse 0.0172 210 157 291 242
horse 0.0089 222 160 274 276
horse 0.0034 184 163 291 355
horse 0.0019 251 116 301 159
horse 0.0019 232 98 315 165
horse 0.0014 228 128 311 279
motorbike 0.0036 235 110 309 173
motorbike 0.0016 209 172 304 303
motorbike 0.0012 210 157 291 242
person 0.9888 160 166 226 318
person 0.9276 226 134 265 235
person 0.0486 151 182 237 389
person 0.0215 214 136 285 270
person 0.0119 192 166 282 312
person 0.0058 232 138 261 196
person 0.0047 203 156 271 238
person 0.0041 234 154 263 218
person 0.0039 189 174 232 303
person 0.0039 205 161 230 214
person 0.0036 163 161 218 244
person 0.0034 215 133 289 204
person 0.0033 235 110 309 173
person 0.0031 227 132 253 185
person 0.0030 225 145 252 208
person 0.0019 201 165 222 210
person 0.0019 247 117 302 206
person 0.0017 245 149 266 205
person 0.0017 229 116 310 248
person 0.0015 205 176 257 296
person 0.0012 227 169 308 237
person 0.0012 123 173 284 327
person 0.0011 228 114 268 180
person 0.0010 238 136 255 158
person 0.0010 195 157 234 244
