bottle 0.1687 357 239 467 331
bottle 0.0387 439 90 498 302
bottle 0.0115 229 0 240 34
bottle 0.0081 272 232 481 327
bottle 0.0042 222 1 234 33
bottle 0.0039 488 252 500 342
bottle 0.0035 476 136 498 327
bottle 0.0035 454 246 495 331
bottle 0.0035 280 222 321 331
bottle 0.0028 477 235 499 340
bottle 0.0022 455 158 496 308
bottle 0.0021 341 179 478 327
bottle 0.0010 189 298 261 331
chair 0.0240 28 114 331 342
chair 0.0211 60 136 106 205
chair 0.0015 80 138 126 206
chair 0.0014 342 229 475 332
chair 0.0014 367 183 451 245
chair 0.0012 42 128 132 308
chair 0.0010 0 213 22 336
diningtable 0.0104 342 229 475 332
diningtable 0.0096 90 234 489 334
diningtable 0.0029 26 279 481 345
diningtable 0.0023 60 136 106 205
diningtable 0.0020 -4 130 492 339
diningtable 0.0014 62 138 146 206
person 0.9974 24 27 342 329
person 0.0724 94 99 123 145
person 0.0232 376 35 407 132
person 0.0083 118 81 143 144
person 0.0056 105 87 132 140
person 0.0031 314 90 329 134
person 0.0022 342 229 475 332
person 0.0017 389 34 430 128
person 0.0016 91 102 112 155
person 0.0016 387 49 407 120
person 0.0015 437 -69 500 312
person 0.0013 303 91 323 133
person 0.0012 64 133 81 150
person 0.0010 94 101 108 126
pottedplant 0.0027 342 229 475 332
tvmonitor 0.0442 124 80 169 152
tvmonitor 0.0155 32 8 335 269
tvmonitor 0.0077 130 98 162 148
tvmonitor 0.0054 100 82 141 149
tvmonitor 0.0028 129 111 185 153
tvmonitor 0.0025 123 124 174 156
tvmonitor 0.0018 118 81 143 144
tvmonitor 0.0017 357 239 467 331
