bird 0.0010 372 55 384 77
bottle 0.0041 200 89 212 120
bottle 0.0021 200 98 211 127
bottle 0.0020 1 300 22 353
bottle 0.0016 0 288 14 364
bottle 0.0016 205 93 224 114
bottle 0.0012 454 215 483 263
bottle 0.0012 376 335 440 375
car 0.0012 206 66 286 163
chair 0.0019 321 192 477 348
chair 0.0016 454 206 495 302
chair 0.0011 402 202 487 369
chair 0.0010 294 28 381 211
chair 0.0010 300 211 402 358
diningtable 0.0012 404 200 493 273
diningtable 0.0010 316 114 479 244
diningtable 0.0010 321 192 477 348
person 0.9880 84 107 155 353
person 0.9782 -1 104 90 336
person 0.9741 417 88 494 259
person 0.9438 122 44 205 195
person 0.9432 220 117 292 342
person 0.9192 131 169 226 347
person 0.8772 354 91 423 231
person 0.8536 222 64 285 166
person 0.8217 387 186 481 361
person 0.8168 260 120 323 319
person 0.6907 296 202 379 342
person 0.6788 189 128 247 344
person 0.4635 269 31 333 195
person 0.4181 302 61 374 217
person 0.3073 64 50 132 152
person 0.1712 319 187 426 356
person 0.1700 124 108 167 207
person 0.1082 181 123 228 226
person 0.1011 298 113 365 278
person 0.0849 349 84 428 344
person 0.0613 389 83 429 194
person 0.0602 200 89 212 120
person 0.0579 304 87 402 263
person 0.0448 61 37 141 285
person 0.0394 114 104 169 302
person 0.0359 200 88 228 120
person 0.0326 278 34 328 128
person 0.0278 134 100 189 204
person 0.0263 329 81 377 197
person 0.0252 413 89 453 191
person 0.0239 205 93 224 114
person 0.0227 121 110 198 330
person 0.0203 454 206 495 302
person 0.0191 288 35 388 177
person 0.0189 257 200 343 337
person 0.0184 352 82 397 198
person 0.0180 356 54 392 140
person 0.0173 296 203 345 313
person 0.0167 298 110 346 206
person 0.0163 236 55 320 270
person 0.0147 185 146 226 323
person 0.0145 65 55 199 178
person 0.0129 271 135 360 339
person 0.0127 270 116 319 234
person 0.0122 224 126 264 308
person 0.0102 206 81 274 285
person 0.0099 139 110 229 290
person 0.0098 109 91 184 226
person 0.0098 -2 158 19 351
person 0.0096 373 70 423 171
person 0.0079 478 62 500 214
person 0.0077 54 92 119 348
person 0.0067 217 70 362 225
person 0.0065 102 181 194 352
person 0.0061 387 79 413 115
person 0.0053 200 98 211 127
person 0.0050 272 127 364 220
person 0.0049 80 72 169 255
person 0.0045 155 111 204 198
person 0.0043 31 74 100 289
person 0.0038 367 81 453 267
person 0.0035 331 49 386 150
person 0.0034 195 123 235 271
person 0.0030 391 83 409 106
person 0.0029 420 87 479 196
person 0.0029 43 103 81 147
person 0.0028 404 200 493 273
person 0.0028 48 90 85 184
person 0.0027 116 47 176 152
person 0.0026 215 94 233 113
person 0.0026 189 126 219 182
person 0.0025 271 118 314 170
person 0.0022 452 156 493 276
person 0.0021 206 101 223 122
person 0.0020 436 137 501 335
person 0.0020 150 49 207 160
person 0.0020 393 81 419 128
person 0.0019 454 208 495 254
person 0.0019 314 64 364 174
person 0.0019 69 102 99 291
person 0.0019 120 51 202 121
person 0.0017 96 66 226 220
person 0.0017 337 53 411 199
person 0.0017 372 226 455 381
person 0.0017 272 191 320 321
person 0.0016 229 65 261 110
person 0.0016 198 81 217 116
person 0.0016 252 60 297 174
person 0.0016 491 59 500 171
person 0.0015 198 90 214 134
person 0.0015 218 97 260 216
person 0.0015 284 88 441 363
person 0.0015 101 121 145 310
person 0.0015 199 72 242 167
person 0.0014 0 86 21 307
person 0.0014 398 81 415 106
person 0.0013 314 111 344 158
person 0.0013 180 102 223 183
person 0.0013 125 111 151 177
person 0.0013 272 105 295 164
sofa 0.0177 321 192 477 348
sofa 0.0025 316 114 479 244
sofa 0.0021 217 70 362 225
sofa 0.0010 306 77 491 377
sofa 0.0010 293 71 422 222
