bird 0.0019 52 3 109 48
bird 0.0010 50 6 160 62
bottle 0.0028 52 3 109 48
cat 0.4167 118 110 356 223
cat 0.0274 95 104 273 207
cat 0.0254 52 3 109 48
cat 0.0070 95 92 341 310
cat 0.0054 231 143 357 212
cat 0.0035 239 118 404 222
cat 0.0022 130 76 351 187
cat 0.0015 50 6 160 62
cat 0.0012 316 161 495 336
chair 0.0042 95 77 382 262
chair 0.0014 48 13 113 54
chair 0.0011 105 89 324 188
diningtable 0.0015 79 146 483 332
diningtable 0.0013 150 122 410 222
dog 0.4969 104 102 330 218
dog 0.0313 52 3 109 48
dog 0.0297 95 92 341 310
dog 0.0167 150 122 410 222
dog 0.0027 50 6 160 62
dog 0.0019 97 93 261 184
dog 0.0013 106 110 197 197
person 0.0126 52 3 109 48
pottedplant 0.8070 367 -2 454 163
pottedplant 0.6222 379 66 453 159
pottedplant 0.5495 274 0 389 169
pottedplant 0.5446 440 5 498 125
pottedplant 0.2053 316 161 495 336
pottedplant 0.1930 363 1 437 73
pottedplant 0.1657 159 -3 335 127
pottedplant 0.1590 105 89 324 188
pottedplant 0.0926 118 110 356 223
pottedplant 0.0304 95 92 341 310
pottedplant 0.0246 93 -5 255 114
pottedplant 0.0154 362 -6 496 55
pottedplant 0.0106 157 -16 408 179
pottedplant 0.0102 403 52 449 148
pottedplant 0.0093 93 4 196 72
pottedplant 0.0084 102 17 378 238
pottedplant 0.0071 239 118 404 222
pottedplant 0.0068 193 64 375 179
pottedplant 0.0059 398 201 498 336
pottedplant 0.0047 474 0 498 123
pottedplant 0.0040 152 32 254 117
pottedplant 0.0040 73 0 175 52
pottedplant 0.0034 79 146 483 332
pottedplant 0.0034 403 -12 496 108
pottedplant 0.0029 159 133 405 255
pottedplant 0.0026 131 -1 232 83
pottedplant 0.0023 408 54 501 136
pottedplant 0.0019 441 13 495 220
pottedplant 0.0019 357 35 446 128
pottedplant 0.0018 208 -1 314 84
pottedplant 0.0016 252 -91 413 -46
pottedplant 0.0016 54 -7 296 175
pottedplant 0.0015 361 10 416 59
pottedplant 0.0015 297 76 395 154
pottedplant 0.0012 198 -92 352 -46
pottedplant 0.0011 215 63 308 138
pottedplant 0.0011 45 -25 223 67
pottedplant 0.0011 434 68 458 119
pottedplant 0.0010 387 -111 483 77
sheep 0.0040 365 -8 490 117
sheep 0.0037 104 102 330 218
sheep 0.0021 95 92 341 310
sheep 0.0010 316 161 495 336
sofa 0.0014 95 77 382 262
