bottle 0.0047 391 49 412 105
bottle 0.0047 277 156 307 189
bottle 0.0022 237 186 254 237
bottle 0.0018 416 241 438 299
bottle 0.0017 490 97 498 131
bottle 0.0016 487 88 500 160
bottle 0.0012 0 3 8 35
cat 0.0017 16 156 203 363
chair 0.0445 9 183 240 386
chair 0.0171 394 106 496 272
chair 0.0081 193 56 340 208
chair 0.0067 0 206 23 381
chair 0.0042 -2 61 57 367
chair 0.0034 179 177 342 368
chair 0.0034 1 202 55 378
chair 0.0031 473 105 499 250
chair 0.0028 -1 113 23 317
chair 0.0025 178 191 266 356
chair 0.0023 -1 283 47 369
chair 0.0023 323 223 495 380
chair 0.0021 487 88 500 160
chair 0.0014 0 276 9 394
chair 0.0012 453 169 500 260
chair 0.0012 0 63 30 402
chair 0.0012 488 104 499 203
chair 0.0010 199 241 281 376
chair 0.0010 115 225 321 369
diningtable 0.9713 186 183 477 370
diningtable 0.0060 20 147 301 371
diningtable 0.0038 215 278 438 380
diningtable 0.0022 323 223 495 380
diningtable 0.0019 191 188 457 287
diningtable 0.0012 -5 216 222 375
person 0.9954 18 144 230 371
person 0.9802 200 53 348 197
person 0.7450 381 83 497 235
person 0.4878 407 250 500 375
person 0.3584 -1 67 88 252
person 0.0953 -2 61 57 367
person 0.0486 323 223 495 380
person 0.0281 -1 41 92 161
person 0.0099 -2 78 134 383
person 0.0086 -1 113 23 317
person 0.0080 50 162 377 366
person 0.0072 203 179 515 373
person 0.0066 0 63 30 402
person 0.0049 378 67 499 365
person 0.0038 0 -2 25 62
person 0.0028 0 -6 11 65
person 0.0025 272 156 312 189
person 0.0024 398 121 495 298
person 0.0019 104 180 217 366
person 0.0016 3 62 165 218
person 0.0015 432 87 500 264
person 0.0014 179 177 342 368
person 0.0012 407 263 459 367
person 0.0010 -2 66 54 165
person 0.0010 470 250 498 375
person 0.0010 171 115 409 356
person 0.0010 42 76 91 157
pottedplant 0.0013 491 89 499 122
sofa 0.0166 382 91 497 253
sofa 0.0012 0 152 23 359
sofa 0.0012 0 85 53 389
tvmonitor 0.0054 -1 41 92 161
