bicycle 0.0057 0 117 52 355
bicycle 0.0024 406 189 497 246
bicycle 0.0011 -1 83 23 309
bicycle 0.0010 0 170 45 302
bottle 0.0518 91 150 115 215
bottle 0.0250 121 113 135 172
bottle 0.0236 109 118 128 169
bottle 0.0218 316 181 499 367
bottle 0.0212 103 120 121 167
bottle 0.0164 91 129 122 230
bottle 0.0156 0 64 24 213
bottle 0.0140 94 94 109 154
bottle 0.0111 0 70 12 158
bottle 0.0096 0 93 10 193
bottle 0.0087 1 78 22 151
bottle 0.0070 105 128 118 158
bottle 0.0058 99 141 118 204
bottle 0.0051 100 94 121 154
bottle 0.0042 83 121 101 183
bottle 0.0041 487 54 499 137
bottle 0.0039 114 120 127 149
bottle 0.0039 121 100 137 151
bottle 0.0038 107 110 138 204
bottle 0.0037 123 123 133 162
bottle 0.0035 112 127 125 160
bottle 0.0034 123 35 196 201
bottle 0.0033 82 166 122 259
bottle 0.0027 113 94 132 155
bottle 0.0027 35 181 211 367
bottle 0.0023 179 102 198 165
bottle 0.0023 124 108 135 140
bottle 0.0022 445 79 466 126
bottle 0.0020 132 116 143 150
bottle 0.0019 129 109 144 159
bottle 0.0019 92 115 111 171
bottle 0.0018 4 80 38 198
bottle 0.0017 86 147 96 177
bottle 0.0017 89 92 124 192
bottle 0.0016 436 63 460 123
bottle 0.0015 449 102 463 125
bottle 0.0015 94 150 108 175
bottle 0.0015 146 125 168 145
bottle 0.0013 94 98 107 130
bottle 0.0013 474 62 500 128
bottle 0.0012 91 139 110 185
car 0.0012 8 32 487 392
chair 0.0702 0 179 50 368
chair 0.0456 0 212 27 375
chair 0.0165 8 32 487 392
chair 0.0126 0 140 90 370
chair 0.0111 316 181 499 367
chair 0.0108 0 141 25 331
chair 0.0088 455 221 499 362
chair 0.0071 407 186 499 360
chair 0.0064 0 88 31 417
chair 0.0049 9 173 184 370
chair 0.0036 446 202 498 306
chair 0.0035 404 196 468 232
chair 0.0031 5 170 425 375
chair 0.0025 408 195 493 272
chair 0.0025 471 248 499 373
chair 0.0023 -1 76 23 276
chair 0.0021 22 89 100 326
chair 0.0019 1 148 42 287
chair 0.0016 426 205 484 299
chair 0.0012 0 278 42 371
diningtable 0.0071 -1 136 501 371
diningtable 0.0045 30 287 486 380
diningtable 0.0036 1 110 90 356
diningtable 0.0020 316 181 499 367
diningtable 0.0017 9 173 184 370
diningtable 0.0013 0 179 50 368
diningtable 0.0012 41 227 387 376
motorbike 0.0013 -1 136 501 371
person 0.9996 96 -1 484 375
person 0.9337 26 44 98 309
person 0.7886 432 37 467 122
person 0.6539 457 33 495 125
person 0.5696 372 37 416 120
person 0.0394 412 36 458 120
person 0.0394 375 55 403 117
person 0.0273 472 36 499 154
person 0.0237 387 29 432 111
person 0.0158 404 54 432 115
person 0.0140 316 181 499 367
person 0.0125 -1 76 23 276
person 0.0107 456 45 497 191
person 0.0096 436 39 461 99
person 0.0090 456 36 474 115
person 0.0072 436 63 460 123
person 0.0069 24 9 335 355
person 0.0067 384 34 409 99
person 0.0062 16 166 234 375
person 0.0060 0 49 51 337
person 0.0056 429 43 447 111
person 0.0053 417 45 436 110
person 0.0052 3 14 118 365
person 0.0050 487 30 500 122
person 0.0050 473 29 497 105
person 0.0048 0 49 22 188
person 0.0037 464 31 487 103
person 0.0037 422 33 486 205
person 0.0036 0 35 95 216
person 0.0034 94 94 109 154
person 0.0028 36 37 128 247
person 0.0025 404 30 430 87
person 0.0022 439 80 499 315
person 0.0021 304 -6 499 394
person 0.0021 477 63 499 252
person 0.0020 396 34 419 99
person 0.0016 35 171 467 375
person 0.0016 -4 -48 60 247
person 0.0015 0 93 10 193
person 0.0013 372 46 391 108
person 0.0012 377 33 402 86
person 0.0011 449 119 500 198
person 0.0010 94 98 107 130
person 0.0010 441 36 467 83
person 0.0010 440 181 498 364
person 0.0010 119 56 203 218
pottedplant 0.0723 133 19 190 139
pottedplant 0.0050 123 35 196 201
pottedplant 0.0028 124 14 193 80
pottedplant 0.0021 0 64 24 213
sofa 0.0016 8 32 487 392
tvmonitor 0.0063 39 5 140 72
tvmonitor 0.0038 78 6 128 69
tvmonitor 0.0023 87 27 133 67
tvmonitor 0.0017 35 1 468 325
tvmonitor 0.0014 89 0 132 40
