aeroplane 0.0012 4 3 83 60
bicycle 0.1287 92 157 262 253
bicycle 0.0394 150 156 253 226
bicycle 0.0373 85 182 166 264
bicycle 0.0298 106 129 211 208
bicycle 0.0150 160 148 211 222
bicycle 0.0100 4 3 83 60
bicycle 0.0092 41 18 81 57
bicycle 0.0077 203 73 227 113
bicycle 0.0044 177 76 216 114
bicycle 0.0035 210 75 258 112
bicycle 0.0034 253 72 293 118
bicycle 0.0028 232 70 259 116
bicycle 0.0027 453 80 499 130
bicycle 0.0027 367 107 388 123
bicycle 0.0026 2 16 43 58
bicycle 0.0026 346 104 393 126
bicycle 0.0025 207 82 223 111
bicycle 0.0023 92 118 161 254
bicycle 0.0023 186 87 225 118
bicycle 0.0018 156 183 217 219
bicycle 0.0018 243 72 265 115
bicycle 0.0016 178 70 200 117
bicycle 0.0015 195 150 287 232
bicycle 0.0013 101 83 197 246
bicycle 0.0013 171 141 220 182
bicycle 0.0012 141 144 231 269
bicycle 0.0012 332 44 353 104
bicycle 0.0012 171 134 265 248
bicycle 0.0011 197 93 215 114
bicycle 0.0011 167 114 206 158
bicycle 0.0010 -1 -7 25 78
bird 0.0030 367 107 388 123
bird 0.0017 215 152 234 174
bird 0.0015 358 106 382 124
boat 0.0015 355 104 403 125
bottle 0.0063 215 152 234 174
bottle 0.0031 170 114 187 136
bottle 0.0021 179 105 194 127
bottle 0.0019 165 106 192 145
bottle 0.0018 178 114 194 139
bottle 0.0017 217 149 232 166
bottle 0.0015 171 106 187 128
bottle 0.0013 367 107 388 123
bottle 0.0012 178 122 195 146
bottle 0.0011 172 112 201 157
bottle 0.0010 323 131 338 156
car 0.0124 28 17 76 57
car 0.0124 292 32 311 46
car 0.0092 186 77 226 113
car 0.0090 301 33 319 46
car 0.0037 253 72 293 118
car 0.0035 292 39 313 51
car 0.0034 189 64 202 91
car 0.0029 184 62 207 113
car 0.0029 4 3 83 60
car 0.0029 282 28 302 47
car 0.0029 112 30 132 50
car 0.0028 210 75 258 112
car 0.0025 0 7 29 55
car 0.0024 198 64 218 111
car 0.0024 176 55 196 101
car 0.0023 112 39 131 57
car 0.0017 367 107 388 123
car 0.0016 268 32 316 61
car 0.0016 193 67 237 109
car 0.0016 274 29 292 48
car 0.0015 111 65 204 162
car 0.0014 397 53 421 97
car 0.0012 273 25 312 51
car 0.0011 217 149 232 166
car 0.0011 191 58 201 82
car 0.0011 200 72 214 102
car 0.0010 201 63 212 92
car 0.0010 379 27 398 48
car 0.0010 179 61 194 91
cat 0.0013 165 106 192 145
cat 0.0013 215 152 234 174
chair 0.0130 103 68 199 220
chair 0.0027 106 129 211 208
chair 0.0012 367 107 388 123
chair 0.0012 456 60 498 153
chair 0.0011 87 151 162 257
cow 0.0103 367 107 388 123
cow 0.0072 205 127 394 255
cow 0.0057 346 104 393 126
cow 0.0045 358 106 382 124
cow 0.0027 4 3 83 60
cow 0.0015 28 17 76 57
cow 0.0015 271 127 437 272
diningtable 0.0142 106 129 211 208
diningtable 0.0010 101 83 197 246
dog 0.0054 234 157 287 250
dog 0.0051 106 105 208 194
dog 0.0047 346 104 393 126
dog 0.0041 367 107 388 123
dog 0.0030 183 121 207 170
dog 0.0028 162 111 206 188
dog 0.0022 219 161 267 243
dog 0.0022 165 106 192 145
dog 0.0019 172 112 201 157
dog 0.0018 215 152 234 174
dog 0.0016 267 121 441 261
dog 0.0015 358 106 382 124
dog 0.0013 317 129 343 179
dog 0.0010 456 60 498 153
horse 0.9875 232 123 435 258
horse 0.0394 115 161 297 248
horse 0.0257 96 118 242 248
horse 0.0105 137 134 371 242
horse 0.0077 253 72 293 118
horse 0.0051 219 162 300 249
horse 0.0051 367 107 388 123
horse 0.0048 4 3 83 60
horse 0.0045 456 60 498 153
horse 0.0039 328 116 449 263
horse 0.0032 232 142 334 237
horse 0.0031 348 112 441 186
horse 0.0024 177 58 199 114
horse 0.0023 346 104 393 126
horse 0.0020 106 105 208 194
horse 0.0020 28 17 76 57
horse 0.0018 444 43 463 106
horse 0.0016 233 61 255 109
horse 0.0015 -1 -7 25 78
horse 0.0015 205 61 227 112
horse 0.0014 101 68 232 208
horse 0.0013 358 106 382 124
horse 0.0013 292 127 381 200
horse 0.0013 162 111 206 188
horse 0.0011 249 132 352 205
horse 0.0011 111 65 204 162
horse 0.0010 391 119 439 204
motorbike 0.0261 203 73 227 113
motorbike 0.0190 253 72 293 118
motorbike 0.0139 96 118 242 248
motorbike 0.0110 41 18 81 57
motorbike 0.0103 4 3 83 60
motorbike 0.0087 177 76 216 114
motorbike 0.0072 233 61 255 109
motorbike 0.0071 198 64 218 111
motorbike 0.0060 184 62 207 113
motorbike 0.0059 106 129 211 208
motorbike 0.0048 115 161 297 248
motorbike 0.0046 210 75 258 112
motorbike 0.0038 177 58 199 114
motorbike 0.0037 0 17 30 61
motorbike 0.0032 243 72 265 115
motorbike 0.0025 212 59 233 111
motorbike 0.0023 160 125 207 207
motorbike 0.0017 193 67 237 109
motorbike 0.0016 456 60 498 153
motorbike 0.0016 109 83 204 183
motorbike 0.0016 186 87 225 118
motorbike 0.0015 367 107 388 123
motorbike 0.0014 397 53 421 97
motorbike 0.0011 207 82 223 111
motorbike 0.0010 -1 -7 25 78
motorbike 0.0010 438 48 457 101
motorbike 0.0010 233 75 275 113
motorbike 0.0010 254 71 274 116
person 0.8503 107 62 207 200
person 0.6858 258 38 288 121
person 0.6404 444 35 464 101
person 0.5845 331 34 354 100
person 0.5436 205 61 227 112
person 0.4378 233 61 255 109
person 0.3425 177 58 199 114
person 0.2623 397 36 422 96
person 0.2387 214 57 233 100
person 0.2209 417 33 435 100
person 0.1941 407 31 428 90
person 0.1909 456 47 494 135
person 0.1837 162 111 206 188
person 0.1833 237 63 252 91
person 0.0975 183 121 207 170
person 0.0836 438 48 457 101
person 0.0702 256 30 273 104
person 0.0638 317 129 343 179
person 0.0593 312 121 354 185
person 0.0567 243 60 262 115
person 0.0565 431 35 446 101
person 0.0547 391 113 440 187
person 0.0533 270 53 291 119
person 0.0517 201 56 212 82
person 0.0511 198 64 218 111
person 0.0500 179 61 194 91
person 0.0487 218 61 231 93
person 0.0477 362 46 378 92
person 0.0454 379 27 398 48
person 0.0422 184 62 207 113
person 0.0371 473 45 495 111
person 0.0362 177 32 192 86
person 0.0343 282 28 302 47
person 0.0335 326 32 343 101
person 0.0334 209 62 223 93
person 0.0323 229 63 242 91
person 0.0321 180 53 192 83
person 0.0310 208 56 224 82
person 0.0306 234 157 287 250
person 0.0297 455 34 472 101
person 0.0270 227 59 246 99
person 0.0256 391 25 405 51
person 0.0247 169 47 191 89
person 0.0246 200 72 214 102
person 0.0229 350 39 369 95
person 0.0212 189 64 202 91
person 0.0194 253 72 293 118
person 0.0187 471 55 499 158
person 0.0176 255 56 270 118
person 0.0169 172 54 187 81
person 0.0167 365 57 376 95
person 0.0162 367 107 388 123
person 0.0159 260 33 284 87
person 0.0146 323 131 338 156
person 0.0143 373 28 388 45
person 0.0139 172 112 201 157
person 0.0137 191 58 201 82
person 0.0136 292 32 311 46
person 0.0132 202 49 213 73
person 0.0128 246 61 258 94
person 0.0122 336 46 360 102
person 0.0121 0 33 10 102
person 0.0116 436 41 467 128
person 0.0103 466 43 489 99
person 0.0102 274 29 292 48
person 0.0096 391 28 411 87
person 0.0094 106 129 211 208
person 0.0092 376 29 401 87
person 0.0092 179 41 190 75
person 0.0092 151 140 204 186
person 0.0090 327 114 425 182
person 0.0088 217 70 230 103
person 0.0086 399 28 415 49
person 0.0086 193 67 237 109
person 0.0086 199 50 216 91
person 0.0083 228 73 243 98
person 0.0077 215 152 234 174
person 0.0075 207 82 223 111
person 0.0075 373 33 414 102
person 0.0075 167 62 206 158
person 0.0070 259 36 272 60
person 0.0065 264 37 280 59
person 0.0064 203 59 246 99
person 0.0060 267 121 441 261
person 0.0059 265 29 280 50
person 0.0058 329 136 350 188
person 0.0057 279 24 306 51
person 0.0055 48 17 77 57
person 0.0054 210 73 236 112
person 0.0054 247 54 259 82
person 0.0053 165 106 192 145
person 0.0053 -12 -135 102 49
person 0.0053 308 135 336 188
person 0.0052 257 71 267 104
person 0.0051 175 132 216 172
person 0.0049 336 26 360 76
person 0.0049 327 43 372 91
person 0.0049 346 104 393 126
person 0.0048 358 106 382 124
person 0.0045 336 140 364 187
pottedplant 0.0027 166 161 266 243
pottedplant 0.0024 215 152 234 174
pottedplant 0.0016 217 149 232 166
pottedplant 0.0011 171 107 199 147
pottedplant 0.0010 166 96 192 137
sheep 0.0018 367 107 388 123
sheep 0.0010 346 104 393 126
sofa 0.0020 106 68 209 221
