bird 0.0069 75 63 91 84
bird 0.0053 82 51 93 77
bird 0.0044 73 54 94 92
bird 0.0025 73 71 91 90
bird 0.0019 246 75 258 84
bird 0.0017 76 54 91 76
bird 0.0013 66 97 80 113
bird 0.0012 81 61 95 87
bird 0.0010 83 48 93 65
cow 0.0041 287 32 304 57
cow 0.0036 157 29 197 58
cow 0.0011 162 31 178 57
sheep 0.8705 157 29 197 58
sheep 0.5488 287 32 304 57
sheep 0.2562 162 31 178 57
sheep 0.1453 186 40 203 61
sheep 0.1196 168 36 205 63
sheep 0.0533 284 20 309 56
sheep 0.0265 292 39 307 59
sheep 0.0189 163 28 192 48
sheep 0.0178 329 58 356 69
sheep 0.0107 315 52 368 73
sheep 0.0105 337 59 363 72
sheep 0.0078 83 48 93 65
sheep 0.0042 65 100 81 122
sheep 0.0039 61 98 84 141
sheep 0.0031 82 51 93 77
sheep 0.0025 282 30 319 59
sheep 0.0024 66 97 80 113
sheep 0.0023 73 54 94 92
sheep 0.0023 75 63 91 84
sheep 0.0022 297 39 364 70
sheep 0.0022 332 37 351 52
sheep 0.0021 287 21 304 35
sheep 0.0016 246 75 258 84
sheep 0.0015 312 44 330 59
sheep 0.0013 312 36 327 52
sheep 0.0013 158 25 182 53
sheep 0.0012 301 30 361 60
sheep 0.0012 38 100 86 141
sheep 0.0012 262 29 309 61
sheep 0.0011 174 31 198 45
sheep 0.0011 304 44 319 57
sheep 0.0010 321 56 344 68
sheep 0.0010 73 71 91 90
