bottle 0.0686 242 60 280 145
bottle 0.0154 297 107 325 203
bottle 0.0084 230 68 256 123
bottle 0.0079 298 103 321 165
bottle 0.0075 283 118 303 188
bottle 0.0046 283 106 317 208
bottle 0.0041 374 114 402 154
bottle 0.0030 294 105 315 146
bottle 0.0027 284 110 304 159
bottle 0.0026 356 114 382 153
bottle 0.0026 242 56 267 116
bottle 0.0024 297 108 311 127
bottle 0.0023 302 108 316 127
bottle 0.0021 291 109 313 177
bottle 0.0018 251 53 273 118
bottle 0.0015 52 3 66 73
bottle 0.0013 301 141 321 203
bottle 0.0011 354 106 403 147
bottle 0.0011 354 87 372 144
bottle 0.0010 264 121 298 232
bottle 0.0010 253 75 290 157
bottle 0.0010 235 83 291 129
bottle 0.0010 244 59 263 79
chair 0.6445 355 85 426 144
chair 0.1247 441 182 498 363
chair 0.0313 0 102 366 366
chair 0.0310 337 232 495 378
chair 0.0187 473 179 499 362
chair 0.0114 295 87 419 143
chair 0.0098 -4 7 97 229
chair 0.0080 454 168 498 304
chair 0.0070 415 125 497 351
chair 0.0036 472 282 500 376
chair 0.0036 451 247 500 375
chair 0.0033 13 86 117 226
chair 0.0031 363 105 414 147
chair 0.0024 381 97 435 149
chair 0.0021 375 84 486 148
chair 0.0021 4 5 123 368
chair 0.0019 345 288 471 373
chair 0.0018 0 250 23 374
chair 0.0015 475 138 500 296
chair 0.0014 487 174 500 269
chair 0.0013 353 134 506 369
chair 0.0010 404 85 432 149
diningtable 0.9822 -1 109 423 369
diningtable 0.0060 295 87 419 143
diningtable 0.0028 355 85 426 144
diningtable 0.0026 413 175 499 370
diningtable 0.0016 322 129 498 374
diningtable 0.0010 164 113 484 354
diningtable 0.0010 -5 51 104 222
diningtable 0.0010 442 134 498 343
person 0.0043 322 129 498 374
pottedplant 0.1062 91 14 237 138
pottedplant 0.0150 39 -6 245 214
pottedplant 0.0048 67 0 147 161
pottedplant 0.0038 148 27 240 91
pottedplant 0.0034 62 0 116 83
pottedplant 0.0015 4 8 182 142
pottedplant 0.0014 78 -3 106 40
pottedplant 0.0010 86 33 202 199
sofa 0.0043 334 86 425 143
sofa 0.0032 -4 7 97 229
sofa 0.0017 442 134 498 343
