bottle 0.0027 41 255 64 300
bottle 0.0016 491 189 500 215
bottle 0.0010 45 264 60 291
chair 0.9801 140 170 211 297
chair 0.8545 333 261 502 375
chair 0.7565 407 178 460 254
chair 0.0842 458 190 497 272
chair 0.0313 121 164 160 268
chair 0.0141 107 157 149 238
chair 0.0104 129 203 150 258
chair 0.0069 397 222 501 373
chair 0.0065 469 214 500 267
chair 0.0047 471 196 499 309
chair 0.0046 421 187 469 268
chair 0.0045 136 183 161 240
chair 0.0042 128 182 151 240
chair 0.0042 119 162 139 217
chair 0.0041 107 153 186 282
chair 0.0038 0 256 44 362
chair 0.0038 421 178 450 244
chair 0.0032 472 277 499 381
chair 0.0028 119 148 167 217
chair 0.0026 147 183 168 240
chair 0.0025 107 161 133 204
chair 0.0024 200 206 229 254
chair 0.0022 374 178 418 258
chair 0.0020 394 159 471 268
chair 0.0020 456 220 501 330
chair 0.0019 433 173 457 250
chair 0.0017 138 202 158 259
chair 0.0015 337 271 421 360
chair 0.0013 486 195 501 265
chair 0.0013 491 189 500 215
chair 0.0012 106 182 148 284
chair 0.0012 450 255 503 374
chair 0.0012 177 167 215 266
chair 0.0011 473 191 499 250
chair 0.0011 412 190 443 247
chair 0.0010 36 270 64 322
chair 0.0010 397 245 477 273
chair 0.0010 486 301 501 391
chair 0.0010 200 169 240 263
diningtable 0.0201 333 270 500 378
diningtable 0.0138 407 179 491 256
diningtable 0.0112 132 160 208 285
diningtable 0.0060 458 190 497 272
diningtable 0.0010 376 178 460 255
pottedplant 0.8275 45 157 131 310
pottedplant 0.3567 -2 250 46 336
pottedplant 0.0986 58 198 114 302
pottedplant 0.0745 14 169 89 301
pottedplant 0.0407 0 261 32 360
pottedplant 0.0154 -3 194 56 353
pottedplant 0.0148 29 231 72 312
pottedplant 0.0121 40 246 65 293
pottedplant 0.0114 75 158 133 275
pottedplant 0.0113 107 157 149 238
pottedplant 0.0104 2 183 50 284
pottedplant 0.0102 0 259 28 320
pottedplant 0.0060 20 273 45 319
pottedplant 0.0058 58 255 106 301
pottedplant 0.0051 0 196 31 321
pottedplant 0.0047 222 215 244 263
pottedplant 0.0044 107 161 133 204
pottedplant 0.0036 251 165 388 290
pottedplant 0.0035 0 247 46 290
pottedplant 0.0034 10 271 37 323
pottedplant 0.0030 129 203 150 258
pottedplant 0.0027 233 244 324 302
pottedplant 0.0026 38 263 65 308
pottedplant 0.0024 86 150 163 282
pottedplant 0.0024 121 150 163 244
pottedplant 0.0023 318 114 385 286
pottedplant 0.0022 106 182 148 284
pottedplant 0.0021 119 162 139 217
pottedplant 0.0019 250 37 388 325
pottedplant 0.0017 20 221 65 257
pottedplant 0.0016 5 237 88 308
pottedplant 0.0015 53 230 144 305
pottedplant 0.0015 128 182 151 240
pottedplant 0.0013 11 265 56 311
pottedplant 0.0013 215 211 312 299
pottedplant 0.0013 20 256 48 301
pottedplant 0.0013 491 189 500 215
pottedplant 0.0013 9 232 57 266
pottedplant 0.0012 45 264 60 291
pottedplant 0.0012 28 205 59 255
pottedplant 0.0011 359 120 390 237
pottedplant 0.0011 0 162 25 275
pottedplant 0.0011 0 262 11 352
pottedplant 0.0010 36 171 92 267
pottedplant 0.0010 24 295 41 318
pottedplant 0.0010 38 167 130 236
pottedplant 0.0010 40 226 64 272
sheep 0.0190 9 168 131 294
sofa 0.1069 346 258 504 377
sofa 0.0130 458 190 497 272
sofa 0.0018 9 168 131 294
sofa 0.0017 119 148 167 217
sofa 0.0014 407 179 491 256
tvmonitor 0.0072 119 148 167 217
tvmonitor 0.0040 126 141 173 186
