bottle 0.6155 336 176 372 271
bottle 0.1343 155 140 176 219
bottle 0.0734 203 211 230 262
bottle 0.0717 232 206 257 267
bottle 0.0678 324 173 357 267
bottle 0.0543 227 152 259 263
bottle 0.0541 152 137 178 266
bottle 0.0369 273 157 297 207
bottle 0.0267 160 140 199 271
bottle 0.0233 202 179 235 269
bottle 0.0152 375 205 412 278
bottle 0.0149 232 162 257 216
bottle 0.0137 86 204 131 283
bottle 0.0078 320 174 344 242
bottle 0.0074 394 208 434 281
bottle 0.0062 346 172 372 243
bottle 0.0057 348 169 369 212
bottle 0.0051 402 209 454 286
bottle 0.0049 454 207 499 312
bottle 0.0047 212 200 235 258
bottle 0.0039 96 221 124 271
bottle 0.0038 226 196 245 261
bottle 0.0032 339 173 362 244
bottle 0.0031 119 174 170 275
bottle 0.0029 163 202 205 269
bottle 0.0028 316 178 390 267
bottle 0.0028 122 113 177 151
bottle 0.0023 327 169 351 230
bottle 0.0023 80 202 168 273
bottle 0.0019 392 218 472 302
bottle 0.0017 474 182 500 305
bottle 0.0017 349 177 386 272
bottle 0.0014 354 208 437 275
chair 0.0855 170 18 462 233
chair 0.0522 171 17 321 204
chair 0.0333 46 6 316 224
chair 0.0175 -2 134 99 316
chair 0.0107 294 15 487 284
chair 0.0088 292 14 450 159
chair 0.0077 56 12 222 151
chair 0.0028 94 99 195 155
chair 0.0025 8 -44 490 273
chair 0.0023 7 155 169 312
chair 0.0014 43 98 168 156
chair 0.0013 9 80 175 229
chair 0.0010 70 76 184 145
diningtable 0.0482 46 212 461 314
diningtable 0.0025 -1 165 97 313
diningtable 0.0011 4 60 502 315
diningtable 0.0011 76 277 290 314
person 0.7183 171 17 321 204
person 0.1419 46 6 316 224
person 0.0228 123 10 377 278
person 0.0080 56 12 222 151
person 0.0038 155 6 418 175
sofa 0.7606 99 11 471 226
sofa 0.0405 29 16 327 275
sofa 0.0161 171 17 321 204
sofa 0.0058 -1 165 97 313
sofa 0.0047 4 60 502 315
sofa 0.0045 274 9 461 284
sofa 0.0023 69 12 280 162
