bird 0.0057 0 33 95 229
bottle 0.0031 262 69 325 99
bottle 0.0013 445 53 505 97
bottle 0.0012 -4 -6 135 52
bottle 0.0010 239 31 320 99
cat 0.5858 0 33 96 200
cat 0.0099 -3 -2 115 336
dog 0.2760 -1 10 99 192
dog 0.0026 243 89 413 257
dog 0.0022 237 -1 503 112
dog 0.0017 -3 -2 115 336
person 0.6857 224 80 430 319
person 0.0417 233 -5 496 274
person 0.0300 239 41 319 113
person 0.0247 237 -1 503 112
person 0.0112 301 63 498 331
person 0.0090 -3 -20 98 188
person 0.0042 -3 7 501 324
person 0.0030 193 97 396 248
person 0.0027 234 28 353 98
person 0.0024 -4 -6 135 52
person 0.0023 3 -45 129 79
person 0.0020 242 33 285 80
person 0.0019 226 67 364 127
person 0.0013 -3 -2 115 336
person 0.0010 363 -16 495 122
person 0.0010 301 18 508 152
sheep 0.0033 -1 10 99 192
sheep 0.0016 -3 -2 115 336
