boat 0.0016 0 264 103 353
bottle 0.0840 111 263 167 337
bottle 0.0486 429 278 441 301
bottle 0.0089 412 277 423 302
bottle 0.0033 325 172 336 195
bottle 0.0028 324 209 335 232
bottle 0.0028 354 246 368 272
bottle 0.0025 137 147 156 215
bottle 0.0016 150 277 167 335
bottle 0.0014 143 257 173 339
bus 0.0030 447 229 470 270
bus 0.0025 345 268 481 322
bus 0.0016 48 204 125 264
bus 0.0013 252 213 294 252
car 0.2130 317 273 496 358
car 0.0990 157 286 491 366
car 0.0310 345 268 481 322
car 0.0283 2 252 102 340
car 0.0089 449 259 465 272
car 0.0044 63 209 103 254
car 0.0024 105 217 137 263
car 0.0023 398 250 418 265
car 0.0023 490 258 499 357
car 0.0018 447 229 470 270
car 0.0011 449 230 468 253
car 0.0010 243 281 382 341
car 0.0010 254 216 292 261
chair 0.0012 0 264 103 353
diningtable 0.0069 162 274 494 358
diningtable 0.0017 0 264 103 353
person 0.2067 323 217 362 284
person 0.0869 336 224 364 273
person 0.0185 323 223 342 278
person 0.0172 412 277 423 302
person 0.0151 354 246 368 272
person 0.0131 450 251 464 271
person 0.0120 65 210 97 253
person 0.0115 350 227 371 270
person 0.0078 359 228 379 269
person 0.0067 415 218 441 264
person 0.0054 447 229 470 270
person 0.0045 429 278 441 301
person 0.0039 160 166 312 277
person 0.0037 206 207 227 254
person 0.0025 359 248 377 269
person 0.0023 194 210 219 250
person 0.0023 330 224 369 313
person 0.0022 294 204 311 274
person 0.0021 324 209 335 232
person 0.0021 220 213 230 247
person 0.0017 353 255 369 278
person 0.0017 329 157 483 288
person 0.0016 174 205 199 255
person 0.0016 150 277 167 335
person 0.0015 492 261 499 411
person 0.0015 351 245 371 286
person 0.0014 426 217 444 265
person 0.0014 303 202 318 276
person 0.0013 325 172 336 195
person 0.0013 399 243 416 261
person 0.0012 407 240 426 260
person 0.0011 403 228 449 268
person 0.0011 450 238 466 263
person 0.0010 341 235 358 263
person 0.0010 363 226 378 253
pottedplant 0.0025 447 229 470 270
pottedplant 0.0011 324 209 335 232
sofa 0.0133 0 264 103 353
train 0.0010 447 229 470 270
tvmonitor 0.4061 152 168 292 277
tvmonitor 0.2881 105 217 137 263
tvmonitor 0.0705 60 205 101 264
tvmonitor 0.0430 161 193 241 264
tvmonitor 0.0400 238 168 288 197
tvmonitor 0.0274 111 263 167 337
tvmonitor 0.0193 252 201 295 270
tvmonitor 0.0093 108 222 132 244
tvmonitor 0.0052 256 216 287 262
tvmonitor 0.0040 65 203 144 266
tvmonitor 0.0037 2 252 102 340
tvmonitor 0.0028 28 203 111 264
tvmonitor 0.0025 183 151 298 197
tvmonitor 0.0024 146 197 168 265
tvmonitor 0.0021 176 198 298 263
tvmonitor 0.0016 329 157 483 288
tvmonitor 0.0016 165 164 396 278
tvmonitor 0.0015 39 177 85 205
tvmonitor 0.0012 157 286 491 366
tvmonitor 0.0011 0 254 65 283
tvmonitor 0.0011 244 172 268 195
