aeroplane 0.0020 30 36 475 223
boat 0.5335 101 34 471 222
boat 0.0798 449 160 499 197
boat 0.0783 444 176 504 203
boat 0.0768 12 13 492 311
boat 0.0766 146 30 435 151
boat 0.0552 445 122 498 199
boat 0.0535 57 110 373 218
boat 0.0389 19 145 478 244
boat 0.0369 441 151 492 190
boat 0.0111 106 189 292 236
boat 0.0089 450 141 498 182
boat 0.0079 133 141 306 204
boat 0.0067 237 48 400 104
boat 0.0066 191 128 327 191
boat 0.0059 486 131 499 212
boat 0.0049 473 141 498 199
boat 0.0046 1 110 28 158
boat 0.0045 136 128 225 189
boat 0.0037 488 170 499 194
boat 0.0034 118 166 320 223
boat 0.0034 268 59 453 194
boat 0.0030 348 81 438 161
boat 0.0021 0 109 99 163
boat 0.0020 -11 63 362 268
boat 0.0018 280 155 469 199
boat 0.0017 181 52 333 106
boat 0.0017 433 163 482 196
boat 0.0015 474 180 499 196
boat 0.0015 439 185 509 213
boat 0.0015 363 108 454 169
boat 0.0012 42 74 311 188
boat 0.0012 488 178 499 202
boat 0.0011 12 182 485 287
boat 0.0011 455 153 475 172
boat 0.0011 166 173 386 214
boat 0.0011 474 168 501 208
boat 0.0010 232 109 489 210
boat 0.0010 490 140 499 167
boat 0.0010 -7 129 72 156
bottle 0.0015 399 153 417 168
bottle 0.0014 389 154 409 168
bottle 0.0013 412 151 424 167
bottle 0.0012 371 151 385 169
bus 0.0012 442 145 491 180
bus 0.0010 362 130 415 157
car 0.0043 399 153 417 168
car 0.0037 389 154 409 168
car 0.0013 330 153 349 168
car 0.0013 339 154 358 168
car 0.0012 412 151 424 167
car 0.0011 422 150 433 167
car 0.0011 118 137 141 152
chair 0.0010 399 153 417 168
horse 0.0012 330 153 349 168
person 0.1945 310 122 330 165
person 0.0189 422 150 433 167
person 0.0180 315 122 328 147
person 0.0149 330 153 349 168
person 0.0116 412 151 424 167
person 0.0095 306 123 322 176
person 0.0074 159 136 174 152
person 0.0070 324 150 338 169
person 0.0069 339 154 358 168
person 0.0050 399 153 417 168
person 0.0044 413 144 426 165
person 0.0042 365 151 377 170
person 0.0041 389 154 409 168
person 0.0040 430 151 443 167
person 0.0039 323 142 337 165
person 0.0037 379 135 397 154
person 0.0025 380 139 395 162
person 0.0024 371 151 385 169
person 0.0023 157 139 174 159
person 0.0022 308 125 320 159
person 0.0014 440 152 453 168
person 0.0013 388 142 407 162
person 0.0013 318 123 338 163
person 0.0012 322 122 335 145
person 0.0012 429 143 442 164
person 0.0012 308 133 318 170
person 0.0010 308 138 333 178
pottedplant 0.0055 399 153 417 168
pottedplant 0.0050 389 154 409 168
pottedplant 0.0028 412 151 424 167
pottedplant 0.0027 422 150 433 167
pottedplant 0.0014 430 151 443 167
pottedplant 0.0012 330 153 349 168
pottedplant 0.0011 371 151 385 169
train 0.0063 441 151 492 190
train 0.0030 449 160 499 197
train 0.0022 347 107 439 167
train 0.0018 450 141 498 182
