bicycle 0.9237 305 108 497 235
bicycle 0.4505 263 74 410 228
bicycle 0.2482 86 152 202 236
bicycle 0.0572 244 76 505 264
bicycle 0.0018 138 191 199 231
bicycle 0.0014 270 126 400 196
bicycle 0.0011 350 155 476 225
bottle 0.0080 375 158 402 208
bottle 0.0050 136 169 162 214
bottle 0.0010 397 150 421 193
chair 0.0058 263 74 410 228
chair 0.0020 82 124 203 238
dog 0.0317 82 124 203 238
horse 0.0094 82 124 203 238
motorbike 0.0688 86 152 202 236
person 0.7445 266 13 404 202
person 0.5413 86 132 195 228
person 0.0077 242 48 487 230
person 0.0015 105 161 204 238
sofa 0.0013 86 132 195 228
