bottle 0.0138 289 223 380 363
bottle 0.0041 294 245 346 347
bottle 0.0036 371 328 387 349
bottle 0.0021 144 256 218 341
bottle 0.0019 419 330 442 377
bottle 0.0017 292 277 351 321
car 0.0040 34 51 463 390
chair 0.3759 86 127 414 374
chair 0.0656 2 129 103 344
chair 0.0145 74 47 429 280
chair 0.0066 7 90 187 365
chair 0.0058 346 117 437 352
chair 0.0021 289 164 432 358
chair 0.0012 128 93 307 275
chair 0.0011 131 176 371 339
diningtable 0.0098 86 127 414 374
diningtable 0.0016 2 129 103 344
person 0.9237 124 69 435 371
person 0.0059 32 49 328 338
person 0.0017 182 93 385 278
person 0.0014 128 93 307 275
person 0.0011 275 105 296 140
sofa 0.0842 34 51 463 390
sofa 0.0201 2 129 103 344
