aeroplane 0.0012 387 -1 408 6
aeroplane 0.0010 462 0 490 18
bicycle 0.0015 488 147 500 237
bird 0.0102 474 135 499 258
bird 0.0023 284 106 299 126
bird 0.0013 488 147 500 237
boat 0.0129 220 -3 270 23
boat 0.0127 455 -2 496 20
boat 0.0062 251 -15 460 17
boat 0.0027 295 -2 367 18
boat 0.0027 -38 -17 204 20
boat 0.0026 93 -15 273 22
boat 0.0023 232 1 257 21
boat 0.0019 148 4 169 17
boat 0.0016 239 -1 289 19
boat 0.0016 195 -15 362 21
boat 0.0014 462 -3 490 11
boat 0.0010 195 -4 255 22
car 0.0018 462 0 490 18
cat 0.0107 474 135 499 258
cow 0.0011 474 135 499 258
dog 0.5916 198 109 318 241
dog 0.0225 474 135 499 258
dog 0.0024 488 147 500 237
person 0.0016 474 135 499 258
sheep 0.0034 474 135 499 258
sheep 0.0010 488 242 499 338
