aeroplane 0.0017 226 20 404 64
bicycle 0.0179 216 127 298 189
bicycle 0.0067 -1 203 27 302
bicycle 0.0060 -4 214 53 294
bicycle 0.0019 190 140 294 207
bicycle 0.0016 136 128 433 254
bicycle 0.0016 0 144 21 290
bicycle 0.0015 -1 166 10 235
bicycle 0.0014 -5 236 96 299
bottle 0.0036 29 228 55 272
car 0.0165 0 144 21 290
car 0.0153 89 198 487 386
car 0.0087 -3 185 51 293
car 0.0079 349 183 432 244
car 0.0076 -1 166 10 235
car 0.0057 314 214 502 381
car 0.0054 -6 216 89 298
car 0.0036 -1 203 27 302
car 0.0032 116 126 304 254
car 0.0017 261 171 472 273
car 0.0015 133 157 439 284
car 0.0014 121 151 279 206
car 0.0012 48 90 119 240
motorbike 0.3655 116 126 304 254
motorbike 0.2748 95 127 478 322
motorbike 0.1598 122 143 376 290
motorbike 0.0259 -3 185 51 293
motorbike 0.0227 89 198 487 386
motorbike 0.0210 -1 172 24 298
motorbike 0.0197 349 183 432 244
motorbike 0.0157 178 166 471 274
motorbike 0.0091 -6 216 89 298
motorbike 0.0064 106 155 216 237
motorbike 0.0054 0 121 18 277
motorbike 0.0021 -1 166 10 235
motorbike 0.0017 131 108 359 207
motorbike 0.0015 110 102 256 215
motorbike 0.0015 138 195 433 316
motorbike 0.0013 2 197 184 317
motorbike 0.0011 99 151 262 210
motorbike 0.0011 254 137 472 243
motorbike 0.0010 190 140 294 207
person 0.9939 51 86 115 256
person 0.0273 86 94 121 224
person 0.0150 0 144 21 290
person 0.0075 54 119 91 265
person 0.0067 120 124 371 257
person 0.0042 -1 166 10 235
person 0.0037 133 157 439 284
person 0.0022 -1 70 17 251
person 0.0010 -1 203 27 302
pottedplant 0.0022 239 131 289 176
