cow 0.0022 62 126 209 288
horse 0.9910 194 122 476 311
horse 0.5574 76 135 263 303
horse 0.0552 56 131 163 284
horse 0.0081 119 144 377 296
horse 0.0072 44 50 534 329
horse 0.0046 92 127 193 293
horse 0.0030 166 121 270 298
horse 0.0027 88 132 162 204
horse 0.0010 51 139 131 226
motorbike 0.0011 63 133 153 207
person 0.9774 214 17 408 237
person 0.1347 100 129 151 205
person 0.0323 97 133 123 168
person 0.0278 194 129 238 201
person 0.0089 57 135 158 228
person 0.0054 202 133 232 172
person 0.0052 62 126 209 288
person 0.0049 141 130 231 202
person 0.0045 83 135 133 206
person 0.0043 95 129 142 174
person 0.0032 167 122 238 182
person 0.0027 51 183 71 230
person 0.0020 174 133 260 197
person 0.0017 149 127 252 294
person 0.0017 117 129 170 228
person 0.0016 0 150 8 250
person 0.0012 182 137 230 180
person 0.0011 100 124 182 181
