bicycle 0.0057 361 92 375 119
bird 0.0014 361 92 375 119
cow 0.0342 361 92 375 119
cow 0.0141 327 94 373 117
cow 0.0074 330 95 349 116
cow 0.0066 356 95 371 117
cow 0.0016 136 85 238 282
dog 0.9879 138 93 238 296
dog 0.0062 361 92 375 119
dog 0.0042 138 122 178 268
dog 0.0019 327 94 373 117
dog 0.0011 133 135 164 256
dog 0.0010 134 97 222 151
horse 0.0136 361 92 375 119
horse 0.0050 136 85 238 282
horse 0.0022 327 94 373 117
horse 0.0020 356 95 371 117
horse 0.0015 330 95 349 116
motorbike 0.0015 361 92 375 119
person 0.1742 361 92 375 119
person 0.0174 356 95 371 117
person 0.0064 330 95 349 116
person 0.0016 326 93 342 114
person 0.0015 358 77 379 120
sheep 0.0056 361 92 375 119
sheep 0.0033 327 94 373 117
sheep 0.0028 330 95 349 116
sheep 0.0013 356 95 371 117
