bicycle 0.0010 157 68 171 97
bus 0.0041 409 69 464 99
bus 0.0011 259 164 327 201
bus 0.0011 406 55 498 104
car 0.4074 259 164 327 201
car 0.1630 409 69 464 99
car 0.1014 244 170 301 207
car 0.0807 409 77 430 93
car 0.0293 399 74 455 108
car 0.0138 424 70 449 84
car 0.0100 406 55 498 104
car 0.0091 252 173 280 208
car 0.0080 406 76 432 106
car 0.0053 416 71 440 85
car 0.0050 398 75 439 96
car 0.0049 424 73 451 92
car 0.0048 413 74 442 91
car 0.0042 399 66 454 89
car 0.0034 433 70 457 85
car 0.0034 401 78 421 92
car 0.0033 419 66 470 89
car 0.0027 420 75 471 107
car 0.0021 382 78 437 105
car 0.0019 91 38 113 52
car 0.0018 239 164 325 183
car 0.0014 464 84 485 102
car 0.0014 325 73 461 115
car 0.0010 410 71 428 86
chair 0.0010 259 167 326 207
motorbike 0.0060 244 170 301 207
motorbike 0.0020 259 167 326 207
person 0.0068 157 68 171 97
person 0.0021 244 170 301 207
person 0.0018 259 167 326 207
person 0.0010 424 70 449 84
