bicycle 0.9798 28 168 230 330
bicycle 0.7720 456 181 501 281
bicycle 0.5502 210 170 341 324
bicycle 0.3457 318 165 421 291
bicycle 0.0395 126 200 231 329
bicycle 0.0192 473 126 499 269
bicycle 0.0144 450 188 496 350
bicycle 0.0084 346 160 404 271
bicycle 0.0073 55 97 214 299
bicycle 0.0048 251 127 343 291
bicycle 0.0048 463 139 507 321
bicycle 0.0034 348 91 439 286
bicycle 0.0028 451 113 499 276
bicycle 0.0018 364 160 424 266
bicycle 0.0015 225 177 331 266
bicycle 0.0013 -2 167 59 340
bottle 0.0014 328 132 354 187
bottle 0.0010 226 172 245 194
car 0.0030 478 150 500 189
car 0.0018 486 128 499 195
car 0.0015 409 -3 494 52
chair 0.0129 469 152 498 282
chair 0.0026 55 97 214 299
chair 0.0011 456 196 499 296
dog 0.0013 473 126 499 269
horse 0.0043 473 126 499 269
motorbike 0.0069 473 126 499 269
motorbike 0.0024 466 176 500 284
motorbike 0.0011 478 150 500 189
person 0.9881 346 71 444 276
person 0.9728 54 63 230 299
person 0.4960 243 93 353 285
person 0.0887 473 126 499 269
person 0.0501 365 -2 392 35
person 0.0218 395 0 423 36
person 0.0126 480 44 499 270
person 0.0122 392 1 442 49
person 0.0063 306 142 433 283
person 0.0046 405 0 448 35
person 0.0043 369 4 388 26
person 0.0039 340 1 380 35
person 0.0032 133 111 230 303
person 0.0025 398 5 419 28
person 0.0025 36 124 177 293
person 0.0024 361 6 381 27
person 0.0024 357 4 419 44
person 0.0023 193 115 332 299
person 0.0022 344 6 396 42
person 0.0019 489 111 499 195
person 0.0018 0 -115 60 263
person 0.0016 276 -3 328 21
person 0.0015 348 7 370 27
person 0.0012 471 -16 498 326
person 0.0011 457 160 500 277
person 0.0010 415 8 438 27
person 0.0010 388 4 416 44
