bottle 0.0090 151 259 167 277
bottle 0.0036 145 243 208 280
bottle 0.0024 150 241 169 281
bottle 0.0014 417 70 434 141
bottle 0.0014 322 11 341 32
bottle 0.0011 136 259 198 279
chair 0.8720 325 87 417 253
chair 0.3488 110 138 304 280
chair 0.0590 392 68 433 192
chair 0.0153 451 238 501 282
chair 0.0118 454 139 500 277
chair 0.0110 354 68 432 204
chair 0.0031 405 85 455 212
chair 0.0031 66 134 215 277
chair 0.0029 388 68 429 108
chair 0.0028 472 122 498 255
chair 0.0025 391 60 434 134
chair 0.0017 370 69 420 162
chair 0.0014 473 125 501 184
chair 0.0012 487 122 501 206
chair 0.0011 239 10 282 90
chair 0.0011 346 89 405 213
chair 0.0011 65 97 151 278
chair 0.0010 294 95 382 246
diningtable 0.0129 327 72 422 239
diningtable 0.0017 100 245 259 279
person 0.0128 110 123 302 267
person 0.0014 382 15 394 40
person 0.0011 370 11 391 31
pottedplant 0.0010 91 0 109 58
sofa 0.7026 110 138 304 280
sofa 0.0026 454 139 500 277
sofa 0.0016 66 134 215 277
sofa 0.0016 451 238 501 282
tvmonitor 0.8716 321 34 374 106
tvmonitor 0.1241 296 35 334 107
tvmonitor 0.0061 308 17 387 122
tvmonitor 0.0059 359 31 398 102
tvmonitor 0.0043 325 7 374 34
tvmonitor 0.0037 242 -5 280 85
tvmonitor 0.0028 110 138 304 280
tvmonitor 0.0017 451 238 501 282
tvmonitor 0.0014 330 29 413 103
