bicycle 0.1251 145 223 292 369
bicycle 0.0836 242 271 336 437
bicycle 0.0834 136 203 318 441
bicycle 0.0131 106 444 209 499
bicycle 0.0120 131 444 264 499
bicycle 0.0085 189 191 273 398
bicycle 0.0053 138 252 259 339
bicycle 0.0033 214 127 375 446
bicycle 0.0020 142 249 253 420
bicycle 0.0018 82 469 270 500
bicycle 0.0014 116 278 339 505
bicycle 0.0014 278 420 379 496
bicycle 0.0012 129 422 223 492
bicycle 0.0011 187 318 339 484
bicycle 0.0010 176 410 357 498
boat 0.0012 39 452 199 499
boat 0.0011 256 437 377 497
car 0.0079 125 385 163 409
car 0.0066 -11 439 305 500
car 0.0029 39 452 199 499
car 0.0024 -17 470 180 499
car 0.0024 125 389 144 411
car 0.0021 256 437 377 497
car 0.0014 176 410 357 498
car 0.0011 -4 401 229 495
chair 0.0475 171 445 264 499
chair 0.0136 87 471 163 499
chair 0.0084 256 437 377 497
chair 0.0046 -17 470 180 499
chair 0.0029 179 422 288 496
chair 0.0028 244 447 272 500
chair 0.0028 211 441 336 497
chair 0.0025 63 448 216 498
chair 0.0023 73 488 175 499
chair 0.0016 226 401 370 501
chair 0.0015 149 465 284 501
chair 0.0015 146 452 198 498
chair 0.0014 177 473 265 498
chair 0.0012 44 473 147 499
chair 0.0010 177 488 283 499
cow 0.0022 138 424 187 471
diningtable 0.0061 25 438 344 499
diningtable 0.0031 87 471 163 499
diningtable 0.0026 -17 470 180 499
diningtable 0.0025 256 437 377 497
diningtable 0.0025 131 444 264 499
diningtable 0.0015 70 469 243 500
diningtable 0.0010 63 448 216 498
dog 0.0010 138 424 187 471
horse 0.0014 138 424 187 471
motorbike 0.0022 145 223 292 369
motorbike 0.0015 106 444 209 499
person 0.6488 199 156 269 315
person 0.0065 182 163 223 272
person 0.0046 160 185 271 368
person 0.0045 203 168 296 379
person 0.0025 159 150 239 325
person 0.0024 183 166 259 267
person 0.0019 137 428 168 469
person 0.0017 149 116 302 384
person 0.0014 125 389 144 411
person 0.0012 197 363 238 460
person 0.0011 199 100 384 404
person 0.0011 183 159 201 176
person 0.0011 223 384 238 412
person 0.0010 224 165 270 278
pottedplant 0.0010 256 437 377 497
sofa 0.0052 -17 470 180 499
sofa 0.0030 87 471 163 499
sofa 0.0014 256 437 377 497
train 0.0282 167 110 366 392
train 0.0116 -30 5 312 317
train 0.0019 155 139 300 282
train 0.0017 133 175 266 329
train 0.0012 173 117 369 237
tvmonitor 0.0010 87 471 163 499
