bicycle 0.0046 105 150 392 387
bottle 0.0728 218 286 251 375
bottle 0.0414 379 179 398 244
bottle 0.0349 196 288 245 373
bottle 0.0135 153 291 249 376
bottle 0.0118 387 176 406 243
bottle 0.0108 375 170 406 266
bottle 0.0063 374 176 390 247
bottle 0.0039 379 179 407 326
bottle 0.0032 204 315 227 377
bottle 0.0020 118 124 142 164
bottle 0.0018 369 217 386 281
bottle 0.0016 64 299 148 375
bottle 0.0012 397 173 414 232
bottle 0.0011 105 126 153 163
chair 0.0113 105 150 392 387
chair 0.0045 -2 111 91 395
chair 0.0013 0 151 56 389
chair 0.0010 107 240 322 379
diningtable 0.0025 105 150 392 387
motorbike 0.0017 362 38 498 382
person 0.9917 143 16 376 374
person 0.9788 361 2 495 372
person 0.7078 -1 -2 105 379
person 0.1514 274 24 325 107
person 0.0438 360 -1 437 133
person 0.0228 -1 39 59 427
person 0.0220 164 30 203 103
person 0.0098 167 18 343 141
person 0.0090 291 16 333 64
person 0.0065 380 2 437 87
person 0.0053 50 6 299 380
person 0.0038 279 26 307 72
person 0.0029 435 4 498 397
person 0.0029 0 -25 31 385
person 0.0027 234 18 329 102
person 0.0026 286 26 316 88
person 0.0019 0 5 99 202
person 0.0016 271 28 295 85
person 0.0015 482 49 500 343
person 0.0015 470 -6 499 434
person 0.0015 371 -5 491 169
person 0.0013 349 31 441 252
person 0.0012 0 4 18 352
person 0.0011 308 20 333 70
person 0.0011 0 277 23 378
person 0.0010 164 37 237 114
person 0.0010 170 50 347 244
tvmonitor 0.0014 167 18 343 141
