bottle 0.0046 240 93 261 129
bottle 0.0017 226 95 274 128
bottle 0.0011 251 98 267 125
car 0.0010 -15 -8 370 359
chair 0.2428 -15 -8 370 359
chair 0.0051 5 9 353 194
chair 0.0020 5 3 195 351
chair 0.0012 44 1 324 122
chair 0.0012 124 -1 366 280
person 0.9172 -13 8 314 350
person 0.0268 114 3 374 338
person 0.0196 5 9 353 194
person 0.0151 3 6 196 272
person 0.0128 23 7 171 172
person 0.0100 158 0 355 123
person 0.0041 83 -1 167 94
person 0.0030 -1 68 212 421
person 0.0022 13 2 272 122
sofa 0.3906 -19 11 373 390
