bird 0.0060 65 251 187 331
bird 0.0012 444 100 469 132
boat 0.0080 65 251 187 331
bottle 0.0042 421 299 471 331
bottle 0.0024 459 293 473 318
bottle 0.0016 428 305 445 327
bottle 0.0015 448 294 466 317
bottle 0.0013 443 103 469 139
bottle 0.0010 446 302 467 327
chair 0.6124 277 245 359 333
chair 0.0137 45 258 169 332
chair 0.0101 49 273 127 333
chair 0.0048 231 275 328 333
chair 0.0041 278 269 310 323
chair 0.0034 50 297 111 332
chair 0.0033 330 234 368 320
chair 0.0030 168 248 266 332
chair 0.0027 286 299 358 332
chair 0.0024 270 256 319 332
chair 0.0022 262 275 286 333
chair 0.0021 423 276 468 316
chair 0.0015 213 257 303 331
chair 0.0013 63 241 273 335
chair 0.0010 181 279 288 332
diningtable 0.0082 251 257 356 333
diningtable 0.0021 292 241 368 330
diningtable 0.0011 115 244 374 334
person 0.0051 179 131 195 155
person 0.0018 158 131 174 155
person 0.0016 135 127 147 156
person 0.0010 139 129 154 155
pottedplant 0.7812 63 241 273 335
pottedplant 0.1119 65 251 187 331
pottedplant 0.0404 432 298 480 331
pottedplant 0.0284 133 175 186 224
pottedplant 0.0103 115 244 374 334
pottedplant 0.0058 422 310 470 334
pottedplant 0.0042 421 285 470 324
pottedplant 0.0035 446 302 467 327
pottedplant 0.0034 148 246 252 331
pottedplant 0.0028 443 314 468 332
pottedplant 0.0024 433 310 496 335
pottedplant 0.0020 95 238 224 311
pottedplant 0.0018 116 245 170 331
pottedplant 0.0017 443 287 470 322
pottedplant 0.0016 459 293 473 318
pottedplant 0.0013 448 294 466 317
pottedplant 0.0013 106 273 257 334
pottedplant 0.0012 205 297 266 332
pottedplant 0.0011 419 109 488 310
pottedplant 0.0010 426 261 475 330
pottedplant 0.0010 240 228 286 268
tvmonitor 0.0019 110 96 214 223
tvmonitor 0.0019 419 109 488 310
tvmonitor 0.0012 0 144 20 325
