aeroplane 0.0019 57 158 196 209
boat 0.0022 51 168 203 220
boat 0.0013 0 138 60 225
bus 0.0066 51 168 203 220
bus 0.0010 0 138 60 225
person 0.0149 180 181 196 236
person 0.0065 91 189 105 207
person 0.0029 91 181 107 202
person 0.0019 85 180 98 203
person 0.0013 84 187 97 209
person 0.0011 185 178 205 239
train 0.9908 159 56 496 261
train 0.8102 51 168 203 220
train 0.0751 1 140 69 225
train 0.0285 2 136 183 225
train 0.0242 5 143 500 250
train 0.0180 33 156 304 235
train 0.0117 0 -43 503 233
train 0.0037 100 153 218 212
train 0.0027 10 35 506 359
train 0.0025 113 165 245 227
train 0.0012 -8 186 188 227
