chair 0.9518 261 65 404 330
chair 0.7212 102 37 313 299
chair 0.2478 281 29 350 89
chair 0.1186 119 69 244 283
chair 0.0655 105 24 219 222
chair 0.0363 252 22 351 250
chair 0.0360 130 32 186 75
chair 0.0183 275 37 352 171
chair 0.0149 -1 63 43 168
chair 0.0122 130 67 443 329
chair 0.0099 -3 18 97 179
chair 0.0086 0 44 28 191
chair 0.0063 304 28 410 89
chair 0.0050 88 30 171 207
chair 0.0048 4 -4 94 78
chair 0.0045 0 5 52 188
chair 0.0037 194 29 286 217
chair 0.0024 -1 -11 25 91
chair 0.0024 105 28 187 120
chair 0.0023 -3 1 51 73
chair 0.0020 322 84 418 276
chair 0.0018 479 80 499 269
chair 0.0012 486 107 500 197
chair 0.0012 332 40 414 110
chair 0.0012 13 62 111 139
chair 0.0011 119 28 174 87
chair 0.0011 166 46 273 265
chair 0.0010 0 14 10 94
diningtable 0.9725 105 43 390 306
diningtable 0.0219 257 42 406 318
diningtable 0.0032 110 32 247 299
diningtable 0.0019 -4 1 96 163
diningtable 0.0014 -16 22 447 361
diningtable 0.0013 130 32 186 75
person 0.0056 257 42 406 318
pottedplant 0.0220 199 35 276 113
pottedplant 0.0061 218 32 271 78
pottedplant 0.0048 242 31 269 81
pottedplant 0.0032 252 33 273 77
pottedplant 0.0029 194 29 286 217
pottedplant 0.0024 205 42 265 87
pottedplant 0.0010 231 43 277 87
sofa 0.0097 4 -4 94 78
sofa 0.0024 129 44 439 316
sofa 0.0013 -4 1 96 163
tvmonitor 0.0033 5 -4 93 61
