bus 0.0370 451 69 496 108
bus 0.0039 486 69 500 124
bus 0.0022 182 68 229 91
bus 0.0021 -3 81 67 151
bus 0.0013 226 73 247 88
bus 0.0012 194 71 220 87
bus 0.0011 177 80 199 93
bus 0.0011 57 65 105 93
bus 0.0010 472 65 497 114
car 0.9991 251 86 492 214
car 0.9906 55 85 290 183
car 0.7871 452 77 496 116
car 0.6815 -3 81 67 151
car 0.5529 278 74 328 101
car 0.4226 15 83 193 171
car 0.2103 380 74 436 96
car 0.1777 111 89 298 236
car 0.1564 360 78 379 92
car 0.1287 349 78 371 93
car 0.1283 285 76 335 113
car 0.1119 306 75 358 98
car 0.1036 51 76 71 97
car 0.0983 225 77 247 91
car 0.0780 178 75 234 94
car 0.0613 373 80 443 105
car 0.0603 486 69 500 124
car 0.0595 49 78 61 97
car 0.0532 488 92 499 117
car 0.0516 177 80 199 93
car 0.0474 194 71 220 87
car 0.0450 232 77 256 90
car 0.0437 192 77 221 91
car 0.0387 317 77 362 109
car 0.0373 405 77 429 92
car 0.0370 393 77 422 92
car 0.0361 371 78 388 92
car 0.0328 240 78 266 89
car 0.0316 67 77 131 96
car 0.0277 185 79 209 92
car 0.0273 33 80 54 93
car 0.0257 279 83 324 125
car 0.0234 48 70 95 100
car 0.0233 473 77 499 117
car 0.0219 283 69 338 92
car 0.0212 249 79 276 89
car 0.0204 0 112 96 171
car 0.0192 340 76 379 96
car 0.0190 119 78 137 90
car 0.0190 327 76 355 93
car 0.0180 21 79 44 91
car 0.0180 377 78 401 92
car 0.0170 60 75 79 96
car 0.0168 287 67 375 113
car 0.0145 77 77 102 92
car 0.0142 358 82 420 108
car 0.0124 487 81 500 111
car 0.0117 17 88 74 166
car 0.0117 273 79 294 92
car 0.0114 132 90 430 192
car 0.0113 435 78 481 114
car 0.0113 42 73 170 115
car 0.0113 264 67 341 116
car 0.0106 -1 81 134 151
car 0.0105 57 65 105 93
car 0.0104 127 169 285 266
car 0.0104 0 95 25 156
car 0.0103 88 79 111 92
car 0.0098 172 81 241 108
car 0.0097 449 65 498 95
car 0.0097 5 78 61 95
car 0.0095 112 77 128 92
car 0.0094 451 88 481 117
car 0.0094 79 70 101 84
car 0.0093 385 77 413 92
car 0.0087 100 79 120 92
car 0.0086 439 75 457 117
car 0.0085 341 77 362 93
car 0.0083 192 69 236 90
car 0.0079 318 72 345 87
car 0.0074 430 74 444 96
car 0.0073 421 75 436 94
car 0.0072 157 87 179 104
car 0.0071 307 72 334 85
car 0.0068 462 84 489 110
car 0.0067 12 79 33 91
car 0.0066 397 73 418 88
car 0.0065 120 71 136 87
car 0.0062 187 73 208 88
car 0.0061 220 76 268 93
car 0.0061 71 69 90 87
car 0.0057 314 69 364 93
car 0.0052 277 78 356 133
car 0.0052 337 79 383 106
car 0.0051 165 77 209 97
car 0.0051 365 75 413 95
car 0.0050 65 84 135 111
car 0.0050 444 85 468 120
car 0.0048 490 101 500 124
car 0.0048 286 75 322 94
car 0.0048 52 83 70 103
car 0.0047 52 76 108 113
car 0.0045 -2 84 68 112
car 0.0044 152 83 202 108
car 0.0040 69 76 91 93
car 0.0039 450 70 484 106
car 0.0037 488 72 500 101
car 0.0036 217 77 236 90
car 0.0035 194 74 257 93
car 0.0035 0 65 10 89
chair 0.5713 149 181 253 265
chair 0.0032 153 175 214 254
diningtable 0.0225 149 181 253 265
motorbike 0.0015 51 76 71 97
motorbike 0.0012 225 77 247 91
motorbike 0.0010 439 75 457 117
person 0.0516 49 78 61 97
person 0.0328 120 71 136 87
person 0.0324 112 77 128 92
person 0.0197 114 72 129 86
person 0.0188 119 78 137 90
person 0.0162 51 76 71 97
person 0.0127 62 68 78 90
person 0.0098 439 75 457 117
person 0.0089 101 99 119 114
person 0.0083 371 116 390 137
person 0.0076 60 75 79 96
person 0.0066 430 74 444 96
person 0.0044 110 99 127 116
person 0.0042 127 99 148 116
person 0.0034 119 99 139 115
person 0.0032 421 75 436 94
person 0.0027 226 73 247 88
person 0.0025 71 69 90 87
person 0.0024 128 72 144 85
person 0.0023 101 72 119 83
person 0.0021 48 72 60 89
person 0.0021 100 79 120 92
person 0.0019 57 69 82 102
person 0.0018 427 68 447 104
person 0.0014 128 79 146 90
person 0.0013 100 92 157 119
person 0.0013 0 65 10 89
person 0.0012 111 87 129 107
person 0.0011 79 70 101 84
person 0.0010 101 89 120 106
person 0.0010 488 92 499 117
person 0.0010 360 78 379 92
person 0.0010 177 80 199 93
person 0.0010 397 73 418 88
sofa 0.0036 149 181 253 265
train 0.0012 442 71 490 108
