cat 0.0033 85 194 499 378
cat 0.0020 80 265 178 320
cat 0.0013 283 53 438 251
chair 0.0456 18 61 493 397
chair 0.0029 172 16 223 100
chair 0.0022 196 17 242 96
chair 0.0014 286 36 498 336
diningtable 0.0017 157 17 245 98
dog 0.9885 102 177 486 375
dog 0.1440 286 83 439 266
dog 0.0956 185 65 467 295
dog 0.0455 286 36 498 336
dog 0.0330 80 265 178 320
dog 0.0278 18 61 493 397
dog 0.0221 79 178 250 348
dog 0.0094 129 166 377 295
dog 0.0070 65 119 365 356
dog 0.0037 292 87 419 148
dog 0.0016 129 125 376 243
dog 0.0016 49 241 215 363
dog 0.0012 53 289 283 373
dog 0.0012 76 243 212 316
person 0.0154 18 61 493 397
person 0.0051 286 36 498 336
person 0.0012 55 172 383 372
pottedplant 0.1420 163 0 210 39
pottedplant 0.0048 180 0 232 38
pottedplant 0.0039 170 7 202 45
pottedplant 0.0010 174 2 223 86
sofa 0.2272 18 61 493 397
sofa 0.0041 56 176 456 374
tvmonitor 0.0996 -1 -2 45 89
tvmonitor 0.0040 -4 -21 55 142
tvmonitor 0.0015 0 29 27 86
tvmonitor 0.0011 -1 -29 87 187
