bottle 0.0631 388 185 485 325
bottle 0.0020 403 196 494 277
bottle 0.0011 381 200 414 313
bottle 0.0010 450 187 498 318
bottle 0.0010 367 65 499 331
cat 0.0018 53 38 374 336
chair 0.1146 1 138 126 327
chair 0.0058 17 39 350 337
chair 0.0015 0 113 22 312
chair 0.0012 0 119 62 311
diningtable 0.0055 1 138 126 327
diningtable 0.0012 374 212 491 326
person 0.9945 62 16 369 333
person 0.0069 386 199 484 330
person 0.0039 171 42 474 338
person 0.0032 490 69 499 157
person 0.0025 367 65 499 331
person 0.0023 403 196 494 277
person 0.0010 1 1 134 334
sofa 0.0085 1 138 126 327
sofa 0.0012 8 36 481 337
tvmonitor 0.0561 76 0 356 283
tvmonitor 0.0211 17 18 478 331
tvmonitor 0.0014 366 103 500 305
tvmonitor 0.0011 0 149 132 326
