bird 0.0013 20 383 73 429
bottle 0.0011 313 443 338 488
diningtable 0.0015 172 428 362 501
pottedplant 0.9560 317 384 380 489
pottedplant 0.9017 226 431 316 499
pottedplant 0.2378 317 265 375 486
pottedplant 0.2175 170 51 360 447
pottedplant 0.1029 272 445 349 501
pottedplant 0.0465 179 276 257 476
pottedplant 0.0266 7 373 139 497
pottedplant 0.0200 9 171 110 347
pottedplant 0.0191 287 309 330 402
pottedplant 0.0151 197 407 341 499
pottedplant 0.0144 20 376 108 441
pottedplant 0.0132 211 351 257 440
pottedplant 0.0131 188 357 242 469
pottedplant 0.0121 325 298 372 415
pottedplant 0.0118 223 362 318 501
pottedplant 0.0109 289 378 332 457
pottedplant 0.0100 354 230 375 297
pottedplant 0.0098 313 443 338 488
pottedplant 0.0097 188 340 278 483
pottedplant 0.0076 13 339 199 489
pottedplant 0.0076 2 436 120 499
pottedplant 0.0075 56 126 93 193
pottedplant 0.0074 209 358 298 430
pottedplant 0.0065 44 383 91 430
pottedplant 0.0061 215 462 367 501
pottedplant 0.0058 277 287 349 458
pottedplant 0.0053 301 451 351 497
pottedplant 0.0052 303 383 330 431
pottedplant 0.0051 64 385 225 498
pottedplant 0.0050 216 417 255 497
pottedplant 0.0048 293 448 320 501
pottedplant 0.0044 271 374 319 455
pottedplant 0.0044 289 223 374 447
pottedplant 0.0040 240 451 297 499
pottedplant 0.0034 322 172 378 424
pottedplant 0.0033 290 415 341 497
pottedplant 0.0031 54 443 142 500
pottedplant 0.0031 295 340 382 491
pottedplant 0.0031 251 354 301 437
pottedplant 0.0030 285 445 309 502
pottedplant 0.0027 51 360 102 440
pottedplant 0.0026 176 206 212 314
pottedplant 0.0025 -6 50 143 451
pottedplant 0.0023 307 378 359 455
pottedplant 0.0022 185 471 238 499
pottedplant 0.0022 57 375 107 484
pottedplant 0.0021 271 330 318 424
pottedplant 0.0020 310 303 357 402
pottedplant 0.0018 277 466 336 501
pottedplant 0.0017 179 245 205 301
pottedplant 0.0016 62 389 92 443
pottedplant 0.0016 86 314 193 477
pottedplant 0.0015 303 336 330 382
pottedplant 0.0015 167 114 231 329
pottedplant 0.0015 178 382 223 487
pottedplant 0.0015 134 202 153 270
pottedplant 0.0015 0 357 86 437
pottedplant 0.0014 187 429 291 499
pottedplant 0.0014 158 148 304 517
pottedplant 0.0012 54 14 397 490
pottedplant 0.0012 173 273 193 333
pottedplant 0.0012 292 263 335 377
pottedplant 0.0011 64 264 98 370
pottedplant 0.0011 306 436 332 478
pottedplant 0.0011 219 303 243 357
pottedplant 0.0011 192 316 243 434
pottedplant 0.0011 293 329 339 369
pottedplant 0.0011 9 428 211 501
pottedplant 0.0010 266 357 290 403
pottedplant 0.0010 102 22 281 473
