boat 0.0256 181 149 395 243
bottle 0.0258 47 158 57 184
bottle 0.0115 489 350 499 376
bottle 0.0080 457 179 472 204
bottle 0.0078 455 183 474 219
bottle 0.0067 449 179 464 205
bottle 0.0063 420 256 434 280
bottle 0.0059 456 288 494 326
bottle 0.0059 483 351 495 374
bottle 0.0057 489 159 499 186
bottle 0.0051 377 288 419 327
bottle 0.0049 37 160 50 186
bottle 0.0046 110 156 129 190
bottle 0.0044 436 173 458 211
bottle 0.0043 466 190 483 213
bottle 0.0036 27 162 40 186
bottle 0.0035 443 251 489 285
bottle 0.0034 479 198 493 222
bottle 0.0034 419 180 435 202
bottle 0.0032 452 185 497 219
bottle 0.0032 420 173 435 194
bottle 0.0032 487 336 499 390
bottle 0.0030 447 181 467 220
bottle 0.0029 38 169 49 190
bottle 0.0027 46 168 58 192
bottle 0.0026 397 336 457 374
bottle 0.0025 441 177 490 209
bottle 0.0025 429 178 443 202
bottle 0.0024 490 202 501 296
bottle 0.0023 464 127 492 177
bottle 0.0023 478 191 494 213
bottle 0.0022 438 179 455 204
bottle 0.0021 486 233 500 305
bottle 0.0021 476 182 497 222
bottle 0.0020 472 285 498 328
bottle 0.0020 0 121 9 241
bottle 0.0018 475 150 499 192
bottle 0.0016 490 150 499 179
bottle 0.0015 319 319 346 374
bottle 0.0015 44 153 59 190
bottle 0.0014 467 198 482 219
bottle 0.0013 26 170 40 191
bottle 0.0013 293 158 350 187
bottle 0.0013 416 174 438 208
bottle 0.0013 437 259 456 278
bottle 0.0011 405 292 453 374
bottle 0.0011 423 176 469 210
bottle 0.0011 1 289 44 374
bottle 0.0010 480 334 498 375
car 0.0078 181 149 395 243
car 0.0024 326 162 483 277
car 0.0020 234 150 366 210
car 0.0012 471 130 498 177
cat 0.0026 315 199 364 241
chair 0.4007 195 179 243 258
chair 0.0591 215 180 302 252
chair 0.0381 64 120 206 311
chair 0.0140 1 135 47 289
chair 0.0138 176 187 231 279
chair 0.0114 0 143 91 327
chair 0.0110 -2 110 55 355
chair 0.0079 -1 128 22 339
chair 0.0064 130 125 231 304
chair 0.0041 352 139 435 316
chair 0.0035 162 147 247 285
chair 0.0031 456 288 494 326
chair 0.0029 288 160 437 279
chair 0.0029 35 139 143 325
chair 0.0028 231 151 285 248
chair 0.0024 473 200 499 312
chair 0.0022 20 182 71 283
chair 0.0022 1 289 44 374
chair 0.0021 213 154 264 248
chair 0.0020 315 199 364 241
chair 0.0020 233 201 293 240
chair 0.0019 448 190 499 286
chair 0.0016 180 148 226 250
chair 0.0014 42 154 91 275
chair 0.0013 161 283 238 375
chair 0.0013 489 350 499 376
chair 0.0012 197 135 246 225
chair 0.0012 122 197 166 313
chair 0.0012 177 167 264 237
chair 0.0011 486 240 500 317
chair 0.0011 408 220 497 285
chair 0.0011 122 179 203 317
chair 0.0010 103 199 151 311
diningtable 0.1345 184 162 396 273
diningtable 0.0823 363 165 495 282
diningtable 0.0683 188 178 294 255
diningtable 0.0167 185 160 475 376
diningtable 0.0117 312 194 491 353
diningtable 0.0106 288 160 437 279
diningtable 0.0106 401 182 500 255
diningtable 0.0083 234 150 366 210
diningtable 0.0067 240 195 424 356
diningtable 0.0066 363 237 495 371
diningtable 0.0062 193 233 397 379
diningtable 0.0054 0 143 91 327
diningtable 0.0045 223 186 330 249
diningtable 0.0036 360 168 502 227
diningtable 0.0029 0 174 88 261
diningtable 0.0023 195 179 243 258
diningtable 0.0023 337 138 483 253
diningtable 0.0023 164 143 353 247
diningtable 0.0022 130 125 231 304
diningtable 0.0022 64 120 206 311
diningtable 0.0017 379 223 494 282
diningtable 0.0016 404 295 501 371
diningtable 0.0015 266 164 365 228
diningtable 0.0013 19 198 109 272
diningtable 0.0013 404 259 498 322
diningtable 0.0012 1 135 47 289
diningtable 0.0010 169 194 337 345
diningtable 0.0010 -4 248 99 372
dog 0.0028 315 199 364 241
person 0.9436 351 126 431 274
person 0.8202 287 221 429 377
person 0.8127 432 113 481 187
person 0.6924 224 291 322 375
person 0.6541 63 86 207 295
person 0.3476 0 121 48 270
person 0.2259 55 115 103 189
person 0.1395 2 122 47 194
person 0.1346 3 119 87 278
person 0.0821 63 121 95 169
person 0.0758 46 112 124 278
person 0.0386 464 127 492 177
person 0.0340 193 233 397 379
person 0.0324 -1 125 25 301
person 0.0230 473 200 499 312
person 0.0225 127 106 229 295
person 0.0218 353 129 428 193
person 0.0198 46 125 93 262
person 0.0181 337 138 483 253
person 0.0110 361 295 461 373
person 0.0103 14 133 185 304
person 0.0090 437 128 494 174
person 0.0080 111 288 335 378
person 0.0063 281 214 389 292
person 0.0062 9 125 38 170
person 0.0060 443 251 489 285
person 0.0055 -2 112 31 208
person 0.0052 440 112 495 293
person 0.0049 0 83 30 380
person 0.0044 288 160 437 279
person 0.0042 185 160 475 376
person 0.0038 312 194 491 353
person 0.0038 20 134 69 261
person 0.0037 271 219 367 367
person 0.0037 55 79 157 244
person 0.0034 429 101 497 211
person 0.0032 451 211 501 299
person 0.0029 363 237 495 371
person 0.0028 312 198 402 274
person 0.0027 439 113 470 159
person 0.0027 53 126 76 180
person 0.0025 356 134 456 216
person 0.0023 387 126 433 193
person 0.0022 384 319 473 373
person 0.0021 0 115 10 192
person 0.0020 367 287 418 372
person 0.0020 449 163 497 273
person 0.0020 8 122 91 187
person 0.0018 1 126 25 183
person 0.0018 389 121 485 185
person 0.0018 20 133 45 187
person 0.0017 488 195 500 285
person 0.0014 450 289 500 372
person 0.0014 476 117 499 280
person 0.0014 363 165 495 282
person 0.0013 -1 178 22 366
person 0.0013 3 77 46 170
person 0.0013 434 123 463 179
person 0.0012 0 138 93 215
person 0.0011 60 113 152 193
person 0.0011 404 295 501 371
person 0.0011 293 187 378 245
person 0.0010 315 291 428 372
pottedplant 0.0173 212 146 258 179
pottedplant 0.0037 456 288 494 326
pottedplant 0.0016 293 158 350 187
pottedplant 0.0015 377 288 419 327
pottedplant 0.0014 234 150 366 210
pottedplant 0.0011 0 316 26 375
sofa 0.0076 57 90 214 339
sofa 0.0066 201 148 445 245
sofa 0.0020 0 128 54 297
sofa 0.0015 185 160 475 376
sofa 0.0014 14 133 185 304
sofa 0.0014 326 162 483 277
tvmonitor 0.0021 471 130 498 177
tvmonitor 0.0020 443 251 489 285
tvmonitor 0.0017 456 288 494 326
