bicycle 0.0039 3 137 118 251
bicycle 0.0018 347 123 472 246
bicycle 0.0010 470 149 499 251
bird 0.0050 396 -91 507 96
boat 0.0082 3 137 118 251
boat 0.0039 364 125 489 248
car 0.0044 3 137 118 251
car 0.0039 117 123 442 372
car 0.0017 347 123 472 246
car 0.0016 0 149 11 215
car 0.0013 0 174 9 207
car 0.0011 2 151 22 213
chair 0.7660 8 139 98 254
chair 0.4061 371 171 450 259
chair 0.3625 100 143 153 216
chair 0.1660 470 149 499 251
chair 0.1541 118 128 401 370
chair 0.1469 154 138 198 216
chair 0.1419 451 170 498 256
chair 0.1107 437 169 475 257
chair 0.0395 356 99 435 252
chair 0.0380 403 144 456 250
chair 0.0341 354 151 406 240
chair 0.0324 69 140 110 251
chair 0.0287 167 91 246 218
chair 0.0184 80 142 124 218
chair 0.0116 452 125 497 236
chair 0.0113 472 184 500 238
chair 0.0104 2 151 45 247
chair 0.0094 428 111 476 241
chair 0.0086 189 126 246 215
chair 0.0070 394 103 473 249
chair 0.0069 104 153 134 209
chair 0.0057 89 126 113 180
chair 0.0054 146 156 219 225
chair 0.0042 88 116 164 238
chair 0.0042 117 126 159 205
chair 0.0039 472 143 498 202
chair 0.0038 341 146 467 278
chair 0.0036 99 152 183 229
chair 0.0028 100 151 120 212
chair 0.0026 133 150 161 216
chair 0.0022 474 104 501 216
chair 0.0021 364 133 457 228
chair 0.0021 484 177 501 244
chair 0.0019 483 151 502 214
chair 0.0019 97 146 142 185
chair 0.0017 0 127 26 236
chair 0.0015 301 123 453 245
chair 0.0015 0 149 11 215
chair 0.0014 353 91 409 212
chair 0.0014 46 130 124 255
chair 0.0014 451 156 500 209
chair 0.0014 91 131 111 153
chair 0.0013 408 158 494 241
chair 0.0012 112 148 143 199
chair 0.0011 452 155 477 230
chair 0.0010 156 232 481 372
chair 0.0010 147 120 187 209
diningtable 0.0742 353 154 446 242
diningtable 0.0639 90 142 161 214
diningtable 0.0435 16 145 104 251
diningtable 0.0213 451 170 498 256
diningtable 0.0193 437 169 475 257
diningtable 0.0162 384 171 475 257
diningtable 0.0059 470 149 499 251
diningtable 0.0054 408 158 494 241
diningtable 0.0037 364 125 489 248
diningtable 0.0036 161 134 244 216
diningtable 0.0030 154 138 198 216
diningtable 0.0029 301 123 453 245
diningtable 0.0022 146 121 482 377
diningtable 0.0021 452 125 497 236
diningtable 0.0018 50 134 209 242
diningtable 0.0016 46 130 124 255
diningtable 0.0015 80 142 124 218
diningtable 0.0015 69 140 110 251
diningtable 0.0012 403 144 456 250
dog 0.0012 188 93 247 212
motorbike 0.0013 347 123 472 246
person 0.9920 125 110 437 371
person 0.7228 356 88 431 231
person 0.6989 357 96 416 179
person 0.6978 187 88 248 194
person 0.5182 394 103 473 249
person 0.1852 406 107 460 215
person 0.0643 428 111 476 241
person 0.0192 362 117 460 207
person 0.0127 287 88 311 105
person 0.0123 282 83 310 125
person 0.0114 144 97 281 211
person 0.0085 148 168 365 350
person 0.0065 280 85 321 111
person 0.0042 218 91 259 187
person 0.0041 301 123 453 245
person 0.0037 274 86 315 154
person 0.0023 422 101 472 188
person 0.0022 254 97 476 358
person 0.0020 254 105 273 161
person 0.0019 452 125 497 236
person 0.0018 104 117 249 240
person 0.0018 474 104 501 216
person 0.0016 243 109 267 160
person 0.0015 154 116 354 257
person 0.0013 385 100 411 151
person 0.0013 355 102 365 127
person 0.0013 406 130 490 226
person 0.0012 72 94 280 375
person 0.0012 235 130 253 195
person 0.0011 341 146 467 278
person 0.0011 176 85 257 303
person 0.0011 236 117 255 168
pottedplant 0.0126 88 125 113 161
pottedplant 0.0030 0 31 27 83
pottedplant 0.0013 91 122 111 147
pottedplant 0.0013 2 29 47 90
pottedplant 0.0010 99 133 116 153
sofa 0.0700 167 91 246 218
sofa 0.0666 117 123 442 372
sofa 0.0092 356 99 435 252
sofa 0.0039 16 145 104 251
sofa 0.0020 412 104 489 249
sofa 0.0015 364 133 457 228
sofa 0.0011 90 142 161 214
sofa 0.0010 470 149 499 251
tvmonitor 0.0047 0 149 11 215
tvmonitor 0.0031 2 151 22 213
tvmonitor 0.0016 91 131 111 153
tvmonitor 0.0012 472 143 498 202
