boat 0.9983 47 3 297 435
boat 0.0262 33 369 132 458
boat 0.0214 49 398 145 462
boat 0.0212 57 363 99 457
boat 0.0074 62 98 134 416
boat 0.0051 289 270 330 368
boat 0.0051 242 123 303 385
boat 0.0028 277 287 312 391
boat 0.0022 2 296 52 326
boat 0.0018 41 361 86 437
boat 0.0015 76 387 124 462
boat 0.0014 294 215 328 346
boat 0.0013 41 426 149 470
boat 0.0013 258 151 289 359
boat 0.0012 50 312 77 329
boat 0.0011 277 307 333 335
boat 0.0010 278 236 314 363
bus 0.0016 52 365 136 436
person 0.3835 91 397 115 442
person 0.0986 63 380 85 437
person 0.0683 71 379 91 436
person 0.0610 57 362 97 439
person 0.0399 56 379 77 437
person 0.0396 75 367 123 455
person 0.0387 71 359 95 421
person 0.0266 48 371 140 457
person 0.0261 96 402 124 447
person 0.0113 94 404 111 432
person 0.0091 66 405 81 433
person 0.0072 98 390 123 430
person 0.0056 95 396 112 422
person 0.0052 63 367 88 416
person 0.0048 87 414 103 438
person 0.0043 84 406 107 445
person 0.0037 76 402 89 434
person 0.0034 103 395 119 419
person 0.0034 55 407 72 433
person 0.0031 91 381 118 423
person 0.0027 83 386 106 434
person 0.0026 90 362 132 436
person 0.0026 74 353 96 392
person 0.0022 78 357 92 383
person 0.0020 90 393 130 462
person 0.0019 79 356 103 404
person 0.0019 52 395 92 436
person 0.0014 66 377 83 402
person 0.0012 102 414 120 440
person 0.0011 102 389 121 411
person 0.0011 66 392 81 425
person 0.0010 77 414 125 452
person 0.0010 87 396 102 422
