cat 0.0052 284 158 385 237
cat 0.0041 189 138 396 263
cat 0.0019 218 165 375 231
chair 0.9101 419 111 481 211
chair 0.2949 191 150 396 292
chair 0.2268 335 121 414 193
chair 0.1010 262 121 369 183
chair 0.0540 286 120 336 165
chair 0.0215 -7 183 89 373
chair 0.0198 181 131 226 217
chair 0.0125 237 113 282 170
chair 0.0113 226 116 333 168
chair 0.0084 334 128 383 162
chair 0.0081 284 158 385 237
chair 0.0078 364 134 413 210
chair 0.0051 339 135 398 174
chair 0.0049 319 124 379 148
chair 0.0044 477 224 501 362
chair 0.0044 315 125 366 165
chair 0.0044 218 165 375 231
chair 0.0043 303 136 410 210
chair 0.0043 187 121 292 197
chair 0.0041 236 115 403 203
chair 0.0040 365 110 412 140
chair 0.0039 268 121 318 167
chair 0.0039 366 111 413 180
chair 0.0032 -4 214 177 380
chair 0.0030 248 133 297 169
chair 0.0030 326 135 376 172
chair 0.0028 352 114 405 153
chair 0.0027 200 146 360 213
chair 0.0025 477 140 498 330
chair 0.0023 418 158 474 208
chair 0.0018 355 139 403 188
chair 0.0017 258 116 287 168
chair 0.0017 443 105 484 184
chair 0.0014 179 110 261 247
chair 0.0014 271 118 296 169
chair 0.0013 440 131 489 216
chair 0.0013 0 171 25 339
chair 0.0012 -1 180 52 327
chair 0.0010 168 282 488 375
chair 0.0010 185 162 294 231
diningtable 0.0216 335 121 414 193
diningtable 0.0079 275 121 395 187
diningtable 0.0041 414 131 485 213
diningtable 0.0033 189 138 396 263
diningtable 0.0017 286 120 336 165
diningtable 0.0012 -6 171 88 350
dog 0.0029 189 138 396 263
dog 0.0026 284 158 385 237
person 0.4387 191 150 396 292
person 0.0401 284 158 385 237
person 0.0062 218 165 375 231
person 0.0016 301 150 398 286
person 0.0011 197 112 390 205
pottedplant 0.0065 423 102 478 191
pottedplant 0.0016 440 111 487 203
sofa 0.2995 191 150 396 292
sofa 0.1468 302 122 415 190
sofa 0.0844 262 121 369 183
sofa 0.0054 283 139 388 215
sofa 0.0051 218 165 375 231
sofa 0.0042 337 136 408 208
sofa 0.0031 236 115 403 203
sofa 0.0014 -6 171 88 350
sofa 0.0011 200 146 360 213
tvmonitor 0.9925 65 129 138 192
tvmonitor 0.0010 272 120 401 167
