bicycle 0.0527 263 234 280 282
bicycle 0.0109 475 253 496 296
bicycle 0.0109 16 261 28 289
bicycle 0.0081 439 260 452 290
bicycle 0.0054 162 261 187 308
bicycle 0.0050 186 259 204 279
bicycle 0.0047 38 262 50 288
bicycle 0.0046 266 256 278 280
bicycle 0.0037 479 273 493 296
bicycle 0.0033 432 261 444 291
bicycle 0.0022 447 254 461 281
bicycle 0.0019 182 252 208 282
bicycle 0.0014 430 250 447 288
bottle 0.0079 16 261 28 289
bottle 0.0041 186 259 204 279
bottle 0.0016 180 254 193 282
bottle 0.0013 38 262 50 288
bottle 0.0011 440 254 453 284
bottle 0.0011 266 256 278 280
bottle 0.0010 263 234 280 282
bus 0.0019 131 219 147 282
bus 0.0015 186 259 204 279
car 0.0281 186 259 204 279
car 0.0189 473 236 497 299
car 0.0084 266 256 278 280
car 0.0049 182 252 208 282
car 0.0029 440 254 453 284
car 0.0026 263 234 280 282
car 0.0021 447 254 461 281
car 0.0019 16 261 28 289
car 0.0018 428 252 467 285
car 0.0014 359 243 426 339
car 0.0012 479 273 493 296
car 0.0012 120 261 139 282
car 0.0012 186 266 205 284
car 0.0012 469 232 487 284
car 0.0012 430 250 447 288
car 0.0011 110 269 129 281
car 0.0010 133 257 143 284
car 0.0010 256 224 277 279
chair 0.0069 186 259 204 279
chair 0.0024 439 260 452 290
chair 0.0022 16 261 28 289
chair 0.0017 432 253 444 286
chair 0.0017 182 252 208 282
chair 0.0015 367 233 420 338
chair 0.0012 38 262 50 288
horse 0.0029 430 250 447 288
horse 0.0025 473 236 497 299
horse 0.0020 437 251 456 287
horse 0.0017 359 243 426 339
horse 0.0010 16 261 28 289
motorbike 0.0465 473 236 497 299
motorbike 0.0298 263 234 280 282
motorbike 0.0138 16 261 28 289
motorbike 0.0058 266 256 278 280
motorbike 0.0057 437 251 456 287
motorbike 0.0050 186 259 204 279
motorbike 0.0044 162 261 187 308
motorbike 0.0038 447 254 461 281
motorbike 0.0036 430 250 447 288
motorbike 0.0019 38 262 50 288
motorbike 0.0018 469 232 487 284
motorbike 0.0016 182 252 208 282
motorbike 0.0014 479 273 493 296
motorbike 0.0014 41 252 58 287
motorbike 0.0011 439 260 452 290
person 0.9913 206 198 271 359
person 0.9896 367 205 417 340
person 0.7518 472 228 497 292
person 0.5867 162 243 188 309
person 0.3345 14 253 31 288
person 0.1790 440 254 453 284
person 0.0983 233 223 276 365
person 0.0886 432 253 444 286
person 0.0874 41 252 58 287
person 0.0722 447 254 461 281
person 0.0616 38 257 51 285
person 0.0548 475 253 496 296
person 0.0484 486 224 499 296
person 0.0474 26 257 38 286
person 0.0428 364 236 397 339
person 0.0254 469 232 487 284
person 0.0212 423 255 434 285
person 0.0211 263 224 280 279
person 0.0209 390 248 422 341
person 0.0193 475 197 499 282
person 0.0170 266 256 278 280
person 0.0144 186 259 204 279
person 0.0120 133 257 143 284
person 0.0116 8 257 23 285
person 0.0104 414 255 424 283
person 0.0103 180 254 193 282
person 0.0094 175 246 196 288
person 0.0090 208 260 226 334
person 0.0081 160 242 183 283
person 0.0075 169 244 184 272
person 0.0075 389 199 421 314
person 0.0070 131 232 146 285
person 0.0062 206 204 242 317
person 0.0057 472 252 483 283
person 0.0048 471 243 482 275
person 0.0040 374 196 416 287
person 0.0039 155 245 197 294
person 0.0038 362 239 377 314
person 0.0035 421 251 437 288
person 0.0033 6 257 28 294
person 0.0030 489 239 499 278
person 0.0029 364 251 374 284
person 0.0028 479 273 493 296
person 0.0028 21 258 43 291
person 0.0025 207 225 223 312
person 0.0024 456 255 473 278
person 0.0024 447 241 464 281
person 0.0020 169 252 183 283
person 0.0020 470 228 481 255
person 0.0020 163 245 178 272
person 0.0020 487 196 500 269
person 0.0019 468 218 485 269
person 0.0019 237 207 276 303
person 0.0019 488 221 498 258
person 0.0018 252 263 271 334
person 0.0018 256 239 278 297
person 0.0018 246 223 267 296
person 0.0017 456 222 477 280
person 0.0017 428 252 467 285
person 0.0014 438 241 458 285
person 0.0014 17 250 30 276
person 0.0014 182 252 208 282
person 0.0014 448 203 463 279
person 0.0013 368 234 387 323
person 0.0013 108 234 130 284
person 0.0013 260 234 272 265
person 0.0012 120 261 139 282
person 0.0011 263 248 281 284
person 0.0011 411 247 428 290
person 0.0011 429 240 447 286
person 0.0010 134 241 144 280
person 0.0010 476 236 494 263
person 0.0010 118 233 141 286
person 0.0010 323 257 337 282
person 0.0010 205 248 243 367
pottedplant 0.0184 263 224 280 279
pottedplant 0.0162 312 220 332 280
pottedplant 0.0102 186 259 204 279
pottedplant 0.0072 118 220 141 281
pottedplant 0.0071 323 257 337 282
pottedplant 0.0063 109 225 130 277
pottedplant 0.0045 316 259 331 281
pottedplant 0.0045 320 236 339 280
pottedplant 0.0030 131 219 147 282
pottedplant 0.0029 266 256 278 280
pottedplant 0.0018 302 196 335 283
pottedplant 0.0017 182 252 208 282
pottedplant 0.0012 105 235 121 284
pottedplant 0.0010 186 266 205 284
train 0.0016 186 259 204 279
tvmonitor 0.0014 186 259 204 279
