boat 0.0042 3 145 86 212
bottle 0.0195 208 186 225 236
bottle 0.0039 210 205 225 251
bottle 0.0030 219 217 230 246
bottle 0.0022 215 193 233 246
bus 0.0010 0 124 90 306
car 0.0064 4 257 88 335
car 0.0020 236 187 290 233
car 0.0015 0 252 49 339
car 0.0014 0 209 9 289
car 0.0014 0 210 26 272
car 0.0012 5 172 86 344
car 0.0011 0 250 10 325
car 0.0011 143 186 219 244
chair 0.8705 227 251 361 375
chair 0.0463 41 252 86 371
chair 0.0283 306 282 356 373
chair 0.0250 22 259 74 366
chair 0.0078 66 225 211 375
chair 0.0070 1 262 48 365
chair 0.0069 0 261 26 370
chair 0.0064 235 242 361 309
chair 0.0051 344 284 401 375
chair 0.0047 6 286 88 374
chair 0.0036 62 252 101 373
chair 0.0023 5 186 85 368
chair 0.0015 4 257 88 335
chair 0.0013 225 270 308 355
chair 0.0010 0 315 27 374
chair 0.0010 138 183 183 244
chair 0.0010 71 193 142 381
diningtable 0.0607 4 249 86 374
diningtable 0.0499 234 269 356 376
diningtable 0.0056 66 225 211 375
diningtable 0.0033 22 284 75 374
diningtable 0.0029 1 262 48 365
diningtable 0.0015 2 189 181 354
diningtable 0.0012 93 249 340 370
person 0.0531 96 181 139 241
person 0.0179 83 183 165 363
person 0.0058 86 184 131 325
person 0.0014 47 176 125 374
person 0.0013 128 182 171 243
person 0.0010 121 170 205 347
pottedplant 0.0019 -2 -7 92 242
pottedplant 0.0012 234 269 356 376
sofa 0.0253 235 242 361 309
sofa 0.0082 227 251 361 375
sofa 0.0055 4 249 86 374
sofa 0.0045 89 208 202 373
sofa 0.0022 143 186 219 244
sofa 0.0018 231 190 279 234
train 0.0013 3 145 86 212
tvmonitor 0.7686 236 187 290 233
tvmonitor 0.0068 228 189 277 221
tvmonitor 0.0059 143 186 219 244
tvmonitor 0.0046 235 242 361 309
tvmonitor 0.0039 138 183 183 244
tvmonitor 0.0027 -1 258 26 318
tvmonitor 0.0026 153 212 200 246
tvmonitor 0.0022 0 250 10 325
tvmonitor 0.0021 213 183 234 239
tvmonitor 0.0015 144 201 192 238
tvmonitor 0.0014 225 184 247 236
tvmonitor 0.0011 230 187 260 235
tvmonitor 0.0011 0 210 26 272
