aeroplane 0.0451 453 260 480 277
aeroplane 0.0013 445 261 485 286
aeroplane 0.0010 435 252 480 280
bird 0.0097 453 260 480 277
boat 0.0013 453 260 480 277
cat 0.0021 441 19 471 73
cat 0.0014 156 19 200 70
chair 0.7490 292 12 334 72
chair 0.4770 156 19 200 70
chair 0.4590 335 13 376 72
chair 0.4010 428 14 473 77
chair 0.2860 379 16 417 73
chair 0.2381 369 15 390 76
chair 0.1709 218 11 259 77
chair 0.1049 330 17 351 75
chair 0.0872 421 17 450 76
chair 0.0522 405 18 428 76
chair 0.0444 442 28 470 77
chair 0.0385 451 18 477 73
chair 0.0334 396 18 418 74
chair 0.0206 322 17 344 76
chair 0.0189 289 16 313 74
chair 0.0180 433 19 459 72
chair 0.0164 441 17 472 60
chair 0.0152 340 14 378 44
chair 0.0090 186 20 208 71
chair 0.0076 344 19 396 71
chair 0.0070 360 18 382 72
chair 0.0070 415 25 441 80
chair 0.0047 287 28 304 76
chair 0.0043 180 13 266 74
chair 0.0041 173 21 220 69
chair 0.0040 396 28 439 77
chair 0.0035 294 12 329 47
chair 0.0026 220 18 253 56
chair 0.0026 370 14 455 73
chair 0.0025 384 10 413 50
chair 0.0024 377 14 402 63
chair 0.0024 309 20 354 73
chair 0.0023 454 31 495 75
chair 0.0022 484 40 501 273
chair 0.0021 490 76 499 190
chair 0.0021 442 21 488 83
chair 0.0014 221 18 252 35
chair 0.0013 292 3 334 37
chair 0.0013 419 11 474 48
chair 0.0012 234 19 258 70
chair 0.0012 329 11 420 72
chair 0.0012 487 53 499 77
chair 0.0011 337 6 382 34
chair 0.0011 291 8 381 72
chair 0.0011 443 18 471 37
chair 0.0010 490 116 499 227
chair 0.0010 193 27 220 79
chair 0.0010 371 23 388 53
chair 0.0010 336 18 367 36
diningtable 0.0657 320 13 390 70
diningtable 0.0605 284 12 347 71
diningtable 0.0493 394 16 475 74
diningtable 0.0161 156 19 200 70
diningtable 0.0148 360 15 427 71
diningtable 0.0121 180 13 266 74
diningtable 0.0061 218 11 259 77
diningtable 0.0028 422 26 473 78
diningtable 0.0025 337 15 381 60
diningtable 0.0023 431 15 499 74
diningtable 0.0022 369 15 390 76
diningtable 0.0020 441 19 471 73
diningtable 0.0018 330 17 351 75
diningtable 0.0018 383 19 413 73
diningtable 0.0012 416 15 455 75
dog 0.0060 156 19 200 70
dog 0.0026 369 15 390 76
dog 0.0016 288 17 334 74
dog 0.0013 441 19 471 73
sheep 0.0010 156 19 200 70
sofa 0.0157 156 19 200 70
sofa 0.0063 289 12 333 62
sofa 0.0024 320 13 390 70
sofa 0.0021 421 18 473 74
sofa 0.0019 337 15 381 60
