bird 0.0046 10 0 329 239
bird 0.0014 200 31 324 235
cat 0.0625 148 -1 362 235
cat 0.0526 0 8 338 275
cat 0.0187 9 -41 483 336
cat 0.0159 200 31 324 235
cat 0.0142 190 3 466 282
chair 0.0029 -1 -9 493 374
chair 0.0010 12 173 483 366
diningtable 0.0014 -1 -9 493 374
person 0.0020 9 -41 483 336
pottedplant 0.0717 294 -7 497 294
pottedplant 0.0163 194 -5 465 241
pottedplant 0.0076 1 -10 287 244
pottedplant 0.0010 301 -1 504 145
sofa 0.0017 -1 -9 493 374
tvmonitor 0.0056 10 0 329 239
tvmonitor 0.0011 9 -41 483 336
