bicycle 0.0017 441 189 453 214
boat 0.0043 449 124 501 161
bottle 0.0016 441 189 453 214
bus 0.0015 -1 114 9 191
car 0.0085 0 186 7 215
car 0.0050 -1 114 9 191
car 0.0017 0 145 7 180
car 0.0013 -1 174 9 228
car 0.0011 417 182 436 200
chair 0.0014 79 165 130 288
person 0.9977 80 154 130 274
person 0.1617 440 124 454 199
person 0.0665 415 129 437 197
person 0.0354 26 95 54 186
person 0.0329 16 102 32 183
person 0.0307 22 106 41 179
person 0.0244 3 103 22 183
person 0.0236 0 90 11 178
person 0.0117 441 189 453 214
person 0.0073 430 126 444 197
person 0.0056 0 186 7 215
person 0.0044 22 80 44 133
person 0.0037 -1 114 9 191
person 0.0036 408 138 430 202
person 0.0034 0 145 9 216
person 0.0034 11 109 47 195
person 0.0021 30 88 53 145
person 0.0019 46 109 58 137
person 0.0017 75 201 93 257
person 0.0016 0 98 8 129
person 0.0015 432 133 463 210
person 0.0015 437 171 455 215
person 0.0015 43 102 62 144
person 0.0014 0 145 7 180
person 0.0013 32 136 54 189
person 0.0013 417 182 436 200
person 0.0012 41 137 59 187
person 0.0011 0 171 8 268
person 0.0010 23 136 43 187
person 0.0010 440 132 453 153
person 0.0010 0 163 8 198
pottedplant 0.0106 28 113 57 191
pottedplant 0.0039 41 137 59 187
pottedplant 0.0035 11 93 48 184
pottedplant 0.0019 32 151 54 190
pottedplant 0.0017 22 121 41 184
pottedplant 0.0011 34 162 51 187
train 0.0018 449 124 501 161
