aeroplane 0.0033 449 312 501 337
bicycle 0.9450 349 274 446 335
bicycle 0.8132 212 275 306 334
bicycle 0.0714 140 285 262 333
bicycle 0.0481 208 284 386 334
bicycle 0.0128 261 281 451 333
bicycle 0.0109 209 282 261 329
bicycle 0.0092 377 248 436 333
bicycle 0.0076 245 289 304 325
bicycle 0.0071 140 260 302 330
bicycle 0.0068 219 248 271 327
bicycle 0.0061 406 282 502 334
bicycle 0.0043 377 301 440 331
bicycle 0.0029 389 287 447 328
bicycle 0.0027 221 286 287 327
bicycle 0.0024 488 282 501 349
bicycle 0.0024 355 249 406 330
bicycle 0.0023 231 301 297 329
bicycle 0.0019 449 312 501 337
bicycle 0.0017 474 260 499 355
bicycle 0.0014 213 299 275 330
bicycle 0.0014 288 307 355 326
bicycle 0.0011 255 280 310 314
bicycle 0.0010 346 285 412 327
bicycle 0.0010 165 303 228 329
bird 0.0021 154 306 220 328
bird 0.0011 296 305 366 328
boat 0.0012 434 315 499 334
bottle 0.0026 245 289 304 325
car 0.0117 434 315 499 334
car 0.0012 288 307 355 326
cat 0.0017 154 306 220 328
chair 0.0014 357 254 451 336
cow 0.0029 296 305 366 328
cow 0.0020 434 315 499 334
dog 0.0026 360 241 433 320
dog 0.0016 154 306 220 328
horse 0.0029 212 254 297 329
horse 0.0020 357 254 451 336
motorbike 0.1269 212 254 297 329
motorbike 0.0186 348 255 439 332
motorbike 0.0021 209 282 261 329
motorbike 0.0013 449 312 501 337
person 0.9448 368 238 427 320
person 0.8792 231 242 285 317
person 0.1958 212 254 297 329
person 0.0505 348 255 439 332
person 0.0036 356 242 405 319
person 0.0011 245 289 304 325
person 0.0011 232 248 258 309
person 0.0011 288 307 355 326
person 0.0010 490 267 500 348
pottedplant 0.0012 245 289 304 325
