bottle 0.4400 306 211 329 314
bottle 0.2108 247 228 262 287
bottle 0.1417 311 179 328 223
bottle 0.1300 255 215 272 284
bottle 0.0714 262 223 280 292
bottle 0.0675 217 189 231 231
bottle 0.0658 312 186 329 252
bottle 0.0608 247 187 262 232
bottle 0.0601 255 188 271 235
bottle 0.0548 220 183 231 217
bottle 0.0394 249 208 265 272
bottle 0.0393 199 196 213 221
bottle 0.0360 211 194 222 223
bottle 0.0317 220 202 230 233
bottle 0.0304 304 204 324 273
bottle 0.0271 228 205 240 231
bottle 0.0269 180 239 197 297
bottle 0.0257 220 211 253 310
bottle 0.0255 258 201 269 235
bottle 0.0244 283 177 305 225
bottle 0.0241 197 195 216 244
bottle 0.0227 205 209 237 313
bottle 0.0224 250 202 261 234
bottle 0.0223 313 176 325 208
bottle 0.0186 262 189 281 248
bottle 0.0166 298 183 307 217
bottle 0.0162 304 187 323 233
bottle 0.0155 245 196 274 292
bottle 0.0151 307 185 320 216
bottle 0.0150 239 216 255 280
bottle 0.0147 385 76 410 130
bottle 0.0138 296 193 307 224
bottle 0.0116 195 210 217 267
bottle 0.0098 208 197 223 241
bottle 0.0095 238 204 251 231
bottle 0.0085 259 213 290 308
bottle 0.0078 180 211 198 266
bottle 0.0075 250 236 260 277
bottle 0.0073 236 188 255 231
bottle 0.0070 215 222 235 293
bottle 0.0070 284 198 301 222
bottle 0.0069 306 169 324 215
bottle 0.0068 321 211 336 266
bottle 0.0064 217 206 234 254
bottle 0.0062 309 257 331 311
bottle 0.0060 208 247 227 305
bottle 0.0057 225 202 243 238
bottle 0.0049 236 234 258 302
bottle 0.0047 192 197 205 222
bottle 0.0046 200 203 213 233
bottle 0.0042 324 210 334 246
bottle 0.0038 224 204 246 272
bottle 0.0038 189 212 205 266
bottle 0.0037 219 213 231 243
bottle 0.0032 258 183 269 218
bottle 0.0030 197 185 215 218
bottle 0.0029 190 198 208 243
bottle 0.0028 261 178 282 224
bottle 0.0028 235 205 255 253
bottle 0.0027 209 182 225 222
bottle 0.0026 310 219 350 310
bottle 0.0026 219 170 234 214
bottle 0.0025 319 240 339 297
bottle 0.0025 191 213 203 243
bottle 0.0025 191 205 205 234
bottle 0.0024 185 209 219 312
bottle 0.0024 177 256 198 316
bottle 0.0023 228 214 242 241
bottle 0.0023 286 189 301 215
bottle 0.0021 177 201 198 240
bottle 0.0021 196 236 219 297
bottle 0.0020 248 182 260 218
bottle 0.0019 209 206 225 270
bottle 0.0019 410 121 426 144
bottle 0.0019 253 239 271 295
bottle 0.0018 167 216 199 306
bottle 0.0018 186 236 204 298
bottle 0.0018 179 209 195 232
bottle 0.0018 180 215 195 242
bottle 0.0018 294 165 311 216
bottle 0.0016 178 88 198 120
bottle 0.0015 278 195 315 295
bottle 0.0015 251 219 261 256
bottle 0.0015 152 189 180 228
bottle 0.0015 282 193 306 244
bottle 0.0015 183 240 194 272
bottle 0.0014 265 194 279 225
bottle 0.0013 276 196 289 224
bottle 0.0013 152 201 202 238
bottle 0.0013 266 219 277 255
bottle 0.0013 259 218 269 256
bottle 0.0012 297 130 308 153
bottle 0.0012 238 213 251 241
bottle 0.0011 223 237 245 300
bottle 0.0011 225 179 244 223
bottle 0.0010 288 119 301 146
bottle 0.0010 418 121 436 144
bottle 0.0010 321 197 336 243
bottle 0.0010 157 199 176 221
car 0.0010 487 158 499 245
chair 0.0064 -2 169 102 379
chair 0.0032 222 136 310 221
chair 0.0020 -3 288 102 357
chair 0.0018 204 123 248 159
chair 0.0017 323 212 497 349
chair 0.0014 339 166 366 214
chair 0.0010 308 320 517 360
chair 0.0010 347 160 374 208
diningtable 0.9680 54 214 448 354
diningtable 0.0029 80 296 315 351
diningtable 0.0024 137 214 264 275
diningtable 0.0022 226 224 336 298
diningtable 0.0017 141 202 258 248
diningtable 0.0016 194 222 288 298
diningtable 0.0016 210 201 340 247
diningtable 0.0014 341 132 473 240
diningtable 0.0012 92 234 229 291
diningtable 0.0012 20 241 260 350
diningtable 0.0012 209 209 308 278
diningtable 0.0010 174 140 335 214
diningtable 0.0010 195 314 435 353
diningtable 0.0010 308 320 517 360
person 0.9400 104 138 173 270
person 0.9373 229 132 314 213
person 0.9219 -2 154 107 333
person 0.9193 153 144 200 225
person 0.7902 346 127 445 282
person 0.5403 338 153 494 350
person 0.3843 67 157 116 284
person 0.2309 413 132 453 204
person 0.0916 343 141 398 233
person 0.0713 422 136 450 186
person 0.0648 475 138 501 238
person 0.0455 487 134 500 208
person 0.0395 157 147 236 218
person 0.0310 127 135 203 266
person 0.0302 384 136 443 240
person 0.0244 429 159 501 337
person 0.0176 416 130 441 176
person 0.0158 487 158 499 245
person 0.0137 450 143 504 233
person 0.0122 424 131 467 173
person 0.0119 162 148 192 199
person 0.0109 422 124 450 163
person 0.0108 418 117 435 134
person 0.0107 475 69 492 122
person 0.0103 418 121 436 144
person 0.0102 410 121 426 144
person 0.0093 408 123 430 161
person 0.0090 236 122 249 144
person 0.0087 346 123 392 164
person 0.0079 411 129 427 155
person 0.0076 408 145 456 254
person 0.0075 414 132 489 201
person 0.0072 152 189 180 228
person 0.0071 387 140 472 278
person 0.0070 419 130 436 154
person 0.0069 414 116 440 150
person 0.0064 476 84 499 216
person 0.0062 230 122 244 145
person 0.0061 324 158 431 323
person 0.0059 63 161 148 256
person 0.0056 466 74 489 119
person 0.0053 338 79 376 143
person 0.0052 426 122 445 142
person 0.0052 347 111 374 158
person 0.0052 428 117 443 132
person 0.0051 427 132 446 152
person 0.0050 347 132 436 213
person 0.0045 338 133 381 210
person 0.0044 420 138 473 229
person 0.0038 270 135 313 210
person 0.0037 477 136 499 189
person 0.0037 445 125 466 161
person 0.0034 354 168 381 214
person 0.0033 477 158 501 328
person 0.0033 490 134 500 169
person 0.0033 156 151 183 214
person 0.0032 479 182 499 237
person 0.0031 347 160 374 208
person 0.0029 376 76 416 139
person 0.0028 47 182 121 331
person 0.0027 23 153 158 297
person 0.0026 199 120 216 162
person 0.0025 489 151 499 191
person 0.0025 433 125 459 164
person 0.0024 410 138 430 184
person 0.0023 353 132 382 171
person 0.0022 86 153 164 320
person 0.0022 209 119 220 148
person 0.0021 409 116 426 135
person 0.0021 226 124 248 158
person 0.0020 0 149 22 379
person 0.0020 489 178 499 279
person 0.0019 420 139 437 163
person 0.0019 412 139 427 165
person 0.0019 219 124 311 278
person 0.0017 405 158 496 246
person 0.0017 452 151 498 192
person 0.0017 352 117 405 149
person 0.0017 455 112 498 194
person 0.0016 201 139 370 220
person 0.0016 349 124 437 176
person 0.0016 0 162 62 390
person 0.0016 322 131 401 279
person 0.0015 88 182 112 258
person 0.0015 358 142 378 161
person 0.0015 71 159 108 190
person 0.0015 339 77 414 141
person 0.0014 453 123 496 162
person 0.0014 353 198 446 289
person 0.0014 149 184 171 234
person 0.0014 427 139 446 162
person 0.0014 354 129 369 155
person 0.0014 435 141 455 162
person 0.0013 235 128 250 151
person 0.0012 414 146 439 211
person 0.0012 289 90 316 137
person 0.0012 236 116 249 136
person 0.0012 354 143 381 201
person 0.0012 206 115 223 155
person 0.0011 331 183 424 264
pottedplant 0.8510 407 17 484 97
pottedplant 0.1973 214 48 308 122
pottedplant 0.0109 411 15 490 158
pottedplant 0.0043 444 23 491 112
pottedplant 0.0026 178 88 198 120
pottedplant 0.0020 208 23 347 181
pottedplant 0.0017 223 71 322 138
pottedplant 0.0010 285 111 304 157
sofa 0.0016 3 170 117 342
sofa 0.0013 229 132 314 213
