bicycle 0.4713 201 219 287 317
bicycle 0.3210 267 214 403 324
bicycle 0.3056 129 221 227 353
bicycle 0.2824 331 226 412 322
bicycle 0.0407 158 176 240 325
bicycle 0.0353 124 219 203 294
bicycle 0.0335 153 220 245 293
bicycle 0.0327 256 215 343 302
bicycle 0.0245 220 160 289 304
bicycle 0.0221 201 217 247 291
bicycle 0.0216 251 225 299 316
bicycle 0.0197 172 204 227 300
bicycle 0.0191 217 185 267 292
bicycle 0.0176 223 230 327 316
bicycle 0.0167 271 187 328 284
bicycle 0.0132 328 212 385 302
bicycle 0.0131 308 214 365 300
bicycle 0.0090 293 148 385 314
bicycle 0.0081 171 207 275 338
bicycle 0.0077 363 213 409 304
bicycle 0.0073 153 224 211 320
bicycle 0.0048 377 42 413 126
bicycle 0.0041 174 236 228 341
bicycle 0.0026 275 169 354 302
bicycle 0.0026 352 248 422 327
bicycle 0.0025 236 246 287 323
bicycle 0.0020 228 64 241 85
bicycle 0.0020 172 198 264 281
bicycle 0.0020 124 202 172 281
bicycle 0.0018 225 156 325 238
bicycle 0.0018 215 241 275 294
bicycle 0.0017 259 187 303 287
bicycle 0.0017 292 171 340 258
bicycle 0.0016 138 239 191 335
bicycle 0.0016 229 199 324 280
bicycle 0.0014 166 165 326 299
bicycle 0.0014 154 269 237 349
bicycle 0.0013 368 227 410 271
bicycle 0.0011 274 159 323 239
bicycle 0.0010 122 226 173 311
bird 0.0011 382 112 399 131
bird 0.0010 351 133 366 156
bird 0.0010 323 103 336 125
boat 0.0010 391 38 410 56
bottle 0.0191 220 130 231 157
bottle 0.0093 228 64 241 85
bottle 0.0076 171 161 184 183
bottle 0.0071 215 191 237 250
bottle 0.0070 188 169 203 191
bottle 0.0067 246 63 260 88
bottle 0.0066 284 161 301 184
bottle 0.0057 325 168 338 194
bottle 0.0045 179 162 196 182
bottle 0.0042 391 38 410 56
bottle 0.0039 188 151 203 173
bottle 0.0036 228 151 283 249
bottle 0.0036 325 158 337 187
bottle 0.0035 305 112 319 135
bottle 0.0034 236 123 251 144
bottle 0.0032 322 48 337 69
bottle 0.0032 167 247 188 293
bottle 0.0031 258 66 270 87
bottle 0.0031 374 226 403 271
bottle 0.0028 260 213 286 266
bottle 0.0028 235 131 251 156
bottle 0.0028 258 123 273 142
bottle 0.0028 267 65 280 86
bottle 0.0026 179 152 195 173
bottle 0.0025 221 67 233 85
bottle 0.0024 244 214 268 264
bottle 0.0024 256 112 272 135
bottle 0.0023 303 182 321 201
bottle 0.0023 252 213 277 266
bottle 0.0023 266 55 279 79
bottle 0.0022 173 150 183 175
bottle 0.0022 265 121 278 145
bottle 0.0021 234 143 254 165
bottle 0.0021 163 199 177 224
bottle 0.0021 266 101 280 127
bottle 0.0020 305 103 319 127
bottle 0.0020 245 75 262 96
bottle 0.0019 162 208 176 233
bottle 0.0019 324 149 336 177
bottle 0.0018 323 103 336 125
bottle 0.0018 266 110 279 136
bottle 0.0018 311 211 334 267
bottle 0.0018 219 179 231 206
bottle 0.0018 266 186 279 215
bottle 0.0018 321 160 341 203
bottle 0.0018 215 206 240 270
bottle 0.0016 316 171 330 192
bottle 0.0016 266 209 280 233
bottle 0.0016 217 232 272 286
bottle 0.0016 370 31 384 45
bottle 0.0015 170 163 228 271
bottle 0.0015 305 93 317 118
bottle 0.0015 242 58 264 94
bottle 0.0014 151 171 165 192
bottle 0.0014 199 170 213 192
bottle 0.0014 325 140 335 168
bottle 0.0013 183 154 206 191
bottle 0.0013 285 87 301 105
bottle 0.0013 298 211 326 268
bottle 0.0013 351 133 366 156
bottle 0.0013 219 102 232 126
bottle 0.0013 266 218 281 242
bottle 0.0013 382 103 398 127
bottle 0.0013 293 172 311 192
bottle 0.0012 221 121 231 149
bottle 0.0012 191 247 219 290
bottle 0.0012 276 183 329 221
bottle 0.0012 257 74 270 93
bottle 0.0012 254 142 273 165
bottle 0.0011 324 178 339 202
bottle 0.0011 314 182 331 201
bottle 0.0011 134 235 182 284
bottle 0.0011 304 121 320 144
bottle 0.0011 263 178 283 222
bottle 0.0011 220 218 247 279
bottle 0.0011 125 214 172 267
bottle 0.0011 246 56 260 78
bottle 0.0011 279 215 306 264
bottle 0.0010 255 103 273 126
bottle 0.0010 348 132 369 172
bottle 0.0010 234 161 254 223
bottle 0.0010 216 178 236 225
bottle 0.0010 199 131 211 156
bottle 0.0010 227 123 244 145
bottle 0.0010 275 66 289 85
bottle 0.0010 245 143 261 165
bottle 0.0010 228 57 243 78
bottle 0.0010 179 141 194 166
bottle 0.0010 143 243 172 294
bottle 0.0010 237 63 253 86
bottle 0.0010 159 199 179 240
bus 0.0027 263 34 282 81
car 0.0263 391 38 410 56
car 0.0059 322 48 337 69
car 0.0044 262 27 282 68
car 0.0041 228 64 241 85
car 0.0024 266 55 279 79
car 0.0019 228 57 243 78
car 0.0017 265 45 280 70
car 0.0015 377 42 413 126
car 0.0014 246 56 260 78
car 0.0012 222 59 266 93
car 0.0011 396 40 416 57
car 0.0010 246 63 260 88
cat 0.0016 228 151 283 249
cat 0.0011 139 114 160 153
cat 0.0011 374 226 403 271
cat 0.0010 323 103 336 125
chair 0.3399 205 86 226 124
chair 0.2601 281 91 305 123
chair 0.0837 183 126 209 160
chair 0.0746 199 83 218 126
chair 0.0680 282 103 303 127
chair 0.0593 274 99 311 128
chair 0.0533 206 84 224 107
chair 0.0518 186 92 208 137
chair 0.0513 214 84 235 126
chair 0.0485 291 95 314 132
chair 0.0412 176 123 198 163
chair 0.0399 285 87 301 105
chair 0.0378 266 101 280 127
chair 0.0257 219 102 232 126
chair 0.0246 170 118 187 167
chair 0.0238 305 112 319 135
chair 0.0227 140 118 178 194
chair 0.0226 323 103 336 125
chair 0.0202 305 103 319 127
chair 0.0198 267 65 280 86
chair 0.0198 199 131 211 156
chair 0.0192 169 85 188 145
chair 0.0171 201 83 214 109
chair 0.0166 218 90 232 119
chair 0.0160 384 97 412 130
chair 0.0154 276 92 295 119
chair 0.0154 179 141 194 166
chair 0.0154 228 64 241 85
chair 0.0152 188 141 204 165
chair 0.0150 258 123 273 142
chair 0.0150 313 112 330 134
chair 0.0143 208 101 224 126
chair 0.0142 264 95 283 131
chair 0.0141 377 53 399 100
chair 0.0141 305 93 317 118
chair 0.0137 268 91 281 120
chair 0.0134 369 62 391 110
chair 0.0134 265 121 278 145
chair 0.0130 275 102 294 125
chair 0.0129 296 121 312 143
chair 0.0126 228 102 242 126
chair 0.0124 314 105 330 123
chair 0.0123 277 85 294 106
chair 0.0122 179 128 194 158
chair 0.0116 220 130 231 157
chair 0.0116 163 105 199 176
chair 0.0115 281 104 307 142
chair 0.0115 276 75 292 94
chair 0.0114 386 112 408 132
chair 0.0113 308 114 333 153
chair 0.0112 382 103 398 127
chair 0.0109 294 93 310 117
chair 0.0109 176 109 218 172
chair 0.0100 266 110 279 136
chair 0.0098 188 151 203 173
chair 0.0096 225 85 245 124
chair 0.0096 377 42 413 126
chair 0.0095 275 66 289 85
chair 0.0092 294 88 309 105
chair 0.0086 179 162 196 182
chair 0.0085 195 126 214 163
chair 0.0084 200 99 213 127
chair 0.0084 177 85 197 144
chair 0.0082 296 110 311 136
chair 0.0080 268 74 281 95
chair 0.0080 187 123 206 145
chair 0.0078 199 137 211 165
chair 0.0078 228 151 283 249
chair 0.0078 252 106 277 140
chair 0.0076 286 76 299 96
chair 0.0070 171 161 184 183
chair 0.0069 304 121 320 144
chair 0.0067 155 155 180 189
chair 0.0064 310 132 333 173
chair 0.0063 377 70 398 121
chair 0.0063 246 63 260 88
chair 0.0061 370 80 391 126
chair 0.0060 177 135 214 170
chair 0.0059 302 106 323 141
chair 0.0059 184 143 207 180
chair 0.0058 228 113 243 134
chair 0.0056 274 80 298 114
chair 0.0056 218 84 233 108
chair 0.0055 298 120 337 193
chair 0.0055 390 40 411 92
chair 0.0055 188 113 206 135
chair 0.0054 180 120 194 147
chair 0.0052 360 62 379 108
chair 0.0052 156 110 180 176
chair 0.0051 256 112 272 135
chair 0.0051 220 110 232 135
chair 0.0051 268 84 282 107
chair 0.0050 187 72 207 123
chair 0.0050 43 76 64 134
chair 0.0048 221 121 231 149
chair 0.0048 302 88 320 125
chair 0.0047 391 38 410 56
chair 0.0047 227 123 244 145
chair 0.0046 171 171 226 293
chair 0.0045 285 112 303 133
diningtable 0.0214 273 91 312 123
diningtable 0.0065 178 127 213 161
diningtable 0.0064 216 113 297 166
diningtable 0.0064 205 86 226 124
diningtable 0.0048 264 97 304 128
diningtable 0.0039 225 156 325 238
diningtable 0.0023 282 98 321 130
diningtable 0.0023 199 83 218 126
diningtable 0.0023 183 133 209 171
diningtable 0.0022 140 118 178 194
diningtable 0.0020 197 134 284 180
diningtable 0.0019 163 119 201 191
diningtable 0.0018 158 127 340 259
diningtable 0.0018 214 84 235 126
diningtable 0.0017 228 151 283 249
diningtable 0.0017 219 93 295 141
diningtable 0.0016 231 130 326 184
diningtable 0.0015 271 107 312 140
diningtable 0.0014 233 67 274 103
diningtable 0.0014 129 219 230 297
diningtable 0.0013 163 128 233 184
diningtable 0.0013 217 148 294 211
diningtable 0.0013 165 116 277 166
diningtable 0.0013 186 78 208 133
diningtable 0.0012 284 93 302 119
diningtable 0.0011 170 118 187 167
diningtable 0.0011 228 64 241 85
diningtable 0.0010 162 167 236 265
diningtable 0.0010 251 87 299 124
diningtable 0.0010 176 109 218 172
diningtable 0.0010 246 63 260 88
dog 0.0112 170 163 228 271
dog 0.0089 228 151 283 249
dog 0.0025 210 230 260 286
dog 0.0017 374 226 403 271
dog 0.0017 281 91 305 123
dog 0.0014 214 217 241 278
dog 0.0012 215 191 237 250
dog 0.0012 277 195 327 246
dog 0.0011 205 86 226 124
dog 0.0010 240 254 288 303
motorbike 0.0026 272 174 327 257
motorbike 0.0022 129 221 227 353
motorbike 0.0020 220 160 289 304
motorbike 0.0015 228 64 241 85
motorbike 0.0014 293 148 385 314
person 0.9377 314 134 389 291
person 0.6627 229 152 281 272
person 0.5075 164 166 233 300
person 0.0727 246 63 260 88
person 0.0639 242 58 264 94
person 0.0578 246 56 260 78
person 0.0432 228 64 241 85
person 0.0289 217 185 267 292
person 0.0210 237 56 253 78
person 0.0196 175 156 224 245
person 0.0191 258 66 270 87
person 0.0165 237 63 253 86
person 0.0148 296 151 383 247
person 0.0131 266 55 279 79
person 0.0123 259 55 269 79
person 0.0113 228 57 243 78
person 0.0100 271 187 328 284
person 0.0088 267 65 280 86
person 0.0088 247 51 259 68
person 0.0084 233 59 257 93
person 0.0071 258 165 303 262
person 0.0070 245 75 262 96
person 0.0061 233 150 320 283
person 0.0057 292 171 340 258
person 0.0044 201 190 244 285
person 0.0042 237 52 252 67
person 0.0037 257 74 270 93
person 0.0037 322 48 337 69
person 0.0035 225 50 247 86
person 0.0035 391 38 410 56
person 0.0034 306 183 402 316
person 0.0029 175 151 264 284
person 0.0027 221 67 233 85
person 0.0026 260 48 271 69
person 0.0025 275 66 289 85
person 0.0024 222 57 233 78
person 0.0023 285 67 298 87
person 0.0023 228 72 240 96
person 0.0022 281 91 305 123
person 0.0022 206 84 224 107
person 0.0022 170 58 186 75
person 0.0022 215 191 237 250
person 0.0021 140 118 178 194
person 0.0021 264 46 281 88
person 0.0021 323 103 336 125
person 0.0019 205 86 226 124
person 0.0019 275 169 354 302
person 0.0018 370 31 384 45
person 0.0018 121 169 201 307
person 0.0018 489 31 499 120
person 0.0018 170 110 187 161
person 0.0017 163 80 198 162
person 0.0015 169 85 188 145
person 0.0015 158 207 210 301
person 0.0015 215 206 240 270
person 0.0015 201 83 214 109
person 0.0014 265 45 280 70
person 0.0014 312 169 363 297
person 0.0014 220 130 231 157
person 0.0014 333 128 381 226
person 0.0013 390 40 411 92
person 0.0012 176 123 198 163
person 0.0012 199 83 218 126
person 0.0011 226 63 244 106
person 0.0011 346 133 388 263
person 0.0011 254 58 274 93
person 0.0010 318 47 331 70
person 0.0010 295 66 306 87
person 0.0010 262 27 282 68
person 0.0010 221 136 259 220
person 0.0010 284 161 301 184
person 0.0010 285 87 301 105
person 0.0010 201 76 212 100
pottedplant 0.8903 453 94 494 193
pottedplant 0.1991 233 97 275 132
pottedplant 0.1104 234 143 254 165
pottedplant 0.1063 472 88 497 189
pottedplant 0.0958 377 62 397 111
pottedplant 0.0626 310 132 333 173
pottedplant 0.0621 255 103 273 126
pottedplant 0.0456 220 130 231 157
pottedplant 0.0404 230 126 255 161
pottedplant 0.0351 188 151 203 173
pottedplant 0.0332 370 70 391 118
pottedplant 0.0300 233 77 274 113
pottedplant 0.0290 226 138 263 167
pottedplant 0.0289 284 161 301 184
pottedplant 0.0271 267 65 280 86
pottedplant 0.0271 378 80 399 128
pottedplant 0.0263 179 152 195 173
pottedplant 0.0258 314 140 330 165
pottedplant 0.0251 256 112 272 135
pottedplant 0.0245 236 88 269 124
pottedplant 0.0242 244 113 263 133
pottedplant 0.0237 243 103 265 125
pottedplant 0.0233 225 85 245 124
pottedplant 0.0232 183 126 209 160
pottedplant 0.0213 308 114 333 153
pottedplant 0.0211 252 146 295 180
pottedplant 0.0210 235 131 251 156
pottedplant 0.0207 266 55 279 79
pottedplant 0.0205 236 123 251 144
pottedplant 0.0205 370 31 384 45
pottedplant 0.0203 183 154 206 191
pottedplant 0.0200 255 94 273 116
pottedplant 0.0198 322 48 337 69
pottedplant 0.0191 252 106 277 140
pottedplant 0.0191 325 140 335 168
pottedplant 0.0189 179 162 196 182
pottedplant 0.0187 391 38 410 56
pottedplant 0.0186 261 153 287 192
pottedplant 0.0185 234 103 252 126
pottedplant 0.0180 324 149 336 177
pottedplant 0.0176 235 114 253 134
pottedplant 0.0167 226 142 246 163
pottedplant 0.0165 381 70 394 101
pottedplant 0.0159 275 66 289 85
pottedplant 0.0155 188 160 203 184
pottedplant 0.0150 313 132 330 155
pottedplant 0.0147 228 102 242 126
pottedplant 0.0144 175 143 200 181
pottedplant 0.0144 170 58 186 75
pottedplant 0.0144 385 79 411 131
pottedplant 0.0143 244 85 263 104
pottedplant 0.0140 251 88 277 122
pottedplant 0.0135 321 160 341 203
pottedplant 0.0131 325 158 337 187
pottedplant 0.0131 240 66 267 104
pottedplant 0.0131 228 64 241 85
pottedplant 0.0120 285 67 298 87
pottedplant 0.0120 462 96 485 172
pottedplant 0.0117 240 106 268 139
pottedplant 0.0108 179 141 194 166
pottedplant 0.0108 234 94 252 117
pottedplant 0.0108 245 75 262 96
pottedplant 0.0108 226 131 245 156
pottedplant 0.0107 325 168 338 194
pottedplant 0.0101 388 103 409 126
pottedplant 0.0097 315 149 330 174
pottedplant 0.0092 386 112 408 132
pottedplant 0.0092 176 123 198 163
pottedplant 0.0089 258 66 270 87
pottedplant 0.0088 285 87 301 105
pottedplant 0.0088 188 141 204 165
pottedplant 0.0088 227 123 244 145
pottedplant 0.0086 312 121 329 145
pottedplant 0.0086 382 103 398 127
pottedplant 0.0086 305 112 319 135
pottedplant 0.0085 266 101 280 127
pottedplant 0.0084 191 247 219 290
pottedplant 0.0082 206 84 224 107
pottedplant 0.0082 258 123 273 142
pottedplant 0.0081 323 103 336 125
pottedplant 0.0079 269 156 298 190
pottedplant 0.0078 242 94 265 116
pottedplant 0.0076 254 142 273 165
pottedplant 0.0072 214 84 235 126
pottedplant 0.0071 245 143 261 165
pottedplant 0.0069 320 144 339 183
pottedplant 0.0069 286 76 299 96
pottedplant 0.0069 243 138 284 170
pottedplant 0.0067 257 74 270 93
pottedplant 0.0066 373 81 388 108
pottedplant 0.0065 313 145 334 198
pottedplant 0.0064 231 147 259 175
pottedplant 0.0064 265 159 283 185
pottedplant 0.0064 264 150 284 177
pottedplant 0.0063 396 78 418 131
pottedplant 0.0063 313 112 330 134
pottedplant 0.0063 381 91 396 119
pottedplant 0.0062 264 46 281 88
pottedplant 0.0059 304 121 320 144
pottedplant 0.0054 256 84 271 104
sofa 0.0146 273 91 312 123
sofa 0.0091 219 155 294 244
sofa 0.0087 178 127 213 161
sofa 0.0054 205 86 226 124
sofa 0.0031 282 97 305 129
sofa 0.0028 162 167 236 265
sofa 0.0027 140 118 178 194
sofa 0.0020 1 78 65 206
sofa 0.0014 183 133 209 171
sofa 0.0012 233 77 274 113
sofa 0.0011 199 83 218 126
sofa 0.0010 175 156 224 245
tvmonitor 0.0537 391 38 410 56
tvmonitor 0.0183 12 82 55 128
tvmonitor 0.0115 1 78 57 162
tvmonitor 0.0107 322 48 337 69
tvmonitor 0.0093 43 71 65 124
tvmonitor 0.0057 228 64 241 85
tvmonitor 0.0050 206 84 224 107
tvmonitor 0.0049 285 87 301 105
tvmonitor 0.0046 262 27 282 68
tvmonitor 0.0036 1 89 47 138
tvmonitor 0.0026 179 162 196 182
tvmonitor 0.0021 284 93 302 119
tvmonitor 0.0021 267 65 280 86
tvmonitor 0.0019 228 57 243 78
tvmonitor 0.0019 391 35 413 77
tvmonitor 0.0017 246 63 260 88
tvmonitor 0.0015 33 79 55 130
tvmonitor 0.0014 266 55 279 79
tvmonitor 0.0014 220 130 231 157
tvmonitor 0.0013 187 131 206 156
tvmonitor 0.0012 265 45 280 70
tvmonitor 0.0011 171 161 184 183
tvmonitor 0.0011 396 40 416 57
tvmonitor 0.0011 275 66 289 85
tvmonitor 0.0011 276 75 292 94
