bottle 0.0011 184 148 227 194
car 0.0030 112 116 402 316
chair 0.4385 424 181 465 264
chair 0.1837 351 169 397 237
chair 0.1077 112 116 402 316
chair 0.0449 473 215 498 276
chair 0.0431 423 175 450 244
chair 0.0200 4 125 155 317
chair 0.0199 375 168 397 213
chair 0.0154 368 221 460 307
chair 0.0096 335 183 385 216
chair 0.0073 474 160 499 285
chair 0.0064 353 180 397 300
chair 0.0059 449 174 491 271
chair 0.0058 485 206 501 287
chair 0.0050 365 181 408 254
chair 0.0044 453 215 499 306
chair 0.0042 419 182 441 253
chair 0.0026 145 132 218 223
chair 0.0020 310 161 397 220
chair 0.0019 401 247 499 309
chair 0.0014 464 218 489 271
chair 0.0014 374 183 452 254
chair 0.0013 410 214 459 306
chair 0.0012 474 225 500 328
chair 0.0011 489 231 501 324
chair 0.0011 453 207 476 269
diningtable 0.0157 368 221 460 307
diningtable 0.0110 424 181 465 264
diningtable 0.0029 401 247 499 309
diningtable 0.0017 -2 127 148 312
diningtable 0.0014 473 215 498 276
person 0.9926 150 85 403 315
person 0.9334 0 104 147 283
person 0.9009 146 115 211 216
person 0.0514 144 117 221 293
person 0.0298 171 123 224 207
person 0.0277 26 131 44 153
person 0.0221 20 130 47 170
person 0.0159 31 129 49 150
person 0.0142 -8 92 360 311
person 0.0062 8 123 50 205
person 0.0056 24 138 41 159
person 0.0048 51 106 150 236
person 0.0048 1 108 63 306
person 0.0029 242 85 395 233
person 0.0029 24 126 58 156
person 0.0028 184 148 227 194
person 0.0020 98 122 150 214
person 0.0016 148 88 244 209
person 0.0015 9 139 37 181
person 0.0011 138 69 372 169
person 0.0011 32 124 51 143
person 0.0010 191 140 219 182
pottedplant 0.0122 472 134 499 167
pottedplant 0.0011 484 125 501 177
pottedplant 0.0011 488 138 500 164
sofa 0.0752 112 116 402 316
sofa 0.0035 4 125 155 317
sofa 0.0015 424 181 465 264
tvmonitor 0.0064 112 116 402 316
tvmonitor 0.0023 4 125 155 317
