bicycle 0.0011 314 213 331 258
bus 0.0029 320 180 346 227
bus 0.0029 328 178 354 230
bus 0.0012 372 179 406 265
bus 0.0012 292 185 349 220
bus 0.0010 273 194 331 230
car 0.0019 304 204 322 220
car 0.0015 235 156 294 189
car 0.0011 336 208 346 237
motorbike 0.0011 336 208 346 237
person 0.9250 373 200 405 295
person 0.6367 315 205 331 254
person 0.2371 336 208 346 237
person 0.0672 326 208 337 237
person 0.0564 320 208 338 249
person 0.0352 343 208 354 238
person 0.0243 317 208 329 236
person 0.0108 413 212 448 297
person 0.0081 359 209 376 252
person 0.0070 308 211 321 231
person 0.0063 332 208 349 245
person 0.0062 307 204 324 253
person 0.0061 332 188 352 238
person 0.0050 445 -53 497 250
person 0.0044 336 200 348 226
person 0.0044 354 216 366 242
person 0.0039 317 203 329 222
person 0.0034 478 -26 499 185
person 0.0033 490 148 499 256
person 0.0028 341 208 358 246
person 0.0028 440 221 459 280
person 0.0025 315 221 328 255
person 0.0024 326 204 339 224
person 0.0022 340 186 358 239
person 0.0020 444 234 465 282
person 0.0016 304 204 322 220
person 0.0013 479 150 499 317
person 0.0013 303 209 342 251
person 0.0013 390 205 405 295
person 0.0012 377 196 403 249
person 0.0010 309 213 321 243
person 0.0010 392 203 428 294
person 0.0010 491 217 499 320
person 0.0010 469 -75 499 305
person 0.0010 351 212 370 248
pottedplant 0.0031 96 -3 197 55
pottedplant 0.0023 444 234 465 282
train 0.9997 5 67 321 379
train 0.0014 320 180 346 227
train 0.0013 302 183 340 247
train 0.0012 292 185 349 220
train 0.0011 316 182 355 245
train 0.0011 273 194 331 230
train 0.0011 328 178 354 230
