boat 0.0023 491 200 500 220
boat 0.0014 489 153 500 226
bus 0.0027 169 191 186 210
bus 0.0019 252 168 456 223
bus 0.0015 489 153 500 226
bus 0.0014 166 186 190 215
car 0.0120 491 200 500 220
car 0.0065 169 191 186 210
car 0.0026 178 192 194 209
car 0.0025 473 156 500 202
car 0.0024 187 194 207 207
car 0.0016 177 185 195 199
car 0.0012 169 184 186 200
car 0.0010 457 162 496 194
person 0.0112 169 191 186 210
person 0.0025 489 153 500 226
person 0.0022 178 192 194 209
person 0.0021 180 198 192 214
person 0.0020 162 190 174 210
person 0.0016 389 201 407 220
person 0.0015 323 179 339 201
person 0.0015 320 176 341 222
person 0.0012 169 184 186 200
person 0.0011 316 178 328 201
pottedplant 0.0021 169 191 186 210
train 0.9687 200 148 445 230
train 0.0462 286 166 457 221
train 0.0023 5 167 127 226
train 0.0021 117 132 397 220
train 0.0015 203 151 292 229
train 0.0014 169 191 186 210
train 0.0011 162 188 212 213
