bottle 0.0657 167 146 186 219
bottle 0.0361 169 135 187 194
bottle 0.0275 159 157 180 207
bottle 0.0164 63 130 81 194
bottle 0.0149 175 147 193 198
bottle 0.0067 73 146 88 198
bottle 0.0044 183 137 208 189
bottle 0.0043 222 223 248 274
bottle 0.0043 166 136 201 225
bottle 0.0041 217 227 271 272
bottle 0.0032 0 198 21 307
bottle 0.0031 52 130 73 192
bottle 0.0029 179 153 190 189
bottle 0.0027 -1 240 29 296
bottle 0.0019 0 225 12 310
bottle 0.0019 75 155 86 190
bottle 0.0018 191 136 220 189
bottle 0.0016 178 138 219 225
bottle 0.0014 255 210 273 232
bottle 0.0013 217 203 302 274
bottle 0.0011 230 226 258 271
bottle 0.0010 43 117 64 188
chair 0.0293 216 106 490 399
chair 0.0011 215 23 498 293
person 0.9949 181 35 504 352
person 0.9622 72 51 210 374
person 0.0048 55 52 352 383
person 0.0017 207 66 367 231
person 0.0013 52 130 73 192
person 0.0013 63 130 81 194
sofa 0.0201 176 46 507 378
tvmonitor 0.9599 -4 5 48 124
tvmonitor 0.0173 -1 -11 54 199
tvmonitor 0.0017 66 49 200 165
