bottle 0.9706 180 4 365 412
bottle 0.2584 57 30 162 468
bottle 0.1362 59 78 320 500
bottle 0.0691 121 -1 348 266
bottle 0.0575 1 0 155 132
bottle 0.0310 319 33 375 252
bottle 0.0153 0 4 91 173
bottle 0.0149 74 -14 158 227
bottle 0.0129 99 9 146 121
bottle 0.0092 266 54 354 243
bottle 0.0071 148 6 377 123
bottle 0.0055 57 5 145 89
bottle 0.0055 113 0 156 97
bottle 0.0050 147 155 232 372
bottle 0.0042 293 81 370 275
bottle 0.0038 -5 -48 85 286
bottle 0.0038 36 -21 169 301
bottle 0.0034 284 -3 375 219
bottle 0.0031 18 0 142 59
bottle 0.0030 19 3 275 123
bottle 0.0023 219 150 363 488
bottle 0.0021 53 40 106 129
bottle 0.0017 36 -1 127 176
bottle 0.0016 102 -1 173 177
bottle 0.0016 113 -6 135 70
bottle 0.0013 35 26 127 105
bottle 0.0012 56 -27 397 385
bottle 0.0012 215 97 330 384
bottle 0.0011 73 15 128 116
bottle 0.0010 102 0 210 57
diningtable 0.0016 8 54 367 513
person 0.0467 1 0 155 132
person 0.0032 23 487 51 499
person 0.0022 55 0 144 59
person 0.0022 214 4 392 129
person 0.0018 19 3 275 123
person 0.0016 -12 448 138 502
person 0.0013 30 488 62 500
person 0.0013 7 475 68 499
person 0.0010 -18 -3 172 69
