bus 0.6536 285 134 456 331
bus 0.0954 272 145 369 314
bus 0.0026 364 149 454 320
car 0.0296 285 134 456 331
car 0.0212 278 142 379 320
person 0.0594 364 172 393 297
person 0.0075 389 188 408 210
person 0.0047 397 190 416 210
person 0.0038 362 169 378 194
person 0.0036 363 163 391 202
person 0.0022 364 164 377 185
person 0.0020 377 185 420 213
person 0.0020 360 166 381 218
person 0.0019 349 147 441 318
person 0.0015 364 178 392 225
person 0.0014 384 176 410 208
person 0.0012 361 151 397 241
sheep 0.0055 395 -99 510 139
train 0.0039 285 134 456 331
train 0.0010 272 145 369 314
