bicycle 0.0034 82 289 178 380
bicycle 0.0016 79 195 161 364
bicycle 0.0013 83 259 177 347
bird 0.0027 112 284 162 379
boat 0.0025 82 289 178 380
bottle 0.0043 125 287 139 317
bottle 0.0043 122 266 143 321
bottle 0.0016 119 288 130 316
chair 0.0061 79 285 169 379
cow 0.0022 87 190 250 368
dog 0.0056 79 265 166 365
dog 0.0029 122 266 143 321
dog 0.0027 112 284 162 379
horse 0.9240 87 190 250 368
horse 0.0186 83 183 157 339
horse 0.0097 82 289 178 380
horse 0.0034 80 258 162 347
horse 0.0021 70 246 212 381
horse 0.0019 165 208 254 350
horse 0.0019 112 194 154 316
horse 0.0018 99 190 144 286
horse 0.0010 107 174 210 319
motorbike 0.0092 79 195 161 364
motorbike 0.0033 82 270 177 369
person 0.5616 79 254 165 378
person 0.1717 109 268 160 369
person 0.0797 122 266 143 321
person 0.0284 99 190 144 286
person 0.0277 128 280 153 326
person 0.0259 83 183 157 339
person 0.0161 127 275 172 363
person 0.0085 125 287 139 317
person 0.0081 112 194 154 316
person 0.0064 126 258 153 310
person 0.0053 133 289 148 316
person 0.0048 121 290 161 332
person 0.0041 127 249 155 282
person 0.0031 135 294 165 348
person 0.0030 133 299 150 321
person 0.0029 78 270 129 361
person 0.0028 137 285 163 322
person 0.0027 109 300 193 372
person 0.0027 92 229 146 331
person 0.0018 141 292 159 314
person 0.0018 131 253 152 275
person 0.0016 125 269 139 296
person 0.0016 133 280 147 307
person 0.0015 110 181 211 343
person 0.0014 120 293 147 347
person 0.0014 115 275 135 326
person 0.0014 122 255 160 293
person 0.0013 126 315 177 364
person 0.0011 111 270 153 319
person 0.0011 85 319 178 385
person 0.0011 165 208 254 350
person 0.0011 141 300 158 322
sofa 0.0016 82 289 178 380
