bicycle 0.0017 362 119 417 148
bicycle 0.0012 346 119 436 196
bicycle 0.0011 5 190 237 380
bottle 0.0013 390 122 408 145
bottle 0.0013 397 121 415 142
car 0.0141 384 114 488 200
car 0.0032 5 180 215 352
car 0.0019 346 119 436 196
car 0.0017 422 117 471 150
car 0.0016 320 123 483 237
car 0.0016 178 130 350 270
car 0.0012 330 113 422 172
car 0.0012 366 115 457 170
dog 0.0026 362 119 417 148
dog 0.0026 386 116 413 150
motorbike 0.9952 0 163 242 366
motorbike 0.9623 196 134 366 298
motorbike 0.5776 320 123 483 237
motorbike 0.1898 223 124 425 263
motorbike 0.1674 405 114 495 207
motorbike 0.0280 346 119 436 196
motorbike 0.0267 101 162 246 292
motorbike 0.0074 269 133 363 216
motorbike 0.0065 0 182 143 343
motorbike 0.0063 389 112 481 175
motorbike 0.0061 246 108 415 210
motorbike 0.0046 123 140 317 248
motorbike 0.0042 303 127 412 194
motorbike 0.0034 265 121 367 276
motorbike 0.0032 179 163 230 267
motorbike 0.0028 155 173 248 258
motorbike 0.0026 -3 179 71 333
motorbike 0.0019 362 119 417 148
motorbike 0.0013 422 117 471 150
motorbike 0.0011 330 113 422 172
motorbike 0.0010 224 139 341 213
person 0.9793 44 52 99 199
person 0.1758 386 116 413 150
person 0.0385 329 122 425 198
person 0.0377 362 119 417 148
person 0.0311 197 123 374 276
person 0.0253 390 122 408 145
person 0.0230 256 135 343 215
person 0.0209 397 121 415 142
person 0.0205 345 121 396 148
person 0.0138 383 121 431 162
person 0.0124 386 115 433 197
person 0.0117 268 127 367 194
person 0.0058 350 115 437 171
person 0.0051 420 130 435 155
person 0.0050 289 125 461 245
person 0.0039 421 124 436 147
person 0.0036 421 115 483 206
person 0.0031 57 96 101 211
person 0.0031 416 123 437 160
person 0.0030 296 115 415 172
person 0.0029 395 117 439 152
person 0.0028 360 120 460 193
person 0.0021 408 124 426 144
person 0.0018 326 110 479 216
person 0.0016 404 112 460 201
person 0.0014 350 126 407 157
person 0.0013 284 132 342 158
person 0.0013 333 124 388 162
person 0.0011 300 133 343 170
person 0.0011 394 123 424 178
person 0.0010 7 162 241 311
person 0.0010 427 123 444 145
person 0.0010 378 124 401 144
person 0.0010 178 153 231 247
person 0.0010 331 123 382 226
