boat 0.8511 155 166 206 270
boat 0.2235 173 162 225 273
boat 0.0956 159 246 232 269
boat 0.0900 167 232 223 265
boat 0.0297 147 253 167 266
boat 0.0284 141 252 160 265
boat 0.0233 204 221 228 262
boat 0.0188 348 223 409 254
boat 0.0166 147 183 188 270
boat 0.0142 191 231 239 264
boat 0.0093 331 215 492 257
boat 0.0078 448 227 499 254
boat 0.0062 206 230 225 252
boat 0.0056 199 168 236 264
boat 0.0054 210 225 238 270
boat 0.0054 487 187 499 274
boat 0.0048 127 171 170 262
boat 0.0044 147 212 168 267
boat 0.0042 181 225 230 259
boat 0.0040 194 216 221 265
boat 0.0038 377 209 402 251
boat 0.0033 164 253 190 266
boat 0.0032 488 230 499 254
boat 0.0032 489 239 500 260
boat 0.0032 148 243 167 260
boat 0.0029 371 222 422 255
boat 0.0025 476 148 496 275
boat 0.0024 141 227 231 272
boat 0.0022 154 253 180 266
boat 0.0022 213 232 233 249
boat 0.0021 475 240 499 255
boat 0.0021 201 229 246 255
boat 0.0019 183 240 208 258
boat 0.0019 142 246 192 268
boat 0.0018 475 215 501 260
boat 0.0018 214 239 235 258
boat 0.0017 194 237 219 258
boat 0.0017 139 244 160 259
boat 0.0016 376 220 401 239
boat 0.0016 129 244 149 256
boat 0.0015 359 229 507 266
boat 0.0015 147 234 205 265
boat 0.0015 226 253 239 266
boat 0.0014 179 252 213 265
boat 0.0013 341 238 416 257
boat 0.0013 365 217 411 247
boat 0.0012 349 234 372 247
boat 0.0012 461 242 490 255
boat 0.0011 454 243 478 253
boat 0.0011 168 241 185 260
boat 0.0010 426 239 505 257
boat 0.0010 155 209 179 270
boat 0.0010 214 251 236 265
boat 0.0010 475 232 499 249
boat 0.0010 143 134 218 275
