bottle 0.0015 48 320 95 362
cat 0.0754 115 243 456 359
cat 0.0056 2 248 159 383
cat 0.0034 181 295 409 344
cat 0.0010 65 288 458 377
chair 0.2430 116 192 457 356
chair 0.0369 -1 247 141 385
chair 0.0148 83 182 131 266
chair 0.0061 0 239 66 386
chair 0.0055 1 291 89 382
chair 0.0052 107 291 460 371
chair 0.0021 0 250 27 379
chair 0.0018 132 312 422 357
chair 0.0011 181 295 409 344
diningtable 0.0053 70 246 456 358
diningtable 0.0010 -1 247 141 385
dog 0.0542 126 220 447 346
dog 0.0010 2 248 159 383
person 0.3019 126 220 447 346
person 0.0806 1 291 89 382
person 0.0776 -1 247 141 385
person 0.0073 0 239 66 386
person 0.0057 111 119 466 356
person 0.0039 37 296 144 379
person 0.0019 66 321 96 360
person 0.0014 8 276 120 362
person 0.0013 0 250 27 379
pottedplant 0.7314 -9 43 194 269
pottedplant 0.0231 -2 74 144 373
pottedplant 0.0197 35 60 205 184
pottedplant 0.0148 52 69 190 139
pottedplant 0.0136 -3 48 142 195
pottedplant 0.0126 4 110 96 289
pottedplant 0.0092 289 101 377 234
pottedplant 0.0084 145 87 225 241
pottedplant 0.0052 81 70 246 235
pottedplant 0.0046 7 215 124 378
pottedplant 0.0037 0 -9 65 217
pottedplant 0.0035 140 95 366 210
pottedplant 0.0033 68 119 132 157
pottedplant 0.0032 43 163 83 269
pottedplant 0.0032 159 109 206 246
pottedplant 0.0032 1 97 59 373
pottedplant 0.0031 38 62 293 318
pottedplant 0.0028 0 35 54 136
pottedplant 0.0024 9 259 120 336
pottedplant 0.0022 244 97 407 206
pottedplant 0.0015 0 141 170 301
pottedplant 0.0012 83 182 131 266
sofa 0.5957 115 243 456 359
sofa 0.0588 -1 247 141 385
sofa 0.0030 0 239 66 386
sofa 0.0023 111 119 466 356
sofa 0.0016 65 288 458 377
sofa 0.0016 132 312 422 357
sofa 0.0014 181 295 409 344
tvmonitor 0.0032 1 291 89 382
tvmonitor 0.0032 -1 247 141 385
tvmonitor 0.0015 0 232 28 367
