bicycle 0.0010 0 248 12 322
boat 0.0010 402 257 501 327
bottle 0.0055 112 124 125 140
bottle 0.0054 128 153 147 174
bottle 0.0037 0 235 10 317
bottle 0.0034 0 214 24 328
bottle 0.0026 121 124 137 139
bottle 0.0026 491 235 500 262
bottle 0.0025 92 124 108 140
bottle 0.0024 102 124 116 141
bottle 0.0024 164 281 190 329
bottle 0.0022 130 124 145 140
bottle 0.0021 488 152 501 229
bottle 0.0019 0 187 8 308
bottle 0.0018 187 264 203 288
bottle 0.0017 111 299 166 332
bottle 0.0014 136 296 161 332
bottle 0.0013 158 280 179 328
bottle 0.0012 137 315 158 331
bottle 0.0011 138 305 159 327
bottle 0.0011 128 315 148 331
car 0.0087 159 165 282 226
car 0.0075 452 259 499 311
car 0.0015 56 132 365 221
chair 0.0236 385 284 493 333
chair 0.0140 402 257 501 327
chair 0.0122 286 188 381 338
chair 0.0070 41 190 128 317
chair 0.0067 446 254 499 323
chair 0.0056 128 153 147 174
chair 0.0053 0 214 24 328
chair 0.0051 250 133 383 277
chair 0.0039 23 171 177 329
chair 0.0032 488 152 501 229
chair 0.0032 295 196 345 336
chair 0.0028 89 215 168 319
chair 0.0027 445 194 497 308
chair 0.0027 0 179 96 331
chair 0.0022 216 154 372 339
chair 0.0021 109 148 219 209
chair 0.0021 290 149 372 237
chair 0.0020 69 210 272 330
chair 0.0019 16 149 324 332
chair 0.0018 106 146 152 177
chair 0.0017 379 301 475 330
chair 0.0017 328 152 379 273
chair 0.0016 76 165 216 233
chair 0.0014 336 214 382 331
chair 0.0014 159 165 282 226
chair 0.0013 75 134 221 185
chair 0.0012 0 255 11 333
chair 0.0012 162 151 211 194
chair 0.0011 121 152 139 174
chair 0.0010 88 185 197 244
diningtable 0.0110 71 287 250 331
diningtable 0.0026 385 284 493 333
diningtable 0.0021 159 165 282 226
diningtable 0.0020 402 257 501 327
dog 0.0034 97 211 161 323
person 0.9758 158 200 234 330
person 0.9699 222 198 300 331
person 0.9445 88 203 168 326
person 0.8587 280 172 361 330
person 0.2073 260 117 375 315
person 0.0966 253 127 344 261
person 0.0854 53 167 285 324
person 0.0554 315 146 385 326
person 0.0200 111 143 383 261
person 0.0185 23 171 177 329
person 0.0172 86 210 411 332
person 0.0161 270 131 330 230
person 0.0154 41 190 128 317
person 0.0083 0 235 10 317
person 0.0080 109 194 215 319
person 0.0069 36 147 234 274
person 0.0063 290 149 372 237
person 0.0060 0 214 24 328
person 0.0052 130 165 276 226
person 0.0051 99 198 182 274
person 0.0051 236 158 319 322
person 0.0050 105 163 216 233
person 0.0050 177 140 405 332
person 0.0049 162 151 211 194
person 0.0048 101 149 263 210
person 0.0045 246 209 395 331
person 0.0044 328 152 379 273
person 0.0026 336 214 382 331
person 0.0025 88 185 197 244
person 0.0022 47 131 297 220
person 0.0018 145 182 256 243
person 0.0017 0 200 91 336
person 0.0017 254 180 301 288
person 0.0015 270 159 321 261
person 0.0015 194 210 239 332
person 0.0014 272 190 322 314
person 0.0014 273 154 433 333
person 0.0014 265 172 370 251
person 0.0010 216 180 304 246
person 0.0010 108 197 130 241
pottedplant 0.0024 112 124 125 140
pottedplant 0.0017 121 124 137 139
pottedplant 0.0012 92 124 108 140
pottedplant 0.0010 0 214 24 328
sofa 0.5903 10 151 405 329
sofa 0.1228 56 145 360 259
sofa 0.1059 64 210 353 332
sofa 0.0270 402 257 501 327
sofa 0.0196 227 133 367 271
sofa 0.0173 48 168 220 326
sofa 0.0092 250 151 391 336
sofa 0.0060 446 254 499 323
sofa 0.0037 159 165 282 226
sofa 0.0036 -24 112 448 438
sofa 0.0028 47 131 297 220
sofa 0.0023 41 190 128 317
sofa 0.0022 76 165 216 233
sofa 0.0019 19 211 176 328
sofa 0.0017 445 194 497 308
sofa 0.0017 283 189 360 337
sofa 0.0016 101 149 263 210
sofa 0.0015 0 214 24 328
sofa 0.0011 88 185 197 244
sofa 0.0010 24 141 178 287
tvmonitor 0.0708 446 254 499 323
tvmonitor 0.0077 488 152 501 229
tvmonitor 0.0073 402 257 501 327
tvmonitor 0.0040 471 260 501 313
tvmonitor 0.0029 445 194 497 308
tvmonitor 0.0018 54 188 200 244
tvmonitor 0.0017 0 214 24 328
