aeroplane 0.0017 297 48 363 80
bicycle 0.0018 488 146 499 234
bicycle 0.0014 478 155 498 223
boat 0.0517 295 23 366 106
boat 0.0130 365 121 412 161
boat 0.0036 297 48 363 80
boat 0.0024 367 83 415 157
boat 0.0015 370 117 425 151
bus 0.0024 297 48 363 80
bus 0.0012 363 115 414 151
car 0.0064 488 146 499 234
car 0.0038 478 155 498 223
car 0.0026 425 73 445 89
car 0.0018 476 147 497 195
car 0.0016 489 161 498 198
car 0.0013 478 150 493 174
car 0.0010 372 50 425 80
motorbike 0.0042 478 152 497 208
motorbike 0.0020 488 146 499 234
motorbike 0.0010 474 103 499 159
person 0.0135 459 137 472 163
person 0.0134 478 152 497 208
person 0.0104 488 146 499 234
person 0.0060 455 96 476 130
person 0.0052 457 131 475 169
person 0.0049 478 150 493 174
person 0.0049 475 101 497 142
person 0.0040 448 130 463 154
person 0.0035 465 145 487 193
person 0.0030 489 153 497 189
person 0.0029 466 138 481 166
person 0.0028 478 105 494 126
person 0.0027 462 132 484 172
person 0.0026 237 124 253 143
person 0.0025 444 122 466 161
person 0.0022 474 142 497 182
person 0.0021 228 124 244 142
person 0.0021 467 146 482 176
person 0.0021 491 100 498 129
person 0.0020 104 125 118 144
person 0.0019 439 130 453 152
person 0.0017 460 95 472 117
person 0.0016 487 89 498 160
person 0.0014 467 100 482 129
person 0.0013 480 163 494 195
person 0.0013 469 155 483 182
person 0.0011 480 124 499 264
person 0.0010 473 115 499 169
train 0.9787 18 97 397 211
train 0.2153 295 23 366 106
train 0.0063 368 101 413 165
train 0.0061 297 48 363 80
train 0.0045 25 88 458 302
train 0.0032 137 106 295 168
train 0.0031 98 86 462 180
train 0.0020 355 88 434 155
train 0.0020 298 49 402 106
train 0.0012 367 105 455 163
train 0.0011 372 123 423 161
train 0.0011 411 105 497 168
