bottle 0.0083 136 155 171 246
bottle 0.0042 140 156 164 219
bottle 0.0040 124 153 141 220
bottle 0.0029 191 160 210 213
bottle 0.0024 119 157 156 245
bottle 0.0020 155 151 194 246
bottle 0.0014 164 160 181 233
car 0.0012 148 93 243 164
car 0.0011 0 141 88 225
chair 0.0941 288 179 331 267
chair 0.0624 -1 141 36 261
chair 0.0106 44 445 362 500
chair 0.0076 235 145 276 217
chair 0.0073 -15 447 142 501
chair 0.0069 249 178 334 264
chair 0.0055 244 281 336 475
chair 0.0052 30 155 82 237
chair 0.0043 97 470 330 499
chair 0.0040 -39 470 197 499
chair 0.0035 -2 193 36 276
chair 0.0030 234 145 319 220
chair 0.0030 213 90 260 192
chair 0.0027 -33 164 315 490
chair 0.0027 -2 192 18 260
chair 0.0025 244 111 332 255
chair 0.0019 283 99 330 142
chair 0.0018 -6 404 276 497
chair 0.0016 308 188 338 283
chair 0.0015 147 105 240 182
chair 0.0013 1 400 75 468
chair 0.0013 287 119 331 247
chair 0.0012 264 159 319 253
chair 0.0012 300 182 326 252
diningtable 0.9986 -13 167 345 488
diningtable 0.0208 -12 442 339 499
diningtable 0.0136 2 158 84 241
diningtable 0.0061 19 163 311 248
diningtable 0.0059 0 171 35 265
diningtable 0.0052 288 179 331 267
diningtable 0.0047 244 111 332 255
diningtable 0.0040 249 178 334 264
diningtable 0.0035 55 136 277 213
diningtable 0.0026 234 145 319 220
diningtable 0.0020 0 176 328 304
diningtable 0.0013 147 105 240 182
diningtable 0.0013 113 160 203 240
person 0.8085 74 110 122 185
person 0.3767 -2 133 35 234
person 0.2686 36 130 76 168
person 0.2145 1 136 32 182
person 0.0667 30 138 82 230
person 0.0349 113 57 159 153
person 0.0311 5 127 46 171
person 0.0233 -3 139 21 194
person 0.0216 156 38 206 85
person 0.0103 23 128 47 167
person 0.0090 27 137 44 161
person 0.0082 111 93 133 145
person 0.0078 79 111 110 167
person 0.0067 53 136 72 160
person 0.0066 214 83 257 173
person 0.0062 44 125 83 161
person 0.0056 113 72 131 128
person 0.0053 91 114 133 199
person 0.0052 45 137 66 159
person 0.0052 80 106 126 153
person 0.0048 60 115 106 203
person 0.0037 98 59 140 153
person 0.0036 4 130 85 196
person 0.0035 18 139 71 172
person 0.0035 227 91 271 199
person 0.0034 16 137 35 159
person 0.0033 12 118 57 163
person 0.0032 246 86 333 247
person 0.0029 151 36 199 130
person 0.0028 156 35 233 97
person 0.0028 94 92 136 169
person 0.0027 26 119 96 173
person 0.0027 73 108 102 155
person 0.0024 6 138 27 158
person 0.0024 10 138 39 195
person 0.0023 73 119 97 176
person 0.0022 0 144 15 172
person 0.0022 146 26 243 183
person 0.0022 62 101 135 214
person 0.0020 -5 133 54 192
person 0.0019 118 72 144 130
person 0.0018 287 119 331 247
person 0.0016 17 152 70 243
person 0.0015 103 67 127 131
person 0.0015 129 57 175 156
person 0.0013 7 155 25 178
person 0.0013 129 56 156 87
person 0.0012 0 171 35 265
person 0.0012 253 76 265 105
person 0.0011 16 145 34 167
person 0.0011 7 146 25 169
person 0.0011 -3 145 5 171
person 0.0010 225 76 248 123
sofa 0.0109 0 171 35 265
sofa 0.0058 2 158 84 241
sofa 0.0036 234 145 319 220
sofa 0.0033 288 179 331 267
sofa 0.0030 244 111 332 255
