bottle 0.0057 115 143 165 203
bottle 0.0015 149 136 183 208
bottle 0.0010 284 135 303 205
chair 0.0020 113 145 164 196
chair 0.0012 160 114 419 342
person 0.9957 162 56 472 333
person 0.0501 79 118 107 167
person 0.0175 94 50 348 340
person 0.0165 95 118 122 164
person 0.0149 66 106 111 173
person 0.0068 0 97 52 331
person 0.0051 81 114 122 195
person 0.0029 155 132 182 189
person 0.0026 -2 43 91 348
person 0.0022 156 42 343 150
person 0.0021 86 116 115 155
person 0.0018 179 62 330 277
person 0.0017 98 122 118 143
person 0.0016 113 145 164 196
person 0.0016 0 100 20 328
person 0.0014 4 60 191 342
person 0.0013 -3 -34 60 309
person 0.0011 300 76 502 340
person 0.0010 -1 21 32 373
person 0.0010 4 -29 498 306
tvmonitor 0.0122 113 145 164 196
tvmonitor 0.0015 315 16 495 161
