bicycle 0.0016 20 172 185 272
bird 0.0013 187 171 205 190
bottle 0.0228 361 162 377 182
bottle 0.0058 267 159 279 184
bottle 0.0057 427 133 445 157
bottle 0.0039 202 228 227 275
bottle 0.0033 372 161 387 182
bottle 0.0029 178 234 231 348
bottle 0.0022 268 150 279 177
bottle 0.0017 357 158 381 185
bottle 0.0016 353 161 367 182
bottle 0.0015 187 171 205 190
bottle 0.0014 152 163 166 184
bottle 0.0014 256 163 274 181
bottle 0.0014 178 303 234 351
bottle 0.0013 0 167 14 234
bottle 0.0012 189 163 205 185
bottle 0.0011 430 140 446 164
bottle 0.0011 489 130 498 158
bottle 0.0010 152 171 166 190
bottle 0.0010 177 172 198 189
car 0.0108 157 115 411 379
car 0.0010 361 162 377 182
cat 0.0013 187 171 205 190
chair 0.6769 403 241 500 378
chair 0.5011 58 178 116 284
chair 0.4729 157 115 411 379
chair 0.3171 75 170 131 270
chair 0.2050 8 173 36 227
chair 0.1568 2 171 26 230
chair 0.1123 6 165 88 227
chair 0.0844 0 167 14 234
chair 0.0660 98 170 149 268
chair 0.0658 20 172 185 272
chair 0.0647 137 186 190 277
chair 0.0631 174 182 229 283
chair 0.0522 157 185 209 279
chair 0.0425 191 170 244 258
chair 0.0405 85 168 243 284
chair 0.0390 394 154 475 363
chair 0.0367 115 172 168 266
chair 0.0263 65 166 107 233
chair 0.0260 43 179 93 284
chair 0.0215 19 173 44 227
chair 0.0147 436 151 469 226
chair 0.0146 88 252 237 369
chair 0.0123 223 169 250 215
chair 0.0108 20 174 67 226
chair 0.0100 -3 290 92 377
chair 0.0098 174 162 259 310
chair 0.0090 440 268 500 383
chair 0.0089 187 171 205 190
chair 0.0087 377 148 414 235
chair 0.0084 67 158 99 207
chair 0.0077 78 167 167 294
chair 0.0069 164 172 190 189
chair 0.0063 137 175 230 263
chair 0.0058 160 163 206 239
chair 0.0057 177 172 198 189
chair 0.0051 0 178 92 376
chair 0.0048 214 157 259 232
chair 0.0045 0 162 44 206
chair 0.0043 47 174 130 323
chair 0.0043 31 189 73 231
chair 0.0042 93 231 408 367
chair 0.0037 140 162 186 240
chair 0.0037 177 164 230 238
chair 0.0036 164 201 240 346
chair 0.0035 0 175 46 240
chair 0.0034 156 169 197 194
chair 0.0032 476 245 500 378
chair 0.0031 165 164 188 182
chair 0.0031 114 175 215 330
chair 0.0028 361 162 377 182
chair 0.0028 215 164 256 202
chair 0.0027 402 186 451 235
chair 0.0025 7 188 59 228
chair 0.0023 159 172 178 189
chair 0.0022 93 166 146 200
chair 0.0022 431 168 500 392
chair 0.0021 56 154 221 250
chair 0.0020 152 163 166 184
chair 0.0019 175 225 230 324
chair 0.0018 189 163 205 185
chair 0.0018 410 151 462 229
chair 0.0018 233 171 253 192
chair 0.0017 62 171 144 236
chair 0.0017 199 169 251 216
chair 0.0017 140 210 226 292
chair 0.0016 0 240 198 379
chair 0.0016 75 286 358 374
chair 0.0015 160 164 177 183
chair 0.0015 1 173 11 211
chair 0.0015 140 163 158 183
chair 0.0014 0 186 20 363
chair 0.0014 489 130 498 158
chair 0.0014 389 159 428 266
chair 0.0013 22 178 73 288
chair 0.0013 110 172 215 234
chair 0.0013 9 170 55 217
chair 0.0012 441 154 491 229
chair 0.0012 4 177 21 208
chair 0.0012 223 184 247 237
chair 0.0012 19 167 65 201
chair 0.0011 224 164 246 181
chair 0.0011 200 128 372 322
chair 0.0011 84 166 112 201
chair 0.0011 194 160 281 230
chair 0.0011 38 174 85 229
chair 0.0010 152 171 166 190
chair 0.0010 229 165 278 197
diningtable 0.4528 53 171 219 278
diningtable 0.2676 98 124 416 375
diningtable 0.0365 58 183 145 281
diningtable 0.0333 6 165 88 227
diningtable 0.0291 376 232 499 374
diningtable 0.0291 48 152 281 364
diningtable 0.0192 89 180 240 344
diningtable 0.0179 89 144 244 255
diningtable 0.0160 115 175 212 265
diningtable 0.0134 161 174 245 263
diningtable 0.0072 80 162 167 277
diningtable 0.0065 2 163 45 227
diningtable 0.0058 2 171 26 230
diningtable 0.0055 21 170 117 258
diningtable 0.0049 115 157 309 288
diningtable 0.0048 52 245 215 375
diningtable 0.0042 0 167 14 234
diningtable 0.0030 75 242 358 363
diningtable 0.0028 395 157 471 229
diningtable 0.0023 184 161 383 355
diningtable 0.0022 394 154 475 363
diningtable 0.0021 157 185 209 279
diningtable 0.0021 363 152 499 302
diningtable 0.0020 20 174 67 226
diningtable 0.0019 60 159 104 206
diningtable 0.0019 89 172 198 235
diningtable 0.0019 162 168 210 194
diningtable 0.0018 75 288 420 378
diningtable 0.0016 10 182 192 345
diningtable 0.0015 6 175 92 303
diningtable 0.0015 17 153 180 248
diningtable 0.0015 156 160 198 188
diningtable 0.0015 137 186 190 277
diningtable 0.0014 377 148 414 235
diningtable 0.0012 135 171 230 233
diningtable 0.0011 86 282 249 373
diningtable 0.0010 335 186 487 358
diningtable 0.0010 436 151 469 226
diningtable 0.0010 62 171 144 236
dog 0.0010 187 171 205 190
dog 0.0010 67 160 113 205
person 0.9889 167 87 407 379
person 0.5200 434 143 468 221
person 0.4173 379 145 415 220
person 0.0660 386 143 412 185
person 0.0340 415 142 460 216
person 0.0250 68 157 96 194
person 0.0217 387 149 427 234
person 0.0196 426 139 451 187
person 0.0147 88 252 237 369
person 0.0120 441 142 488 219
person 0.0114 60 159 104 206
person 0.0109 361 162 377 182
person 0.0092 375 153 413 266
person 0.0090 65 166 107 233
person 0.0074 339 138 357 186
person 0.0067 89 180 240 344
person 0.0063 48 152 281 364
person 0.0062 152 163 166 184
person 0.0062 359 148 429 216
person 0.0051 163 178 240 330
person 0.0050 333 129 353 180
person 0.0043 394 142 421 199
person 0.0042 372 161 387 182
person 0.0036 189 163 205 185
person 0.0035 184 159 208 191
person 0.0032 32 62 469 388
person 0.0032 353 161 367 182
person 0.0027 89 144 244 255
person 0.0026 152 171 166 190
person 0.0026 175 225 230 324
person 0.0024 390 145 409 166
person 0.0023 395 157 471 229
person 0.0022 267 159 279 184
person 0.0021 397 153 502 362
person 0.0021 353 146 405 185
person 0.0020 200 128 372 322
person 0.0019 371 157 390 206
person 0.0019 140 163 158 183
person 0.0018 187 171 205 190
person 0.0017 160 164 177 183
person 0.0017 165 164 188 182
person 0.0017 416 138 442 186
person 0.0017 397 144 415 163
person 0.0017 156 160 198 188
person 0.0017 0 167 14 234
person 0.0016 357 160 382 201
person 0.0016 72 77 352 317
person 0.0016 352 152 406 235
person 0.0016 430 140 446 164
person 0.0015 159 172 178 189
person 0.0015 136 159 162 189
person 0.0015 394 142 440 184
person 0.0014 115 157 309 288
person 0.0013 342 157 355 185
person 0.0012 189 155 204 173
person 0.0012 229 104 411 269
person 0.0011 417 133 457 174
person 0.0011 75 286 358 374
person 0.0010 53 171 219 278
person 0.0010 81 167 127 237
person 0.0010 80 161 98 184
person 0.0010 429 150 449 211
person 0.0010 71 160 92 183
person 0.0010 162 168 210 194
pottedplant 0.0133 361 162 377 182
pottedplant 0.0035 471 177 498 224
pottedplant 0.0030 418 129 443 162
pottedplant 0.0023 427 133 445 157
pottedplant 0.0018 357 158 381 185
pottedplant 0.0017 451 189 500 228
pottedplant 0.0015 8 173 36 227
pottedplant 0.0014 164 172 190 189
pottedplant 0.0014 256 163 274 181
pottedplant 0.0012 267 159 279 184
pottedplant 0.0011 177 172 198 189
pottedplant 0.0011 230 160 278 187
sofa 0.0334 98 124 416 375
sofa 0.0072 403 241 500 378
sofa 0.0030 162 168 210 194
sofa 0.0024 156 160 198 188
sofa 0.0015 2 171 26 230
sofa 0.0014 395 157 471 229
sofa 0.0013 356 156 430 232
sofa 0.0011 47 171 125 234
sofa 0.0011 8 173 36 227
sofa 0.0011 6 165 88 227
sofa 0.0010 60 159 104 206
sofa 0.0010 161 174 245 263
tvmonitor 0.0043 164 172 190 189
tvmonitor 0.0035 156 169 197 194
tvmonitor 0.0013 361 162 377 182
