bottle 0.0012 315 43 329 70
cat 0.0011 358 112 403 198
chair 0.5225 359 215 498 375
chair 0.0974 409 115 496 242
chair 0.0852 69 143 439 384
chair 0.0613 164 101 210 147
chair 0.0276 66 99 137 365
chair 0.0213 475 115 500 241
chair 0.0179 234 159 482 378
chair 0.0155 358 112 403 198
chair 0.0124 478 23 499 254
chair 0.0107 369 59 500 395
chair 0.0101 69 124 199 375
chair 0.0095 318 105 358 182
chair 0.0050 450 120 500 237
chair 0.0048 486 168 501 254
chair 0.0038 110 96 224 146
chair 0.0037 487 134 500 231
chair 0.0036 413 173 493 246
chair 0.0035 477 137 499 332
chair 0.0035 79 196 161 378
chair 0.0033 440 20 500 259
chair 0.0030 403 153 499 358
chair 0.0025 475 180 498 240
chair 0.0019 435 199 498 381
chair 0.0017 160 90 233 146
chair 0.0014 396 113 434 204
chair 0.0013 485 116 500 193
chair 0.0012 0 176 10 263
chair 0.0010 99 225 338 374
chair 0.0010 279 8 444 136
diningtable 0.9715 96 149 483 385
diningtable 0.0114 359 215 498 375
diningtable 0.0109 409 115 496 242
diningtable 0.0020 281 30 435 187
diningtable 0.0012 164 101 210 147
person 0.0010 278 35 316 163
pottedplant 0.5362 358 112 403 198
pottedplant 0.0102 192 -1 281 51
pottedplant 0.0023 318 105 358 182
pottedplant 0.0014 362 118 414 167
pottedplant 0.0012 314 106 407 182
sofa 0.0033 409 115 496 242
sofa 0.0027 163 95 210 137
sofa 0.0015 355 179 504 370
sofa 0.0010 475 115 500 241
sofa 0.0010 69 143 439 384
