aeroplane 0.0136 96 43 248 114
bird 0.8692 94 53 247 127
bird 0.1208 178 89 217 108
bird 0.1015 87 90 132 135
bird 0.0363 176 64 246 108
bird 0.0335 170 93 212 114
bird 0.0159 205 71 241 99
bird 0.0138 145 55 256 102
bird 0.0129 92 99 133 123
bird 0.0126 121 66 225 114
bird 0.0091 185 80 223 107
bird 0.0090 193 87 214 110
bird 0.0082 188 93 219 113
bird 0.0059 86 87 125 111
bird 0.0052 159 80 242 117
bird 0.0051 161 89 208 107
bird 0.0049 117 101 134 133
bird 0.0042 198 78 235 105
bird 0.0036 160 98 207 122
bird 0.0033 92 93 177 136
bird 0.0028 195 97 211 110
bird 0.0026 20 63 223 130
bird 0.0019 88 88 102 121
bird 0.0018 200 80 220 105
bird 0.0018 195 92 213 105
bird 0.0017 153 92 202 117
bird 0.0015 85 83 156 129
bird 0.0015 220 63 252 93
bird 0.0013 178 98 216 121
bird 0.0012 187 94 208 105
bird 0.0012 83 8 259 136
bird 0.0012 89 110 124 134
bird 0.0010 81 93 118 128
bird 0.0010 199 62 247 84
cat 0.0154 178 89 217 108
cat 0.0061 210 64 249 94
cat 0.0043 176 64 246 108
cat 0.0023 116 55 255 118
cat 0.0017 87 90 132 135
cat 0.0010 170 93 212 114
cow 0.0039 94 53 247 127
dog 0.0119 178 89 217 108
dog 0.0067 116 55 255 118
dog 0.0034 210 64 249 94
dog 0.0024 176 64 246 108
horse 0.0050 94 53 247 127
person 0.0019 87 90 132 135
person 0.0013 116 55 255 118
sheep 0.0036 195 64 248 105
sheep 0.0033 94 53 247 127
sheep 0.0031 178 89 217 108
