aeroplane 0.0028 4 243 28 295
aeroplane 0.0028 394 250 420 292
boat 0.9361 242 189 323 303
boat 0.4631 4 243 28 295
boat 0.3505 80 247 105 292
boat 0.3418 394 250 420 292
boat 0.0148 0 237 15 299
boat 0.0067 387 265 415 287
boat 0.0065 79 266 103 289
boat 0.0055 4 265 25 290
boat 0.0050 0 176 22 296
boat 0.0047 72 243 97 296
boat 0.0044 78 257 118 285
boat 0.0033 394 261 437 291
boat 0.0024 12 255 28 284
boat 0.0023 -2 253 99 291
boat 0.0020 393 279 421 292
boat 0.0020 0 264 12 291
boat 0.0019 0 221 24 317
boat 0.0018 243 189 286 293
boat 0.0018 381 274 433 295
boat 0.0017 59 261 106 291
boat 0.0017 87 260 107 280
boat 0.0011 401 247 427 296
boat 0.0010 5 277 21 294
sheep 0.0012 394 -104 511 143
