bird 0.0015 372 142 388 157
bus 0.0205 239 84 290 108
bus 0.0125 327 54 502 94
bus 0.0035 416 -6 474 28
car 0.8959 257 165 308 195
car 0.4313 239 84 290 108
car 0.3337 237 168 293 195
car 0.1030 241 163 304 185
car 0.0367 236 89 256 104
car 0.0249 250 84 279 103
car 0.0246 244 171 267 192
car 0.0191 240 85 269 102
car 0.0127 419 1 473 29
car 0.0094 242 159 313 204
car 0.0087 490 63 500 86
car 0.0070 260 85 286 102
car 0.0048 221 88 268 114
car 0.0040 294 168 306 192
car 0.0037 266 163 299 179
car 0.0030 489 33 500 98
car 0.0029 372 142 388 157
car 0.0024 271 87 290 102
car 0.0023 232 77 292 100
car 0.0022 489 1 500 31
car 0.0022 488 -14 499 48
car 0.0016 282 168 306 190
car 0.0014 260 87 305 114
car 0.0013 490 70 500 95
car 0.0013 296 175 305 199
car 0.0012 213 77 307 119
car 0.0012 280 165 305 181
car 0.0011 226 93 249 111
chair 0.0010 256 166 307 206
cow 0.0028 372 142 388 157
dog 0.0015 372 142 388 157
motorbike 0.0030 256 166 307 206
motorbike 0.0025 237 171 289 201
motorbike 0.0012 372 142 388 157
person 0.0047 372 142 388 157
person 0.0018 236 89 256 104
person 0.0015 256 166 307 206
person 0.0012 296 175 305 199
train 0.0089 327 54 502 94
train 0.0028 240 83 289 119
train 0.0011 416 -6 474 28
