bicycle 0.0015 251 208 466 506
bottle 0.0020 348 378 396 497
bottle 0.0010 406 183 422 230
car 0.0014 179 278 472 501
chair 0.9856 6 169 176 498
chair 0.4886 185 205 464 501
chair 0.2208 85 142 249 501
chair 0.1030 317 213 482 507
chair 0.0187 19 174 118 454
chair 0.0115 410 264 496 490
chair 0.0093 77 286 427 501
chair 0.0065 337 163 487 319
chair 0.0041 366 259 458 488
chair 0.0040 272 312 458 497
chair 0.0037 -5 318 150 492
chair 0.0035 12 165 123 329
chair 0.0030 454 179 498 305
chair 0.0027 402 162 494 393
chair 0.0026 446 121 498 391
chair 0.0021 384 221 477 294
chair 0.0020 471 136 496 342
chair 0.0020 137 291 223 495
chair 0.0016 170 263 335 464
chair 0.0015 219 267 424 449
chair 0.0015 322 372 487 498
chair 0.0014 101 131 237 352
chair 0.0014 487 164 498 268
chair 0.0013 360 128 494 453
chair 0.0012 94 190 195 441
chair 0.0011 487 208 498 301
chair 0.0011 42 105 229 406
diningtable 0.1568 124 213 386 501
diningtable 0.1283 179 278 472 501
diningtable 0.0213 57 186 518 521
diningtable 0.0069 85 142 249 501
diningtable 0.0028 -3 176 141 493
diningtable 0.0021 317 165 482 497
diningtable 0.0012 184 149 471 450
diningtable 0.0011 136 370 446 498
person 0.9414 188 182 461 494
person 0.3449 105 109 232 473
person 0.1674 317 165 482 497
person 0.1048 337 163 487 319
person 0.0774 344 155 431 293
person 0.0178 111 120 221 287
person 0.0142 18 157 225 497
person 0.0123 473 113 496 326
person 0.0120 277 161 460 277
person 0.0089 446 85 497 356
person 0.0069 125 151 372 443
person 0.0056 247 143 475 364
person 0.0050 338 153 418 240
person 0.0049 342 146 445 405
person 0.0048 468 35 496 402
person 0.0027 454 179 498 305
person 0.0026 14 90 171 424
person 0.0025 162 170 240 510
person 0.0020 440 157 496 477
person 0.0017 338 253 449 489
person 0.0013 406 160 496 324
person 0.0011 488 156 498 258
pottedplant 0.0019 345 0 475 52
sofa 0.0733 185 205 464 501
sofa 0.0030 18 157 225 497
