bottle 0.0018 454 55 480 98
bottle 0.0013 390 181 407 203
bottle 0.0011 397 157 417 205
bottle 0.0011 387 159 411 202
chair 0.2134 243 145 458 375
chair 0.0510 75 161 125 202
chair 0.0419 474 204 500 379
chair 0.0319 447 117 501 387
chair 0.0146 479 129 501 342
chair 0.0103 9 83 90 151
chair 0.0075 -5 164 370 371
chair 0.0053 370 136 418 212
chair 0.0050 410 77 504 357
chair 0.0044 471 86 501 422
chair 0.0043 387 159 411 202
chair 0.0031 180 173 392 358
chair 0.0029 60 158 229 203
chair 0.0028 135 152 302 199
chair 0.0026 409 111 447 206
chair 0.0025 396 149 417 199
chair 0.0023 272 147 370 208
chair 0.0023 36 154 139 205
chair 0.0018 1 189 204 362
chair 0.0017 333 183 448 361
chair 0.0015 476 275 500 416
chair 0.0013 395 113 432 204
chair 0.0012 57 161 106 203
chair 0.0011 368 153 409 194
chair 0.0010 410 201 500 380
diningtable 0.0018 75 161 125 202
diningtable 0.0014 412 135 503 371
diningtable 0.0011 474 204 500 379
diningtable 0.0010 9 148 124 208
dog 0.0011 262 163 445 362
person 0.8452 232 147 436 371
person 0.2445 97 137 473 349
person 0.0185 -5 164 370 371
person 0.0019 454 55 480 98
person 0.0016 272 147 370 208
person 0.0015 447 117 501 387
person 0.0014 241 137 427 241
person 0.0010 101 140 402 239
pottedplant 0.0199 454 55 480 98
pottedplant 0.0018 453 62 496 107
sofa 0.9964 0 150 421 370
sofa 0.0713 243 145 458 375
sofa 0.0067 180 173 392 358
sofa 0.0045 474 204 500 379
sofa 0.0021 447 117 501 387
sofa 0.0019 75 161 125 202
sofa 0.0013 -4 181 223 369
tvmonitor 0.0055 9 83 90 151
tvmonitor 0.0028 130 153 270 201
tvmonitor 0.0013 473 244 500 378
