bottle 0.6020 227 239 252 347
bottle 0.1793 405 287 490 373
bottle 0.0856 264 238 298 347
bottle 0.0706 226 243 246 315
bottle 0.0267 270 233 294 303
bottle 0.0262 177 194 197 265
bottle 0.0242 388 351 404 378
bottle 0.0213 319 202 342 258
bottle 0.0141 274 169 292 251
bottle 0.0136 181 224 211 323
bottle 0.0119 303 222 336 324
bottle 0.0104 170 197 190 264
bottle 0.0100 272 228 291 271
bottle 0.0078 316 189 351 281
bottle 0.0062 329 208 351 253
bottle 0.0060 219 240 235 316
bottle 0.0059 226 217 256 303
bottle 0.0058 198 220 215 297
bottle 0.0054 303 255 340 370
bottle 0.0052 276 232 288 263
bottle 0.0046 274 228 312 321
bottle 0.0044 267 223 284 296
bottle 0.0037 315 216 348 331
bottle 0.0036 175 203 203 305
bottle 0.0035 256 229 273 308
bottle 0.0032 310 245 334 311
bottle 0.0030 206 233 224 305
bottle 0.0028 264 247 288 308
bottle 0.0027 264 177 293 291
bottle 0.0027 314 204 331 255
bottle 0.0026 181 189 209 285
bottle 0.0026 175 219 196 279
bottle 0.0024 297 183 336 284
bottle 0.0021 377 353 419 376
bottle 0.0021 185 195 204 266
bottle 0.0021 386 336 408 374
bottle 0.0020 254 221 276 278
bottle 0.0019 273 177 319 253
bottle 0.0018 270 232 281 264
bottle 0.0017 239 226 273 323
bottle 0.0015 382 354 401 375
bottle 0.0015 320 171 341 231
bottle 0.0015 171 176 202 266
bottle 0.0015 290 248 314 308
bottle 0.0014 244 227 262 309
bottle 0.0014 247 243 313 374
bottle 0.0014 445 288 494 371
bottle 0.0013 254 281 297 377
bottle 0.0012 184 252 224 365
bottle 0.0010 169 222 187 276
chair 0.0016 84 180 132 256
chair 0.0014 118 191 167 272
chair 0.0013 0 129 144 369
chair 0.0010 405 287 490 373
diningtable 0.0822 78 248 417 375
diningtable 0.0035 154 283 503 379
person 0.9864 332 65 501 368
person 0.9346 3 117 155 379
person 0.0074 405 287 490 373
person 0.0022 347 67 442 256
person 0.0012 0 146 9 181
person 0.0012 408 106 497 403
person 0.0010 0 150 21 195
person 0.0010 0 133 12 196
tvmonitor 0.0280 405 287 490 373
tvmonitor 0.0065 126 190 172 230
tvmonitor 0.0016 119 183 172 256
