bus 0.0287 140 267 227 330
bus 0.0054 179 278 224 332
bus 0.0043 233 307 272 335
bus 0.0031 0 298 12 318
bus 0.0020 417 314 442 342
bus 0.0013 323 298 396 339
bus 0.0012 390 306 404 327
bus 0.0012 8 301 36 318
car 0.8729 116 304 179 337
car 0.7976 437 307 499 367
car 0.5758 78 304 123 332
car 0.5733 221 311 270 335
car 0.4218 316 299 384 338
car 0.3219 417 314 442 342
car 0.3100 39 301 82 347
car 0.2446 10 306 37 322
car 0.1953 181 298 230 335
car 0.1490 2 305 27 322
car 0.1216 421 306 469 345
car 0.1063 0 298 12 318
car 0.0777 97 306 122 328
car 0.0774 143 303 192 336
car 0.0770 4 299 40 321
car 0.0762 390 306 404 327
car 0.0748 424 316 447 338
car 0.0675 31 302 54 316
car 0.0556 20 302 45 316
car 0.0386 414 319 428 336
car 0.0375 241 309 267 331
car 0.0331 22 306 45 322
car 0.0311 39 301 66 316
car 0.0171 10 304 55 325
car 0.0169 96 303 143 330
car 0.0147 335 307 404 340
car 0.0142 35 304 54 325
car 0.0129 230 309 261 329
car 0.0123 141 281 229 333
car 0.0105 76 303 88 331
car 0.0100 306 303 360 336
car 0.0096 79 304 103 329
car 0.0095 388 303 407 319
car 0.0094 -2 291 14 326
car 0.0088 21 303 66 332
car 0.0084 383 307 399 328
car 0.0082 419 311 437 329
car 0.0082 426 309 445 329
car 0.0081 120 305 156 334
car 0.0072 119 293 203 333
car 0.0070 49 301 73 317
car 0.0067 432 304 499 334
car 0.0063 36 301 54 349
car 0.0057 476 301 497 316
car 0.0056 50 305 76 327
car 0.0054 42 304 67 326
car 0.0053 304 309 322 330
car 0.0050 22 300 63 320
car 0.0049 225 306 250 327
car 0.0048 468 305 501 366
car 0.0043 87 301 113 319
car 0.0043 488 301 500 317
car 0.0041 349 280 367 297
car 0.0040 65 305 80 328
car 0.0039 111 294 165 325
car 0.0037 277 309 289 324
car 0.0036 83 298 132 325
car 0.0036 435 313 457 355
car 0.0036 60 303 105 334
car 0.0035 110 305 131 328
car 0.0034 444 334 505 370
car 0.0032 160 299 215 332
car 0.0030 489 307 500 327
car 0.0030 401 317 416 332
car 0.0029 97 301 120 320
car 0.0027 433 308 456 326
car 0.0026 490 292 501 381
car 0.0026 255 309 270 328
car 0.0025 62 302 81 345
car 0.0024 80 301 101 318
car 0.0023 198 303 257 331
car 0.0022 313 313 331 337
car 0.0021 412 312 427 328
car 0.0020 456 294 473 306
car 0.0020 476 306 498 324
car 0.0019 382 312 397 333
car 0.0018 401 309 414 328
car 0.0016 242 304 265 318
car 0.0015 62 301 80 319
car 0.0015 368 302 395 335
car 0.0015 491 330 501 361
car 0.0014 166 313 188 334
car 0.0013 420 302 435 319
car 0.0013 426 299 503 319
car 0.0013 130 308 165 338
car 0.0012 8 301 85 355
car 0.0012 41 299 79 322
car 0.0012 181 277 229 323
car 0.0012 0 301 27 347
car 0.0011 112 313 129 333
car 0.0010 0 309 8 338
car 0.0010 89 311 112 334
car 0.0010 369 306 411 331
car 0.0010 427 303 444 318
car 0.0010 52 308 72 339
car 0.0010 411 313 432 342
car 0.0010 75 292 179 334
motorbike 0.0029 306 307 376 340
person 0.0074 36 301 54 349
person 0.0071 390 306 404 327
person 0.0067 41 301 67 347
person 0.0034 74 303 89 344
person 0.0017 277 309 289 324
person 0.0012 0 298 12 318
