aeroplane 0.0010 37 200 84 223
bicycle 0.0064 304 305 327 342
bird 0.0056 302 289 326 342
boat 0.0020 28 171 76 197
bus 0.0179 75 188 122 223
bus 0.0132 27 186 76 223
bus 0.0120 37 200 84 223
bus 0.0086 306 201 356 229
bus 0.0057 39 205 65 223
bus 0.0039 173 200 237 225
bus 0.0035 142 182 257 223
bus 0.0025 87 200 131 222
bus 0.0023 239 198 306 229
bus 0.0023 146 200 190 227
bus 0.0019 421 195 474 231
bus 0.0018 20 177 108 221
bus 0.0014 282 201 340 226
bus 0.0013 353 185 471 224
bus 0.0011 105 188 150 223
bus 0.0011 50 180 160 221
bus 0.0010 61 176 121 212
bus 0.0010 485 201 500 223
bus 0.0010 36 206 54 222
bus 0.0010 47 188 93 220
car 0.7586 146 200 190 227
car 0.7500 37 200 84 223
car 0.6801 284 208 340 228
car 0.6561 110 201 149 223
car 0.6189 87 200 131 222
car 0.4613 168 202 225 226
car 0.4426 421 195 474 231
car 0.3985 349 195 472 230
car 0.2914 125 203 151 222
car 0.2672 472 202 501 233
car 0.2551 257 199 329 227
car 0.2355 77 203 103 221
car 0.1821 308 206 354 229
car 0.1382 39 205 65 223
car 0.1342 58 203 87 221
car 0.1338 243 210 302 227
car 0.1294 453 198 500 228
car 0.0928 72 203 93 220
car 0.0786 343 194 416 227
car 0.0770 398 194 458 229
car 0.0690 224 210 245 224
car 0.0648 33 208 74 226
car 0.0557 117 208 144 224
car 0.0496 485 201 500 223
car 0.0462 107 203 135 221
car 0.0453 182 203 211 222
car 0.0441 47 205 94 227
car 0.0408 464 209 488 227
car 0.0370 88 203 115 221
car 0.0246 142 202 157 222
car 0.0239 35 210 55 225
car 0.0227 442 196 471 227
car 0.0203 215 205 240 222
car 0.0146 242 210 268 225
car 0.0132 204 204 230 221
car 0.0125 317 204 347 224
car 0.0124 92 206 149 226
car 0.0121 75 188 122 223
car 0.0115 371 203 445 231
car 0.0110 96 208 124 224
car 0.0104 184 208 247 225
car 0.0102 174 189 234 222
car 0.0089 280 198 435 228
car 0.0083 471 281 499 383
car 0.0080 215 195 344 226
car 0.0075 2 201 21 217
car 0.0072 232 209 279 226
car 0.0064 125 199 173 222
car 0.0061 340 208 361 229
car 0.0059 147 202 172 222
car 0.0058 488 193 500 215
car 0.0054 458 200 477 222
car 0.0052 266 212 299 227
car 0.0051 235 210 255 224
car 0.0047 322 201 376 227
car 0.0042 294 203 329 221
car 0.0039 456 196 473 213
car 0.0039 161 203 192 222
car 0.0039 0 198 10 221
car 0.0038 477 314 501 376
car 0.0037 190 210 222 224
car 0.0036 287 199 320 227
car 0.0035 155 192 216 219
car 0.0034 82 209 101 224
car 0.0034 142 194 257 225
car 0.0034 253 191 311 218
car 0.0032 251 205 277 223
car 0.0032 475 184 500 224
car 0.0031 465 201 488 223
car 0.0031 74 208 92 225
car 0.0027 488 299 500 393
car 0.0026 476 195 499 212
car 0.0024 432 209 462 227
car 0.0024 156 196 180 214
car 0.0022 62 196 83 214
car 0.0022 280 211 309 228
car 0.0020 30 205 42 220
car 0.0019 327 205 355 222
car 0.0019 173 203 203 221
car 0.0018 306 204 338 221
car 0.0018 91 209 110 224
car 0.0018 406 290 503 374
car 0.0018 175 209 203 225
car 0.0017 213 209 256 225
car 0.0017 334 205 406 234
car 0.0016 432 192 478 220
car 0.0016 117 184 145 226
car 0.0016 457 208 479 228
car 0.0014 413 193 441 228
car 0.0014 99 196 121 214
car 0.0014 444 194 469 213
car 0.0013 266 197 298 229
car 0.0013 24 201 65 225
car 0.0012 451 307 502 385
car 0.0012 354 193 424 215
car 0.0012 73 207 129 225
car 0.0011 435 199 462 223
car 0.0011 221 199 246 226
dog 0.0043 302 289 326 342
dog 0.0013 -9 -91 105 133
motorbike 0.0014 343 194 416 227
motorbike 0.0012 304 305 327 342
person 0.0017 2 201 21 217
person 0.0013 0 198 10 221
train 0.0064 27 186 76 223
train 0.0012 75 188 122 223
train 0.0011 37 200 84 223
train 0.0010 8 171 89 220
