bicycle 0.0049 448 164 461 182
bicycle 0.0015 441 166 454 183
boat 0.0027 476 167 497 183
boat 0.0016 474 123 498 173
boat 0.0016 488 157 498 179
boat 0.0016 479 158 494 176
boat 0.0015 487 166 500 187
boat 0.0010 486 118 501 180
bus 0.0102 401 127 498 192
bus 0.0043 449 127 501 172
bus 0.0033 450 158 461 181
bus 0.0031 474 123 498 173
bus 0.0031 438 152 459 187
bus 0.0025 444 138 468 183
bus 0.0025 441 159 455 180
bus 0.0023 431 141 481 179
bus 0.0020 447 151 464 186
bus 0.0016 425 153 470 185
bus 0.0016 380 114 484 252
bus 0.0015 429 168 445 187
bus 0.0014 425 161 450 195
bus 0.0013 486 118 501 180
car 0.0099 427 175 444 196
car 0.0081 441 166 454 183
car 0.0060 448 164 461 182
car 0.0045 429 168 445 187
car 0.0033 353 177 368 191
car 0.0013 430 161 447 178
car 0.0010 476 167 497 183
chair 0.0017 448 164 461 182
motorbike 0.0020 448 164 461 182
motorbike 0.0011 441 166 454 183
person 0.1528 450 158 461 181
person 0.0308 441 159 455 180
person 0.0160 421 165 432 190
person 0.0104 429 168 445 187
person 0.0084 420 172 433 198
person 0.0082 468 147 482 170
person 0.0068 409 152 426 202
person 0.0065 447 151 464 186
person 0.0053 458 158 470 176
person 0.0053 427 175 444 196
person 0.0040 430 161 447 178
person 0.0038 411 171 423 199
person 0.0027 479 146 492 171
person 0.0027 458 149 473 170
person 0.0027 418 158 436 199
person 0.0023 420 158 433 179
person 0.0021 438 152 459 187
person 0.0020 396 77 418 125
person 0.0018 488 157 498 179
person 0.0015 479 158 494 176
person 0.0015 467 157 483 174
person 0.0012 411 153 423 181
person 0.0012 458 166 470 181
person 0.0012 439 150 455 171
person 0.0010 425 161 450 195
pottedplant 0.0070 450 158 461 181
pottedplant 0.0032 468 147 482 170
pottedplant 0.0027 441 159 455 180
pottedplant 0.0017 444 138 468 183
pottedplant 0.0016 458 158 470 176
pottedplant 0.0016 429 168 445 187
pottedplant 0.0011 488 157 498 179
pottedplant 0.0011 438 152 459 187
pottedplant 0.0011 447 151 464 186
pottedplant 0.0010 464 138 485 175
pottedplant 0.0010 479 158 494 176
pottedplant 0.0010 467 157 483 174
train 0.9997 2 10 363 291
train 0.0712 377 126 487 197
train 0.0190 405 119 496 176
train 0.0169 337 117 489 259
train 0.0042 449 127 501 172
train 0.0031 474 123 498 173
train 0.0015 264 109 477 209
train 0.0015 438 140 494 177
train 0.0015 416 161 459 194
train 0.0012 223 123 367 192
train 0.0010 425 153 470 185
train 0.0010 409 123 460 199
train 0.0010 288 128 371 193
