boat 0.0033 383 149 478 206
boat 0.0016 334 141 493 272
boat 0.0012 359 170 501 325
bottle 0.0093 74 222 85 254
bottle 0.0049 115 121 129 144
bottle 0.0042 70 205 89 252
bottle 0.0036 68 224 81 251
bottle 0.0025 176 144 195 163
bottle 0.0016 89 124 108 142
bottle 0.0011 89 113 106 135
car 0.0104 359 170 501 325
car 0.0072 334 141 493 272
car 0.0028 176 144 195 163
car 0.0024 360 118 501 224
car 0.0019 383 149 478 206
chair 0.3783 338 158 403 312
chair 0.1655 291 142 333 205
chair 0.0534 320 159 343 202
chair 0.0487 337 161 380 274
chair 0.0240 156 138 178 200
chair 0.0226 310 144 335 199
chair 0.0192 321 150 338 172
chair 0.0157 165 168 209 210
chair 0.0141 340 161 362 200
chair 0.0125 352 174 427 327
chair 0.0121 317 145 341 180
chair 0.0120 295 141 313 160
chair 0.0115 438 243 499 332
chair 0.0113 312 142 330 162
chair 0.0094 289 155 319 202
chair 0.0082 368 184 409 319
chair 0.0079 152 143 170 196
chair 0.0076 194 158 220 203
chair 0.0074 303 142 322 160
chair 0.0074 339 163 382 199
chair 0.0071 173 157 220 205
chair 0.0070 420 150 475 190
chair 0.0066 323 157 339 184
chair 0.0064 315 142 352 205
chair 0.0060 323 167 340 194
chair 0.0059 330 157 351 204
chair 0.0057 360 151 379 167
chair 0.0057 346 157 399 240
chair 0.0055 298 167 345 206
chair 0.0051 174 142 200 197
chair 0.0048 176 148 196 167
chair 0.0043 61 175 110 255
chair 0.0042 165 139 191 199
chair 0.0039 198 144 213 160
chair 0.0038 198 151 215 170
chair 0.0037 331 144 378 206
chair 0.0037 291 141 317 183
chair 0.0035 314 148 330 171
chair 0.0034 186 144 204 159
chair 0.0033 383 149 478 206
chair 0.0030 156 167 179 210
chair 0.0029 150 164 171 213
chair 0.0028 386 248 484 333
chair 0.0028 285 143 303 200
chair 0.0027 106 144 153 176
chair 0.0026 475 182 500 234
chair 0.0026 303 149 321 169
chair 0.0024 187 149 205 168
chair 0.0023 334 157 346 184
chair 0.0023 323 177 341 203
chair 0.0023 334 165 347 194
chair 0.0023 183 143 211 197
chair 0.0022 402 205 502 338
chair 0.0022 308 141 333 169
chair 0.0021 338 139 364 185
chair 0.0021 321 144 337 164
chair 0.0020 337 149 409 205
chair 0.0018 486 234 501 319
chair 0.0018 197 170 253 208
chair 0.0018 298 140 326 167
chair 0.0017 172 144 199 173
chair 0.0017 66 187 94 247
chair 0.0016 345 151 392 193
chair 0.0016 448 180 503 217
chair 0.0015 331 174 351 224
chair 0.0015 295 149 312 171
chair 0.0015 194 143 218 180
chair 0.0014 385 217 440 328
chair 0.0014 343 160 359 184
chair 0.0013 152 155 203 207
chair 0.0013 287 139 300 163
chair 0.0012 294 136 313 153
chair 0.0011 348 146 391 174
chair 0.0011 391 152 462 189
chair 0.0011 352 151 369 169
chair 0.0010 486 176 502 242
chair 0.0010 406 159 493 223
chair 0.0010 348 168 371 191
chair 0.0010 151 144 169 162
chair 0.0010 20 223 70 325
chair 0.0010 198 159 217 182
diningtable 0.0258 338 158 403 312
diningtable 0.0184 291 142 333 205
diningtable 0.0071 334 163 497 330
diningtable 0.0034 352 174 427 327
diningtable 0.0030 320 159 343 202
diningtable 0.0028 337 161 380 274
diningtable 0.0025 381 158 481 222
diningtable 0.0023 408 243 499 333
diningtable 0.0018 151 147 216 208
diningtable 0.0017 401 182 501 326
diningtable 0.0017 323 148 393 203
diningtable 0.0016 294 142 378 204
diningtable 0.0012 339 163 382 199
diningtable 0.0010 319 158 363 203
dog 0.0018 290 153 333 204
horse 0.0015 290 153 333 204
person 0.0288 298 144 325 199
person 0.0157 115 118 139 147
person 0.0134 310 144 335 199
person 0.0077 115 121 129 144
person 0.0035 429 142 446 156
person 0.0035 442 116 451 149
person 0.0023 295 141 313 160
person 0.0021 312 142 330 162
person 0.0019 291 141 317 183
person 0.0017 338 158 403 312
person 0.0017 439 127 450 154
person 0.0015 176 144 195 163
person 0.0013 303 142 322 160
person 0.0012 319 149 342 194
person 0.0011 303 149 321 169
person 0.0010 405 143 468 178
person 0.0010 314 148 330 171
person 0.0010 285 143 303 200
person 0.0010 337 161 380 274
pottedplant 0.0103 176 144 195 163
pottedplant 0.0076 89 124 108 142
pottedplant 0.0058 321 150 338 172
pottedplant 0.0048 319 149 342 194
pottedplant 0.0028 85 112 101 136
pottedplant 0.0019 295 141 313 160
pottedplant 0.0017 154 144 178 161
pottedplant 0.0017 186 144 204 159
pottedplant 0.0013 115 121 129 144
pottedplant 0.0012 360 151 379 167
pottedplant 0.0012 198 144 213 160
pottedplant 0.0012 323 157 339 184
pottedplant 0.0011 166 142 204 164
sofa 0.0328 291 142 333 205
sofa 0.0306 383 149 478 206
sofa 0.0068 408 243 499 333
sofa 0.0032 406 159 493 223
sofa 0.0032 401 182 501 326
sofa 0.0029 151 147 216 208
sofa 0.0026 348 157 399 275
sofa 0.0023 61 175 110 255
sofa 0.0021 337 149 409 205
sofa 0.0017 319 149 342 194
sofa 0.0017 420 150 475 190
sofa 0.0015 339 163 382 199
sofa 0.0012 87 129 166 180
sofa 0.0012 106 144 153 176
sofa 0.0012 155 141 197 165
sofa 0.0010 334 141 493 272
tvmonitor 0.3055 176 144 195 163
tvmonitor 0.0657 155 141 197 165
tvmonitor 0.0484 154 144 178 161
tvmonitor 0.0307 153 141 181 178
tvmonitor 0.0255 165 144 188 162
tvmonitor 0.0251 172 144 199 173
tvmonitor 0.0214 420 150 475 190
tvmonitor 0.0136 186 144 204 159
tvmonitor 0.0108 383 149 478 206
tvmonitor 0.0077 157 147 177 171
tvmonitor 0.0056 321 150 338 172
tvmonitor 0.0055 61 175 110 255
tvmonitor 0.0041 106 144 153 176
tvmonitor 0.0041 198 144 213 160
tvmonitor 0.0040 475 127 501 174
tvmonitor 0.0038 89 124 108 142
tvmonitor 0.0037 65 188 95 232
tvmonitor 0.0034 295 141 313 160
tvmonitor 0.0028 88 143 112 179
tvmonitor 0.0026 438 243 499 332
tvmonitor 0.0024 174 141 215 163
tvmonitor 0.0021 152 143 170 196
tvmonitor 0.0020 152 147 169 172
tvmonitor 0.0018 165 139 191 199
tvmonitor 0.0018 82 144 136 176
tvmonitor 0.0018 187 149 205 168
tvmonitor 0.0018 55 150 105 190
tvmonitor 0.0015 174 142 200 197
tvmonitor 0.0015 95 132 145 169
tvmonitor 0.0015 115 121 129 144
tvmonitor 0.0015 391 152 462 189
tvmonitor 0.0013 317 145 341 180
tvmonitor 0.0012 87 129 166 180
tvmonitor 0.0012 115 118 139 147
tvmonitor 0.0010 146 116 206 148
