bottle 0.6229 221 41 246 125
bottle 0.5935 189 39 214 126
bottle 0.0255 193 32 208 113
bottle 0.0106 207 38 222 125
bottle 0.0102 223 36 241 93
bottle 0.0050 264 137 302 203
bottle 0.0047 198 43 209 67
bottle 0.0041 236 41 249 124
bottle 0.0028 226 45 238 67
bottle 0.0023 223 46 234 67
bottle 0.0013 216 68 239 128
bottle 0.0012 195 43 206 65
bottle 0.0012 208 32 239 119
chair 0.1917 159 29 490 256
chair 0.0053 473 94 498 272
chair 0.0028 442 59 500 272
diningtable 0.0011 177 134 306 195
person 0.0100 221 41 246 125
person 0.0093 159 29 490 256
person 0.0026 194 36 213 128
pottedplant 0.5602 80 138 184 228
pottedplant 0.0017 74 123 178 182
sofa 0.2413 87 24 505 250
sofa 0.0014 -1 118 506 280
