bird 0.0074 18 217 171 373
bottle 0.9870 -1 245 47 373
bottle 0.4908 18 217 171 373
bottle 0.0476 44 217 299 377
bottle 0.0250 -2 131 53 380
bottle 0.0242 -5 225 91 365
bottle 0.0085 13 63 341 378
bottle 0.0041 0 127 21 306
bottle 0.0037 0 176 27 371
bottle 0.0034 -1 195 48 313
bottle 0.0016 0 201 9 298
bottle 0.0014 0 160 10 260
bottle 0.0010 29 274 234 377
bottle 0.0010 40 252 137 370
chair 0.0103 3 104 499 406
diningtable 0.0025 3 104 499 406
motorbike 0.0014 3 104 499 406
person 0.9954 67 15 501 377
person 0.0575 13 63 341 378
person 0.0137 24 208 324 379
person 0.0042 0 85 54 348
person 0.0021 302 66 493 384
person 0.0017 18 217 171 373
person 0.0010 52 264 159 363
person 0.0010 2 -55 127 278
sofa 0.0017 3 104 499 406
tvmonitor 0.0015 49 244 160 370
tvmonitor 0.0011 3 35 499 395
