boat 0.0010 51 17 157 73
bus 0.0341 429 67 499 144
bus 0.0040 434 44 499 118
bus 0.0023 334 66 442 137
bus 0.0013 416 35 503 159
bus 0.0012 454 79 496 110
car 0.9998 30 50 455 293
car 0.9123 430 87 499 156
car 0.4664 321 65 435 127
car 0.0640 316 70 386 114
car 0.0592 70 49 350 210
car 0.0325 323 49 481 146
car 0.0249 1 58 10 91
car 0.0229 247 85 338 147
car 0.0152 162 69 319 130
car 0.0146 452 88 496 118
car 0.0089 307 73 444 168
car 0.0086 20 57 65 95
car 0.0082 438 97 455 116
car 0.0062 54 29 154 90
car 0.0054 4 61 19 90
car 0.0039 436 94 495 128
car 0.0037 327 58 391 90
car 0.0032 111 44 386 134
car 0.0031 437 92 459 131
car 0.0027 450 71 499 102
car 0.0027 2 59 45 92
car 0.0026 0 55 11 113
car 0.0026 490 89 500 118
car 0.0023 14 8 171 96
car 0.0022 210 49 447 133
car 0.0020 186 108 226 137
car 0.0020 335 63 402 107
car 0.0019 491 97 500 127
car 0.0019 278 69 403 124
car 0.0019 488 70 500 136
car 0.0019 471 84 502 154
car 0.0019 78 15 168 69
car 0.0018 342 45 440 224
car 0.0016 465 85 486 103
car 0.0016 24 56 43 96
car 0.0016 0 44 12 93
car 0.0014 415 58 505 173
car 0.0014 40 56 83 94
car 0.0012 463 94 486 110
car 0.0012 211 97 341 164
car 0.0012 52 39 129 111
car 0.0012 475 84 499 124
car 0.0011 57 29 108 94
car 0.0011 254 119 331 145
car 0.0010 30 65 76 97
car 0.0010 0 50 23 87
car 0.0010 -1 52 92 111
car 0.0010 344 101 436 167
motorbike 0.0024 1 58 10 91
motorbike 0.0014 24 63 42 99
motorbike 0.0010 321 65 435 127
motorbike 0.0010 2 59 21 93
person 0.0347 24 56 43 96
person 0.0317 1 58 10 91
person 0.0238 4 61 19 90
person 0.0104 171 95 224 132
person 0.0081 186 108 226 137
person 0.0050 252 93 276 131
person 0.0039 1 61 23 104
person 0.0036 31 65 53 98
person 0.0034 17 62 31 91
person 0.0030 475 75 499 115
person 0.0028 478 77 496 96
person 0.0024 0 55 11 113
person 0.0024 261 103 326 142
person 0.0024 160 8 175 63
person 0.0024 489 75 500 98
person 0.0022 193 111 218 132
person 0.0018 327 58 391 90
person 0.0016 488 65 499 124
person 0.0016 465 85 486 103
person 0.0016 70 49 350 210
person 0.0013 194 80 322 146
person 0.0013 438 97 455 116
person 0.0012 253 83 314 125
person 0.0012 247 94 298 130
person 0.0011 163 84 211 124
person 0.0011 437 83 501 155
person 0.0011 11 57 57 94
person 0.0010 490 89 500 118
person 0.0010 13 58 34 94
