aeroplane 0.0028 29 155 75 206
bicycle 0.9924 215 194 498 377
bicycle 0.5212 27 144 73 202
bicycle 0.1279 67 165 176 267
bicycle 0.0846 207 177 367 378
bicycle 0.0111 48 142 76 198
bicycle 0.0105 38 156 85 201
bicycle 0.0059 234 182 351 249
bicycle 0.0032 361 206 494 379
bicycle 0.0027 16 122 81 197
bicycle 0.0014 235 147 350 326
bicycle 0.0010 115 166 173 259
bird 0.0103 29 155 75 206
bottle 0.0041 398 225 417 274
bottle 0.0014 292 198 351 243
bottle 0.0010 401 242 413 273
car 0.0014 492 137 499 170
car 0.0012 491 88 499 181
cat 0.0010 28 143 76 200
dog 0.0185 28 143 76 200
dog 0.0023 31 126 57 198
dog 0.0021 234 182 351 249
dog 0.0020 28 158 59 203
dog 0.0018 48 127 75 197
horse 0.0029 29 115 70 195
horse 0.0010 21 146 67 198
motorbike 0.0219 27 144 73 202
motorbike 0.0108 74 113 178 266
motorbike 0.0019 48 142 76 198
motorbike 0.0012 16 122 81 197
motorbike 0.0012 226 177 492 379
person 0.9784 285 37 430 348
person 0.9683 100 85 179 268
person 0.8106 29 115 70 195
person 0.0129 30 109 74 161
person 0.0120 30 110 54 177
person 0.0103 491 88 499 181
person 0.0070 49 119 73 188
person 0.0030 29 155 75 206
person 0.0021 492 104 500 145
person 0.0018 68 101 153 261
person 0.0018 30 142 59 200
person 0.0014 324 122 423 389
person 0.0011 277 177 502 375
person 0.0011 492 137 499 170
