bicycle 0.0023 119 237 171 268
bicycle 0.0013 126 230 183 263
bird 0.0018 126 230 183 263
cat 0.0013 118 228 173 267
cow 0.2871 126 230 183 263
cow 0.2356 119 237 171 268
cow 0.0030 152 235 177 255
cow 0.0016 119 234 139 270
cow 0.0010 139 244 169 264
dog 0.0339 126 230 183 263
dog 0.0134 119 237 171 268
horse 0.0650 119 237 171 268
horse 0.0572 126 230 183 263
person 0.0019 118 228 173 267
sheep 0.0454 126 230 183 263
sheep 0.0298 119 237 171 268
sheep 0.0030 152 235 177 255
sheep 0.0021 139 244 169 264
sheep 0.0013 131 244 159 266
