bus 0.0011 0 47 24 194
car 0.9993 15 79 480 246
car 0.8920 106 65 213 122
car 0.0472 63 62 194 112
car 0.0379 0 98 26 221
car 0.0268 0 127 29 180
car 0.0194 158 65 216 91
car 0.0193 458 90 493 224
car 0.0141 182 68 211 85
car 0.0059 473 120 497 238
car 0.0038 13 92 191 219
car 0.0037 12 128 33 177
car 0.0037 365 99 412 128
car 0.0035 489 156 498 247
car 0.0034 147 65 209 106
car 0.0033 86 78 202 143
car 0.0032 3 92 40 192
car 0.0028 0 103 26 162
car 0.0026 403 105 456 139
car 0.0025 140 71 254 121
car 0.0020 0 99 8 129
car 0.0020 178 63 232 87
car 0.0017 16 104 30 130
car 0.0016 119 62 198 90
car 0.0015 117 45 241 93
car 0.0014 0 120 11 186
car 0.0013 0 97 27 135
car 0.0012 4 105 23 128
car 0.0011 413 100 494 170
motorbike 0.0016 458 90 493 224
person 0.2746 459 90 491 185
person 0.2250 423 98 452 134
person 0.1435 386 97 409 130
person 0.0844 457 95 480 136
person 0.0751 365 99 412 128
person 0.0234 451 99 496 149
person 0.0223 399 103 416 128
person 0.0192 379 102 399 124
person 0.0177 391 96 406 120
person 0.0163 16 104 30 130
person 0.0140 369 101 390 127
person 0.0114 403 105 456 139
person 0.0108 94 102 107 124
person 0.0075 472 93 497 222
person 0.0073 451 111 464 138
person 0.0070 354 103 368 129
person 0.0069 363 101 378 128
person 0.0065 453 106 479 156
person 0.0064 372 107 424 134
person 0.0064 410 104 425 128
person 0.0064 465 94 484 116
person 0.0051 1 101 27 144
person 0.0049 86 103 98 125
person 0.0044 0 99 8 129
person 0.0044 451 100 465 130
person 0.0044 220 97 269 132
person 0.0041 472 102 497 161
person 0.0040 4 105 23 128
person 0.0038 25 104 36 127
person 0.0034 437 101 455 129
person 0.0033 -1 84 27 130
person 0.0031 389 111 408 131
person 0.0030 461 97 476 118
person 0.0029 489 82 500 168
person 0.0029 0 90 7 121
person 0.0029 388 98 427 131
person 0.0027 397 112 417 132
person 0.0023 470 91 495 141
person 0.0022 0 88 12 144
person 0.0019 422 103 468 139
person 0.0019 418 104 438 127
person 0.0018 490 133 500 230
person 0.0018 73 108 89 123
person 0.0018 0 47 24 194
person 0.0017 434 97 480 134
person 0.0016 458 109 474 137
person 0.0012 13 83 34 131
person 0.0012 13 103 32 141
person 0.0012 287 18 313 78
person 0.0012 340 98 363 133
person 0.0010 357 96 402 123
person 0.0010 407 98 428 132
person 0.0010 376 94 421 124
person 0.0010 99 104 118 123
