aeroplane 0.0015 170 232 190 242
bicycle 0.0011 431 167 500 382
bird 0.0089 439 88 500 392
bird 0.0018 416 203 499 374
boat 0.9786 159 149 196 242
boat 0.0423 170 232 190 242
boat 0.0130 391 223 409 233
boat 0.0125 166 183 190 240
boat 0.0120 398 222 418 233
boat 0.0076 142 146 210 225
boat 0.0036 444 33 499 406
boat 0.0030 170 213 191 245
boat 0.0023 173 226 195 242
boat 0.0020 172 195 196 247
boat 0.0019 397 216 419 229
boat 0.0016 153 193 201 231
boat 0.0013 410 102 505 376
boat 0.0011 87 158 207 226
boat 0.0010 175 170 196 233
cat 0.0014 431 167 500 382
chair 0.0064 431 167 500 382
dog 0.0049 431 167 500 382
dog 0.0010 -11 -95 99 98
horse 0.0056 431 167 500 382
person 0.0173 431 167 500 382
person 0.0013 478 127 499 345
person 0.0011 373 -40 495 409
pottedplant 0.0012 431 167 500 382
sheep 0.0019 426 -109 508 114
sofa 0.0013 414 174 501 374
