boat 0.0031 0 24 497 364
bottle 0.0043 3 249 39 376
bottle 0.0016 0 206 24 382
bottle 0.0011 40 90 92 155
car 0.0017 0 24 497 364
chair 0.0082 63 38 338 366
chair 0.0014 248 30 505 374
chair 0.0012 0 130 23 377
diningtable 0.0023 -2 285 195 381
dog 0.0011 63 38 338 366
person 0.9933 35 40 300 379
person 0.9836 247 46 505 381
person 0.1465 -1 120 50 319
person 0.0612 0 133 25 336
person 0.0199 -2 99 89 302
person 0.0144 -4 -72 62 268
person 0.0101 0 24 497 364
person 0.0076 -1 98 27 260
person 0.0061 181 56 391 383
person 0.0057 4 2 185 314
person 0.0046 -2 26 34 337
person 0.0045 409 83 498 390
person 0.0030 0 63 134 378
person 0.0024 -1 124 45 232
person 0.0017 0 -7 20 248
person 0.0016 476 71 500 208
person 0.0015 244 79 345 282
person 0.0015 306 48 498 247
person 0.0010 441 46 502 237
sofa 0.0267 0 24 497 364
sofa 0.0023 248 30 505 374
sofa 0.0014 81 42 323 381
