bicycle 0.0114 404 204 501 264
bicycle 0.0042 223 147 487 367
bicycle 0.0031 158 200 178 251
bicycle 0.0017 453 208 496 240
bicycle 0.0016 362 215 501 277
bicycle 0.0013 180 226 231 261
boat 0.0014 172 227 221 259
bus 0.1287 0 180 50 242
car 0.8077 0 180 50 242
car 0.0074 175 219 219 253
car 0.0035 180 226 231 261
car 0.0022 6 210 56 239
car 0.0018 439 211 494 240
car 0.0017 236 169 427 362
car 0.0013 0 213 10 244
car 0.0010 -2 195 26 242
chair 0.0035 172 227 221 259
diningtable 0.0010 172 227 221 259
motorbike 0.9313 223 147 487 367
motorbike 0.0493 314 219 498 368
motorbike 0.0089 201 218 406 363
motorbike 0.0016 158 200 178 251
motorbike 0.0013 453 208 496 240
motorbike 0.0011 404 204 501 264
person 0.9899 241 103 418 365
person 0.2994 130 197 144 237
person 0.0486 157 188 177 248
person 0.0068 489 181 499 270
person 0.0034 167 189 185 247
person 0.0033 152 189 168 247
person 0.0030 161 223 174 251
person 0.0019 439 211 494 240
person 0.0014 247 167 263 226
person 0.0013 461 197 486 240
person 0.0012 154 196 164 221
person 0.0012 137 194 155 242
person 0.0012 464 215 483 238
person 0.0011 218 212 457 374
person 0.0010 170 211 181 244
person 0.0010 320 191 491 354
sofa 0.0013 172 227 221 259
