bottle 0.0664 253 107 273 161
bottle 0.0576 249 135 296 223
bottle 0.0209 248 99 265 152
bottle 0.0175 247 114 283 207
bottle 0.0162 60 257 81 319
bottle 0.0143 271 104 297 162
bottle 0.0110 161 108 178 160
bottle 0.0109 231 36 498 387
bottle 0.0093 206 302 224 371
bottle 0.0085 54 262 108 369
bottle 0.0073 170 170 186 237
bottle 0.0066 53 256 90 339
bottle 0.0049 309 282 357 379
bottle 0.0048 167 96 185 156
bottle 0.0047 196 178 217 244
bottle 0.0041 61 8 79 30
bottle 0.0041 255 86 271 147
bottle 0.0039 231 122 319 316
bottle 0.0039 186 182 209 242
bottle 0.0031 264 83 285 148
bottle 0.0031 255 96 295 185
bottle 0.0030 146 294 253 374
bottle 0.0028 251 122 277 182
bottle 0.0024 176 186 196 237
bottle 0.0023 196 293 241 373
bottle 0.0021 236 113 256 157
bottle 0.0021 216 153 304 236
bottle 0.0018 246 113 268 172
bottle 0.0018 250 107 262 142
bottle 0.0017 100 291 217 373
bottle 0.0016 317 239 494 380
bottle 0.0016 0 12 7 46
bottle 0.0016 257 115 269 151
bottle 0.0015 153 154 415 378
bottle 0.0013 219 119 230 150
bottle 0.0013 179 92 194 157
bottle 0.0012 258 152 287 210
bottle 0.0012 211 156 367 308
bottle 0.0012 164 105 175 143
bottle 0.0011 199 95 215 155
bottle 0.0010 272 92 291 141
bottle 0.0010 189 94 204 155
chair 0.0049 231 36 498 387
diningtable 0.0211 12 294 494 380
diningtable 0.0042 14 290 254 379
diningtable 0.0017 3 114 493 403
person 0.9964 224 -11 499 383
person 0.5478 0 54 64 340
person 0.1593 0 50 127 386
person 0.0986 20 -39 480 401
person 0.0801 473 52 500 154
person 0.0360 444 24 498 333
person 0.0291 470 8 498 349
person 0.0220 428 17 465 141
person 0.0185 5 76 255 381
person 0.0129 476 38 500 233
person 0.0095 61 8 79 30
person 0.0092 454 70 500 167
person 0.0064 484 59 501 136
person 0.0050 168 -26 411 341
person 0.0045 -2 15 36 380
person 0.0032 419 0 484 161
person 0.0030 444 11 503 189
person 0.0025 -5 18 57 226
person 0.0021 0 193 95 390
person 0.0019 59 6 72 33
person 0.0018 47 -31 302 330
person 0.0017 449 31 496 136
person 0.0016 430 64 447 127
person 0.0011 218 142 339 368
person 0.0011 97 160 411 378
person 0.0011 478 -35 500 159
person 0.0010 50 4 91 30
person 0.0010 435 62 454 129
tvmonitor 0.9354 192 -1 300 62
tvmonitor 0.0034 117 0 324 74
tvmonitor 0.0018 192 -1 471 79
tvmonitor 0.0016 0 -4 26 42
tvmonitor 0.0016 155 -3 258 60
tvmonitor 0.0015 183 -5 208 62
tvmonitor 0.0011 117 -3 198 79
tvmonitor 0.0010 167 1 206 75
