bottle 0.0011 28 293 72 371
car 0.0027 413 -25 496 201
cat 0.0048 155 193 258 342
chair 0.0020 134 89 275 373
chair 0.0016 424 -2 501 233
dog 0.8068 164 170 269 337
dog 0.0108 134 89 275 373
dog 0.0016 176 161 265 229
horse 0.0019 152 146 265 336
person 0.9547 415 -18 498 222
person 0.0048 317 58 364 96
person 0.0031 -1 111 58 431
person 0.0029 28 293 72 371
person 0.0026 -1 88 21 306
person 0.0018 0 155 20 391
person 0.0015 0 7 29 385
person 0.0013 131 0 287 380
person 0.0011 -1 32 90 399
pottedplant 0.0028 129 -1 201 207
pottedplant 0.0012 146 78 172 133
pottedplant 0.0011 136 84 221 156
pottedplant 0.0011 137 71 186 168
tvmonitor 0.0032 28 293 72 371
tvmonitor 0.0031 0 288 49 369
