bottle 0.0028 373 273 386 302
bottle 0.0010 351 268 369 289
chair 0.0081 449 285 499 375
chair 0.0050 450 333 500 378
chair 0.0022 -2 164 47 380
chair 0.0018 376 294 478 373
chair 0.0018 335 226 483 375
diningtable 0.0011 243 274 486 374
person 0.9587 73 200 258 378
person 0.9008 -1 159 47 353
person 0.7725 259 225 477 373
person 0.5223 133 143 186 209
person 0.4051 216 212 380 375
person 0.2394 363 230 490 369
person 0.1431 211 199 312 356
person 0.0591 252 159 296 206
person 0.0528 202 147 246 210
person 0.0332 133 150 165 197
person 0.0190 1 167 24 237
person 0.0176 217 204 295 268
person 0.0160 -2 160 33 273
person 0.0152 283 232 386 363
person 0.0152 242 149 314 209
person 0.0136 -8 142 90 403
person 0.0136 185 240 225 274
person 0.0116 296 232 346 265
person 0.0105 0 195 28 390
person 0.0102 214 237 256 281
person 0.0093 0 162 12 241
person 0.0090 97 271 121 303
person 0.0088 187 242 208 262
person 0.0085 154 147 250 208
person 0.0081 139 145 174 187
person 0.0064 183 235 211 266
person 0.0062 232 229 255 272
person 0.0059 132 149 151 210
person 0.0054 104 269 119 289
person 0.0052 289 230 301 254
person 0.0051 200 160 233 205
person 0.0043 294 223 375 284
person 0.0043 193 247 215 265
person 0.0040 135 129 224 202
person 0.0035 222 145 247 198
person 0.0028 373 273 386 302
person 0.0025 294 239 310 261
person 0.0025 207 166 240 213
person 0.0024 126 163 235 222
person 0.0022 219 163 303 225
person 0.0022 210 150 239 196
person 0.0020 148 146 205 205
person 0.0020 302 240 319 260
person 0.0019 0 189 28 252
person 0.0019 126 153 172 228
person 0.0019 188 230 242 269
person 0.0018 65 208 152 371
person 0.0018 174 219 270 283
person 0.0017 214 213 265 290
person 0.0016 148 149 182 197
person 0.0016 83 215 170 291
person 0.0015 285 228 302 266
person 0.0014 141 165 193 214
person 0.0014 381 224 480 291
person 0.0014 9 201 190 384
person 0.0013 398 231 494 316
person 0.0013 163 231 210 268
person 0.0013 236 236 252 263
person 0.0013 98 208 221 263
person 0.0012 265 156 295 194
person 0.0011 184 244 211 289
person 0.0011 -5 11 120 373
person 0.0011 185 165 261 220
train 0.0020 57 180 278 376
