bicycle 0.6161 227 187 364 308
bicycle 0.5502 107 142 209 281
bicycle 0.4843 -1 156 91 246
bicycle 0.3760 41 170 124 253
bicycle 0.1538 218 186 307 280
bicycle 0.0723 220 186 264 274
bicycle 0.0654 370 162 451 227
bicycle 0.0275 180 190 217 273
bicycle 0.0222 255 133 353 291
bicycle 0.0188 353 162 400 227
bicycle 0.0150 411 157 447 229
bicycle 0.0109 357 138 435 221
bicycle 0.0094 21 151 112 270
bicycle 0.0091 363 165 391 215
bicycle 0.0083 156 175 208 264
bicycle 0.0078 249 180 355 260
bicycle 0.0044 415 171 436 227
bicycle 0.0032 455 143 495 235
bicycle 0.0027 393 113 435 228
bicycle 0.0025 417 119 453 224
bicycle 0.0023 132 185 190 276
bicycle 0.0023 255 170 302 271
bicycle 0.0022 114 170 174 268
bicycle 0.0019 194 189 238 272
bicycle 0.0016 83 144 130 243
bicycle 0.0013 415 159 492 224
bicycle 0.0013 288 179 349 293
bicycle 0.0012 101 173 150 259
bicycle 0.0011 420 147 438 216
bicycle 0.0010 45 132 125 220
bird 0.0025 359 165 386 213
bottle 0.0021 415 171 436 227
bottle 0.0011 420 147 438 216
bottle 0.0010 489 117 500 210
car 0.0478 166 115 191 131
car 0.0359 195 133 215 151
car 0.0136 3 120 88 200
car 0.0111 156 116 201 150
car 0.0053 370 131 453 221
car 0.0052 -4 131 68 226
car 0.0046 176 130 218 157
car 0.0033 456 117 496 224
car 0.0025 5 82 60 118
car 0.0023 167 113 188 125
car 0.0022 337 123 380 157
car 0.0019 414 132 492 218
car 0.0018 167 121 192 140
car 0.0018 345 114 396 155
car 0.0017 489 207 499 231
car 0.0017 0 74 10 99
car 0.0017 3 88 24 108
car 0.0017 160 124 212 162
car 0.0016 1 78 63 99
car 0.0016 0 79 23 97
car 0.0016 0 85 10 108
car 0.0015 455 114 497 154
car 0.0012 47 124 125 195
car 0.0012 146 112 192 138
car 0.0010 327 132 372 169
chair 0.0110 393 113 435 228
chair 0.0046 417 119 453 224
chair 0.0031 2 140 62 248
chair 0.0030 358 129 400 222
chair 0.0029 456 117 496 224
chair 0.0023 370 124 416 226
chair 0.0014 192 189 218 250
chair 0.0013 261 185 358 309
chair 0.0013 180 190 217 273
chair 0.0011 411 157 447 229
chair 0.0011 0 133 26 254
diningtable 0.0262 370 162 451 227
diningtable 0.0176 357 138 435 221
diningtable 0.0027 414 132 492 218
diningtable 0.0020 393 113 435 228
diningtable 0.0012 424 124 466 223
dog 0.0034 359 165 386 213
dog 0.0011 420 147 438 216
horse 0.0030 0 131 89 227
horse 0.0026 45 132 125 220
horse 0.0011 23 124 109 193
motorbike 0.1412 -1 156 91 246
motorbike 0.0091 40 161 127 244
motorbike 0.0050 18 134 111 221
motorbike 0.0041 3 120 88 200
motorbike 0.0038 393 113 435 228
motorbike 0.0035 -4 131 68 226
motorbike 0.0030 370 131 453 221
motorbike 0.0019 358 129 400 222
motorbike 0.0019 456 117 496 224
motorbike 0.0016 417 119 453 224
motorbike 0.0016 47 124 125 195
motorbike 0.0012 359 165 386 213
person 0.9726 269 121 355 272
person 0.9425 118 112 205 278
person 0.8463 394 107 431 218
person 0.8173 228 122 283 233
person 0.7630 457 110 495 216
person 0.5392 366 110 395 156
person 0.5185 338 111 366 155
person 0.5136 2 119 59 233
person 0.3965 418 109 453 214
person 0.3290 30 92 59 136
person 0.2091 0 95 28 153
person 0.1943 455 114 497 154
person 0.1587 59 100 87 148
person 0.1519 157 119 206 265
person 0.1498 84 126 130 220
person 0.1372 1 103 28 213
person 0.1358 342 111 361 135
person 0.1107 396 103 423 163
person 0.0999 362 107 398 209
person 0.0912 9 94 35 134
person 0.0904 423 112 448 156
person 0.0902 375 105 398 147
person 0.0739 21 113 67 204
person 0.0723 99 127 120 144
person 0.0699 77 104 103 144
person 0.0655 26 99 76 147
person 0.0637 349 113 368 136
person 0.0555 416 110 441 175
person 0.0539 488 110 501 197
person 0.0539 472 109 499 160
person 0.0537 -1 114 10 190
person 0.0511 57 124 113 223
person 0.0440 67 99 93 132
person 0.0377 0 93 13 157
person 0.0327 13 94 31 118
person 0.0321 4 97 49 183
person 0.0314 92 126 111 145
person 0.0304 370 124 416 226
person 0.0294 71 103 90 125
person 0.0267 61 102 101 181
person 0.0256 80 105 99 125
person 0.0251 239 115 321 279
person 0.0235 0 155 9 248
person 0.0233 66 126 143 198
person 0.0228 379 106 396 127
person 0.0216 3 90 27 127
person 0.0214 253 126 298 237
person 0.0213 46 117 93 196
person 0.0205 426 118 448 186
person 0.0198 484 107 502 161
person 0.0189 46 113 96 151
person 0.0189 335 111 371 205
person 0.0180 5 101 60 145
person 0.0174 63 103 83 125
person 0.0161 96 124 123 179
person 0.0153 86 124 132 160
person 0.0152 358 114 385 155
person 0.0145 136 113 190 246
person 0.0144 405 106 430 160
person 0.0134 0 133 26 254
person 0.0130 487 112 500 137
person 0.0120 35 93 87 134
person 0.0117 67 108 94 154
person 0.0114 93 123 123 149
person 0.0111 475 114 496 137
person 0.0110 31 126 53 143
person 0.0109 118 116 169 238
person 0.0106 426 115 446 137
person 0.0099 372 112 391 136
person 0.0091 50 127 72 144
person 0.0091 20 116 63 147
person 0.0091 0 92 10 119
person 0.0089 81 124 100 146
person 0.0089 6 94 24 118
person 0.0085 420 122 437 202
person 0.0084 15 151 76 245
person 0.0080 25 115 107 237
person 0.0078 341 109 377 140
person 0.0075 40 128 62 143
person 0.0069 432 115 480 153
person 0.0067 349 110 392 144
person 0.0065 81 111 99 136
person 0.0064 89 124 113 178
person 0.0064 1 113 41 150
person 0.0061 337 123 380 157
person 0.0060 440 125 492 161
person 0.0059 420 111 437 135
person 0.0059 360 115 380 135
person 0.0059 391 106 443 159
person 0.0055 58 125 103 159
person 0.0054 35 94 55 118
person 0.0054 0 112 25 173
person 0.0053 29 125 74 157
person 0.0051 376 115 449 227
person 0.0051 74 109 125 143
person 0.0050 34 102 54 124
person 0.0049 81 131 101 152
person 0.0046 78 125 105 180
person 0.0046 3 88 24 108
person 0.0045 11 89 56 128
pottedplant 0.0045 415 171 436 227
sofa 0.0010 370 131 453 221
