bottle 0.0245 118 124 141 179
bottle 0.0168 139 184 159 249
bottle 0.0147 120 112 136 153
bottle 0.0107 147 188 169 247
bottle 0.0106 127 138 152 185
bottle 0.0076 128 173 148 245
bottle 0.0041 108 137 132 184
bottle 0.0039 144 5 169 50
bottle 0.0034 154 190 179 246
bottle 0.0030 101 137 121 184
bottle 0.0025 76 103 128 205
bottle 0.0023 112 109 131 155
bottle 0.0023 101 114 148 198
bottle 0.0017 117 145 142 196
bottle 0.0015 106 128 152 177
bottle 0.0013 202 207 228 249
bottle 0.0013 97 150 148 247
bottle 0.0012 135 145 159 194
bottle 0.0011 122 117 160 195
bottle 0.0010 96 140 143 183
bottle 0.0010 142 177 186 248
bottle 0.0010 147 150 192 192
bottle 0.0010 117 149 161 247
bus 0.0069 89 -6 401 195
bus 0.0035 128 12 367 142
car 0.0010 449 50 498 272
chair 0.0015 55 126 145 268
diningtable 0.0192 27 236 312 319
diningtable 0.0027 75 120 277 276
diningtable 0.0019 78 120 167 193
dog 0.0016 55 166 144 262
person 0.9916 205 27 456 333
person 0.8581 451 51 498 300
person 0.3554 44 143 140 285
person 0.3408 154 101 288 249
person 0.2475 240 56 320 216
person 0.2338 165 72 337 324
person 0.0999 -1 20 88 332
person 0.0748 317 43 480 334
person 0.0352 60 93 146 259
person 0.0242 254 60 308 143
person 0.0160 75 101 122 177
person 0.0140 165 61 328 197
person 0.0128 76 161 135 264
person 0.0127 97 150 148 247
person 0.0126 411 39 501 349
person 0.0116 0 -83 126 278
person 0.0108 205 76 307 233
person 0.0103 6 94 131 299
person 0.0094 0 -99 64 261
person 0.0084 56 90 297 310
person 0.0081 473 46 499 266
person 0.0054 0 117 57 344
person 0.0043 195 94 285 180
person 0.0041 128 173 148 245
person 0.0035 42 130 228 273
person 0.0034 244 45 349 303
person 0.0034 77 123 130 228
person 0.0033 118 175 143 244
person 0.0029 145 183 256 248
person 0.0024 158 117 251 200
person 0.0023 66 112 145 197
person 0.0021 202 170 363 325
person 0.0019 84 101 116 145
person 0.0018 119 172 163 251
person 0.0018 0 -26 31 377
person 0.0017 0 41 134 212
person 0.0017 381 135 481 325
person 0.0016 215 70 311 159
person 0.0014 66 89 142 156
person 0.0014 0 123 20 345
person 0.0014 -7 -95 98 104
person 0.0012 31 182 244 317
person 0.0012 452 50 496 185
person 0.0012 209 90 258 117
person 0.0012 140 138 234 217
person 0.0011 117 164 141 217
person 0.0011 256 90 304 209
person 0.0010 232 48 429 220
person 0.0010 106 162 134 219
person 0.0010 64 29 140 209
person 0.0010 169 91 275 145
sofa 0.0010 27 236 312 319
tvmonitor 0.0201 103 3 398 113
tvmonitor 0.0111 147 150 192 192
tvmonitor 0.0057 106 -3 453 202
tvmonitor 0.0046 165 61 328 197
tvmonitor 0.0016 134 111 182 153
tvmonitor 0.0011 128 95 236 142
