bicycle 0.2035 9 182 58 279
bicycle 0.1694 443 186 498 256
bicycle 0.0399 474 200 500 257
bicycle 0.0278 451 215 497 259
bicycle 0.0190 372 228 413 314
bicycle 0.0093 486 190 501 266
bicycle 0.0086 10 186 81 315
bicycle 0.0059 354 256 436 318
bicycle 0.0057 16 180 115 250
bicycle 0.0056 432 195 479 260
bicycle 0.0034 12 201 56 255
bicycle 0.0030 486 263 498 326
bicycle 0.0030 59 170 84 210
bicycle 0.0030 204 149 222 227
bicycle 0.0026 69 167 144 230
bicycle 0.0026 371 233 452 312
bicycle 0.0026 145 177 169 220
bicycle 0.0022 -1 164 23 269
bicycle 0.0020 136 176 159 222
bicycle 0.0019 68 168 114 213
bicycle 0.0019 198 162 214 216
bicycle 0.0019 11 146 53 256
bicycle 0.0017 410 232 447 318
bicycle 0.0016 26 185 55 250
bicycle 0.0016 154 187 199 229
bicycle 0.0014 384 257 413 315
bicycle 0.0014 220 187 308 319
bicycle 0.0014 448 229 494 317
bicycle 0.0014 436 146 502 279
bicycle 0.0013 57 185 86 231
bicycle 0.0013 474 272 498 314
bicycle 0.0013 353 226 396 313
bicycle 0.0012 475 189 500 309
bicycle 0.0012 374 173 409 299
bicycle 0.0011 -1 190 10 265
bicycle 0.0011 456 265 476 305
bicycle 0.0010 410 193 449 270
bicycle 0.0010 334 231 418 314
bottle 0.0030 430 178 446 238
bottle 0.0016 87 167 113 215
bottle 0.0012 59 170 84 210
bottle 0.0012 101 178 118 200
bottle 0.0010 63 177 80 204
bottle 0.0010 159 148 176 171
bottle 0.0010 459 264 472 294
bottle 0.0010 72 177 88 204
bus 0.0095 99 -7 466 255
car 0.0123 486 263 498 326
car 0.0074 474 272 498 314
car 0.0069 474 200 500 257
car 0.0068 206 122 284 223
car 0.0064 231 183 313 319
car 0.0059 454 275 494 310
car 0.0037 69 167 144 230
car 0.0032 175 138 200 186
car 0.0029 489 287 498 321
car 0.0027 26 181 55 219
car 0.0027 457 283 476 308
car 0.0022 164 130 209 175
car 0.0022 212 184 297 249
car 0.0021 456 265 476 305
car 0.0017 197 151 216 211
car 0.0016 477 281 494 311
car 0.0015 188 199 205 223
car 0.0015 185 141 207 200
car 0.0015 154 139 199 182
car 0.0013 486 182 500 259
car 0.0012 136 166 160 216
car 0.0012 141 163 220 223
car 0.0011 341 148 395 317
car 0.0011 291 155 348 332
car 0.0011 450 205 500 255
car 0.0011 479 271 492 302
car 0.0011 31 188 52 211
car 0.0010 50 182 268 333
car 0.0010 465 282 483 309
car 0.0010 139 179 176 219
cow 0.0012 128 176 151 237
dog 0.0015 443 205 489 254
dog 0.0010 474 200 500 257
horse 0.0025 128 176 151 237
horse 0.0022 204 149 222 227
horse 0.0019 65 173 146 253
horse 0.0017 85 167 155 232
horse 0.0011 9 182 58 279
horse 0.0011 474 200 500 257
horse 0.0010 136 176 159 222
motorbike 0.9948 38 177 251 332
motorbike 0.4991 9 182 58 279
motorbike 0.1469 220 187 308 319
motorbike 0.0757 443 193 497 260
motorbike 0.0490 474 200 500 257
motorbike 0.0341 372 228 413 314
motorbike 0.0262 10 186 81 315
motorbike 0.0179 123 191 287 321
motorbike 0.0170 456 265 476 305
motorbike 0.0125 16 180 115 250
motorbike 0.0103 65 168 148 301
motorbike 0.0102 69 167 144 230
motorbike 0.0080 474 272 498 314
motorbike 0.0078 410 232 447 318
motorbike 0.0052 -1 164 23 269
motorbike 0.0052 486 263 498 326
motorbike 0.0052 145 177 169 220
motorbike 0.0047 40 191 136 276
motorbike 0.0043 462 265 484 308
motorbike 0.0041 59 170 84 210
motorbike 0.0037 454 275 494 310
motorbike 0.0036 371 233 452 312
motorbike 0.0036 136 176 159 222
motorbike 0.0032 486 190 501 266
motorbike 0.0028 26 181 55 219
motorbike 0.0027 448 229 494 317
motorbike 0.0025 22 156 63 246
motorbike 0.0025 389 202 436 309
motorbike 0.0023 43 176 91 251
motorbike 0.0023 204 149 222 227
motorbike 0.0022 196 174 215 223
motorbike 0.0020 57 185 86 231
motorbike 0.0019 225 192 424 309
motorbike 0.0019 141 159 185 227
motorbike 0.0018 19 186 48 250
motorbike 0.0018 49 156 231 277
motorbike 0.0017 163 185 188 230
motorbike 0.0016 96 165 145 257
motorbike 0.0016 68 168 114 213
motorbike 0.0016 118 160 158 232
motorbike 0.0016 374 173 409 299
motorbike 0.0015 157 179 177 220
motorbike 0.0015 384 257 413 315
motorbike 0.0014 158 155 200 226
motorbike 0.0014 351 183 392 321
motorbike 0.0014 185 191 210 225
motorbike 0.0013 354 256 436 318
motorbike 0.0013 126 169 151 213
motorbike 0.0012 432 185 479 254
motorbike 0.0012 412 186 496 319
motorbike 0.0012 12 201 56 255
motorbike 0.0010 403 271 450 318
motorbike 0.0010 19 205 112 295
motorbike 0.0010 79 174 103 220
person 0.9964 290 136 349 320
person 0.9588 336 142 386 319
person 0.6585 215 118 276 225
person 0.4059 199 123 230 226
person 0.2237 96 165 145 257
person 0.1890 456 265 476 305
person 0.1635 264 116 295 193
person 0.1090 462 265 484 308
person 0.0797 204 149 222 227
person 0.0596 119 118 140 167
person 0.0481 205 116 226 185
person 0.0463 190 110 223 206
person 0.0362 85 163 133 233
person 0.0356 486 255 498 320
person 0.0270 459 264 472 294
person 0.0265 198 120 217 184
person 0.0265 129 173 151 225
person 0.0263 162 128 198 221
person 0.0260 372 228 413 314
person 0.0243 410 232 447 318
person 0.0239 87 167 113 215
person 0.0238 476 264 495 311
person 0.0228 126 107 148 160
person 0.0218 380 159 399 220
person 0.0217 186 129 206 192
person 0.0212 65 168 148 301
person 0.0179 136 176 159 222
person 0.0178 105 133 142 228
person 0.0171 216 123 295 309
person 0.0164 164 176 186 221
person 0.0161 231 183 313 319
person 0.0159 198 162 214 216
person 0.0157 234 105 258 140
person 0.0144 336 144 364 197
person 0.0142 349 146 391 251
person 0.0131 474 200 500 257
person 0.0128 468 265 481 293
person 0.0122 234 105 279 182
person 0.0121 175 138 200 186
person 0.0120 169 154 185 205
person 0.0119 351 183 392 321
person 0.0118 285 127 303 174
person 0.0112 159 148 176 171
person 0.0110 109 156 130 205
person 0.0101 117 173 145 227
person 0.0099 296 131 324 171
person 0.0098 189 163 206 216
person 0.0098 398 144 415 195
person 0.0094 479 271 492 302
person 0.0092 242 94 264 135
person 0.0091 157 179 177 220
person 0.0088 315 154 352 314
person 0.0087 293 131 312 171
person 0.0083 157 148 179 210
person 0.0083 145 177 169 220
person 0.0081 160 185 173 214
person 0.0080 -1 154 7 245
person 0.0077 79 167 103 213
person 0.0076 488 266 498 305
person 0.0074 367 157 391 207
person 0.0073 172 163 183 198
person 0.0073 156 129 179 172
person 0.0073 261 110 288 155
person 0.0071 148 133 184 218
person 0.0070 406 124 429 179
person 0.0070 449 262 467 307
person 0.0066 112 95 143 182
person 0.0066 252 118 294 166
person 0.0063 106 170 135 226
person 0.0061 136 108 158 160
person 0.0060 486 190 501 266
person 0.0058 20 178 63 259
person 0.0058 115 156 141 208
person 0.0057 170 174 182 204
person 0.0057 195 109 219 160
person 0.0054 101 178 118 200
person 0.0051 374 173 409 299
person 0.0049 480 266 493 291
person 0.0049 378 145 397 197
person 0.0049 96 170 122 209
person 0.0047 453 267 495 306
person 0.0045 397 225 418 286
person 0.0044 195 139 216 204
person 0.0043 160 106 200 175
person 0.0042 188 199 205 223
person 0.0040 114 116 130 170
person 0.0038 399 109 432 205
person 0.0038 377 150 408 237
person 0.0037 112 165 126 193
person 0.0036 389 146 407 196
person 0.0036 121 126 137 157
person 0.0035 149 185 165 214
person 0.0035 116 133 139 185
person 0.0035 59 170 84 210
person 0.0034 465 282 483 309
person 0.0033 176 153 198 205
person 0.0033 200 172 211 207
person 0.0032 148 154 168 207
person 0.0032 120 100 156 174
person 0.0032 192 173 203 205
pottedplant 0.0036 58 0 111 77
pottedplant 0.0021 49 2 89 76
pottedplant 0.0020 12 120 34 183
pottedplant 0.0016 59 170 84 210
