bottle 0.0050 339 58 362 95
bottle 0.0020 350 64 365 92
chair 0.9344 40 234 203 377
chair 0.5377 341 212 496 380
chair 0.0256 233 260 354 374
chair 0.0044 146 194 192 278
diningtable 0.0011 26 236 198 376
dog 0.0011 339 58 362 95
person 0.1249 339 58 362 95
person 0.0036 350 64 365 92
person 0.0011 343 70 357 94
pottedplant 0.2382 418 19 457 92
pottedplant 0.0661 374 16 455 93
pottedplant 0.0160 377 22 420 89
pottedplant 0.0035 146 194 192 278
pottedplant 0.0019 342 11 477 130
pottedplant 0.0016 405 26 427 87
pottedplant 0.0014 431 38 460 93
pottedplant 0.0014 433 17 458 78
pottedplant 0.0011 396 42 421 89
sofa 0.7103 348 216 500 378
sofa 0.3064 26 236 198 376
sofa 0.0034 233 260 354 374
tvmonitor 0.0014 354 200 495 362
