bottle 0.0016 291 365 323 499
bus 0.0017 135 298 219 329
car 0.0083 126 310 208 330
car 0.0042 135 298 219 329
car 0.0028 127 290 253 338
car 0.0013 118 300 224 361
car 0.0010 148 308 224 333
chair 0.0021 175 280 322 499
person 0.6968 175 280 322 499
person 0.0085 300 211 323 344
person 0.0026 161 283 261 343
person 0.0017 314 234 324 331
person 0.0012 300 215 324 276
person 0.0011 176 270 312 390
pottedplant 0.0060 0 7 86 93
pottedplant 0.0013 20 312 42 388
pottedplant 0.0012 -22 0 187 90
train 0.0014 88 275 329 489
train 0.0013 58 278 271 380
train 0.0012 38 57 287 444
tvmonitor 0.0011 120 293 223 338
