bottle 0.0206 458 189 475 233
bottle 0.0116 461 195 473 226
bottle 0.0104 462 206 474 235
bottle 0.0075 468 218 482 242
bottle 0.0070 393 196 403 226
bottle 0.0070 445 183 471 221
bottle 0.0066 394 205 404 235
bottle 0.0063 133 225 148 274
bottle 0.0051 132 51 162 101
bottle 0.0046 373 197 385 222
bottle 0.0045 381 199 396 224
bottle 0.0040 489 204 498 239
bottle 0.0033 381 189 395 216
bottle 0.0029 369 178 389 223
bottle 0.0022 465 200 483 241
bottle 0.0019 378 192 399 229
bottle 0.0018 476 198 496 243
bottle 0.0016 134 225 145 255
bottle 0.0013 487 190 498 250
bottle 0.0012 462 216 475 242
bottle 0.0010 392 217 406 241
chair 0.0185 134 135 228 398
chair 0.0012 258 253 296 375
diningtable 0.0028 381 188 484 237
person 0.9647 213 104 307 365
person 0.9560 292 92 376 377
person 0.9205 133 98 228 375
person 0.0200 264 64 329 374
person 0.0027 245 159 307 383
person 0.0014 215 75 296 252
person 0.0013 274 84 368 276
person 0.0013 211 149 273 394
person 0.0011 3 6 96 108
pottedplant 0.0943 369 178 389 223
pottedplant 0.0059 373 197 385 222
pottedplant 0.0037 452 183 477 222
pottedplant 0.0021 381 189 395 216
pottedplant 0.0020 133 225 148 274
pottedplant 0.0016 381 199 396 224
pottedplant 0.0014 362 177 396 210
sofa 0.0023 134 135 228 398
tvmonitor 0.3317 1 -3 98 120
tvmonitor 0.3061 7 194 120 355
tvmonitor 0.0026 0 219 21 372
tvmonitor 0.0013 -3 11 128 359
tvmonitor 0.0011 0 5 54 109
