boat 0.0016 -2 137 501 375
bottle 0.0022 150 66 173 105
diningtable 0.0025 8 158 341 371
person 0.9343 110 145 181 211
person 0.7791 380 82 488 242
person 0.2005 188 149 240 216
person 0.0481 188 159 281 232
person 0.0203 34 125 310 233
person 0.0136 346 97 389 223
person 0.0070 178 145 268 284
person 0.0055 126 147 242 211
person 0.0044 5 132 181 238
person 0.0038 200 145 231 200
person 0.0038 437 88 500 266
person 0.0032 375 72 497 366
person 0.0025 354 93 442 226
person 0.0020 1 170 61 375
person 0.0015 117 148 161 199
person 0.0015 269 94 474 220
person 0.0013 476 109 499 285
person 0.0011 107 142 183 283
person 0.0011 209 143 264 221
person 0.0011 146 124 422 237
person 0.0011 0 100 266 208
person 0.0010 0 210 23 377
sofa 0.0364 4 92 494 355
sofa 0.0361 34 125 310 233
sofa 0.0076 108 102 379 215
sofa 0.0038 29 163 316 272
sofa 0.0027 8 158 341 371
sofa 0.0026 49 94 364 289
sofa 0.0023 5 132 181 238
sofa 0.0019 172 127 482 236
train 0.0015 29 100 313 210
tvmonitor 0.0025 150 66 173 105
