aeroplane 0.0059 -1 151 140 303
bottle 0.0016 277 264 288 288
car 0.0180 -1 170 90 305
car 0.0176 -1 187 58 291
car 0.0020 11 140 174 308
car 0.0012 0 166 7 196
cow 0.0285 49 104 136 293
cow 0.0199 125 129 197 337
cow 0.0143 443 156 501 343
cow 0.0117 376 141 491 354
cow 0.0026 473 170 500 335
cow 0.0024 10 151 120 319
dog 0.0010 383 131 485 307
horse 0.9981 166 119 397 376
horse 0.5708 125 129 197 337
horse 0.3779 383 131 485 307
horse 0.1559 393 88 473 260
horse 0.1056 46 121 138 316
horse 0.0221 443 156 501 343
horse 0.0158 390 154 479 237
horse 0.0053 40 112 224 337
horse 0.0042 124 161 171 309
horse 0.0037 73 162 174 334
horse 0.0025 98 137 246 313
horse 0.0024 14 169 115 330
horse 0.0017 473 170 500 335
horse 0.0011 12 114 171 277
motorbike 0.0048 -1 170 90 305
motorbike 0.0023 125 129 197 337
motorbike 0.0013 11 140 174 308
person 0.9860 237 27 326 260
person 0.8731 397 83 472 234
person 0.7707 122 92 203 298
person 0.0467 131 100 190 215
person 0.0184 400 103 493 295
person 0.0176 277 264 288 288
person 0.0172 0 166 7 196
person 0.0083 443 156 501 343
person 0.0063 59 105 141 291
person 0.0032 202 47 361 353
person 0.0029 -1 157 10 207
person 0.0023 265 266 282 289
person 0.0021 126 156 194 339
person 0.0021 36 190 51 210
person 0.0021 262 243 286 295
person 0.0020 143 108 193 158
person 0.0019 24 192 42 207
person 0.0017 4 169 18 193
person 0.0015 411 84 462 169
person 0.0013 285 266 299 286
person 0.0012 473 170 500 335
person 0.0012 244 143 281 251
person 0.0011 147 250 170 324
person 0.0010 15 173 29 191
