bottle 0.1133 190 228 232 319
bottle 0.1066 364 234 407 309
bottle 0.0668 363 245 381 304
bottle 0.0262 170 230 215 317
bottle 0.0164 207 229 244 318
bottle 0.0057 147 228 237 319
bottle 0.0021 151 229 197 322
bottle 0.0017 197 227 219 300
bottle 0.0010 324 239 414 305
chair 0.2077 104 60 358 421
chair 0.0990 9 157 150 490
chair 0.0629 67 174 345 491
chair 0.0555 94 373 384 500
chair 0.0329 224 380 396 498
chair 0.0086 7 302 331 499
chair 0.0072 0 129 90 462
chair 0.0037 115 173 309 312
chair 0.0017 173 252 455 492
chair 0.0016 407 241 486 507
chair 0.0013 360 65 495 510
chair 0.0011 286 240 497 496
chair 0.0010 103 264 308 394
diningtable 0.0066 59 244 413 501
diningtable 0.0011 38 62 373 517
diningtable 0.0011 94 373 384 500
person 0.9762 109 69 348 340
person 0.0717 79 56 405 518
person 0.0013 243 78 335 327
pottedplant 0.0565 434 148 480 214
pottedplant 0.0021 440 145 482 288
pottedplant 0.0019 115 199 161 274
pottedplant 0.0013 -2 158 117 490
pottedplant 0.0011 361 102 485 300
sofa 0.0025 104 60 358 421
