bird 0.0025 78 108 103 159
bird 0.0022 143 146 169 198
bird 0.0010 230 95 258 149
car 0.0037 344 4 395 33
pottedplant 0.9792 12 -4 485 381
pottedplant 0.0150 245 0 481 366
pottedplant 0.0131 438 22 496 258
pottedplant 0.0121 371 -15 498 299
pottedplant 0.0042 450 112 495 244
pottedplant 0.0025 315 287 489 393
pottedplant 0.0024 281 29 390 175
pottedplant 0.0019 310 14 499 200
pottedplant 0.0018 472 -2 499 57
pottedplant 0.0014 240 8 421 137
pottedplant 0.0014 40 -9 455 211
pottedplant 0.0013 410 77 501 305
pottedplant 0.0011 476 -9 501 97
pottedplant 0.0010 4 60 262 388
pottedplant 0.0010 477 103 498 251
