bicycle 0.0010 -1 156 9 224
car 0.0035 -1 156 9 224
car 0.0030 476 111 499 179
car 0.0018 478 145 499 218
car 0.0013 488 100 500 191
car 0.0012 367 130 494 269
cow 0.9846 196 136 382 288
cow 0.9073 2 151 82 264
cow 0.4999 65 145 187 267
cow 0.2978 141 143 190 267
cow 0.0444 329 126 491 278
cow 0.0187 46 160 89 258
cow 0.0046 405 137 487 266
cow 0.0036 307 148 400 295
cow 0.0034 273 143 455 295
cow 0.0032 160 138 194 246
cow 0.0031 1 147 58 236
cow 0.0028 74 154 133 265
cow 0.0018 63 153 105 267
cow 0.0017 0 141 25 239
cow 0.0011 11 150 76 176
cow 0.0010 120 135 172 244
dog 0.0017 2 151 82 264
dog 0.0011 405 137 487 266
dog 0.0010 65 145 187 267
horse 0.2598 384 125 483 273
horse 0.0305 198 143 383 293
horse 0.0275 389 114 428 283
horse 0.0211 12 157 78 258
horse 0.0122 141 143 190 267
horse 0.0038 422 148 480 265
horse 0.0037 67 144 177 268
horse 0.0031 475 111 499 219
horse 0.0019 458 115 494 220
horse 0.0012 333 147 415 290
motorbike 0.0062 384 125 483 273
motorbike 0.0014 -1 156 9 224
motorbike 0.0011 475 111 499 219
person 0.9390 391 99 428 273
person 0.3095 385 105 479 275
person 0.2673 475 111 499 219
person 0.0753 487 108 500 200
person 0.0425 486 138 499 223
person 0.0312 458 115 494 220
person 0.0160 375 127 419 276
person 0.0120 0 145 10 219
person 0.0074 454 139 478 201
person 0.0047 422 148 480 265
person 0.0030 459 141 473 166
person 0.0029 464 135 485 207
person 0.0028 404 109 449 227
person 0.0023 448 142 490 265
person 0.0021 476 101 499 171
person 0.0019 395 103 420 148
person 0.0019 480 29 500 197
person 0.0019 456 134 476 175
person 0.0018 0 152 7 189
person 0.0011 430 118 475 219
person 0.0011 466 114 484 176
person 0.0011 446 143 470 199
person 0.0010 478 131 501 271
person 0.0010 478 160 498 217
sheep 0.0112 1 151 83 258
sheep 0.0053 65 145 187 267
sheep 0.0031 141 143 190 267
