bird 0.7968 176 109 213 196
bird 0.3096 137 114 196 202
bird 0.0578 85 139 199 209
bird 0.0577 268 185 328 274
bird 0.0291 135 155 182 187
bird 0.0258 255 178 399 287
bird 0.0175 381 235 413 282
bird 0.0131 138 159 194 201
bird 0.0115 413 208 443 255
bird 0.0095 153 143 179 183
bird 0.0079 158 121 211 216
bird 0.0074 258 181 308 262
bird 0.0067 453 212 496 296
bird 0.0056 285 209 373 291
bird 0.0054 455 212 494 247
bird 0.0051 371 232 421 305
bird 0.0046 24 249 108 303
bird 0.0046 256 198 477 325
bird 0.0036 409 213 448 289
bird 0.0035 423 233 447 283
bird 0.0032 415 214 491 291
bird 0.0032 416 225 441 274
bird 0.0031 292 186 374 257
bird 0.0026 291 189 335 232
bird 0.0022 374 226 448 287
bird 0.0022 234 216 258 263
bird 0.0022 299 171 493 293
bird 0.0022 79 105 203 245
bird 0.0021 412 180 496 372
bird 0.0019 145 162 173 180
bird 0.0019 77 159 179 226
bird 0.0018 381 246 432 287
bird 0.0017 264 141 475 252
bird 0.0017 473 204 500 346
bird 0.0015 60 155 205 285
bird 0.0014 118 163 180 198
bird 0.0013 331 197 377 278
bird 0.0013 156 151 176 174
bird 0.0012 403 233 432 284
bird 0.0011 185 137 209 207
bird 0.0011 471 214 500 262
bird 0.0011 218 194 303 274
bird 0.0010 164 118 184 190
bird 0.0010 159 143 174 166
boat 0.0019 211 271 339 318
cat 0.0014 159 108 212 198
cat 0.0010 291 189 335 232
dog 0.0011 268 185 328 274
person 0.0896 285 190 375 278
person 0.0101 268 185 328 274
person 0.0059 264 181 378 325
person 0.0039 263 177 472 287
person 0.0010 291 189 335 232
sheep 0.0053 285 190 375 278
sheep 0.0015 67 122 204 238
sheep 0.0015 270 182 325 261
sheep 0.0012 263 177 472 287
