bottle 0.0088 0 192 10 269
bottle 0.0061 212 218 277 245
bottle 0.0037 187 219 203 241
bottle 0.0029 222 211 285 236
bottle 0.0018 183 218 195 242
bottle 0.0014 240 208 307 237
bottle 0.0013 1 210 9 251
bottle 0.0013 195 215 254 248
bottle 0.0012 177 215 234 248
bottle 0.0010 185 223 245 256
cat 0.0011 172 121 201 154
chair 0.3370 323 158 474 277
chair 0.2795 393 207 502 282
chair 0.0152 328 157 447 233
chair 0.0097 311 118 359 182
chair 0.0090 444 183 502 275
chair 0.0077 354 216 476 275
chair 0.0062 172 128 202 157
chair 0.0062 474 177 500 278
chair 0.0049 374 165 485 246
chair 0.0049 128 145 312 245
chair 0.0043 214 135 238 153
chair 0.0033 169 218 312 274
chair 0.0030 402 132 505 281
chair 0.0028 479 106 500 269
chair 0.0023 320 170 407 250
chair 0.0017 222 136 246 154
chair 0.0015 443 238 508 281
chair 0.0015 326 208 426 276
chair 0.0013 186 134 205 156
chair 0.0013 488 192 500 291
chair 0.0012 435 28 498 273
diningtable 0.0110 169 218 312 274
diningtable 0.0035 375 213 501 279
diningtable 0.0023 323 158 474 277
diningtable 0.0020 173 127 219 159
person 0.0254 172 121 201 154
person 0.0077 171 205 307 258
person 0.0060 185 223 245 256
person 0.0037 140 130 155 156
person 0.0027 195 215 254 248
person 0.0025 323 158 474 277
person 0.0023 153 223 291 274
person 0.0016 187 123 203 147
person 0.0011 274 107 291 125
person 0.0011 177 215 234 248
pottedplant 0.0048 265 107 281 124
pottedplant 0.0046 214 135 238 153
pottedplant 0.0042 274 107 291 125
pottedplant 0.0034 136 106 159 125
pottedplant 0.0031 275 114 291 135
pottedplant 0.0027 265 114 281 134
pottedplant 0.0017 284 115 299 134
pottedplant 0.0017 89 145 114 183
pottedplant 0.0015 215 126 236 146
pottedplant 0.0014 211 120 240 150
pottedplant 0.0014 130 106 150 126
pottedplant 0.0013 222 136 246 154
pottedplant 0.0012 147 107 165 124
pottedplant 0.0011 138 114 158 132
pottedplant 0.0011 130 102 167 127
pottedplant 0.0011 65 145 114 185
pottedplant 0.0011 260 105 270 125
sofa 0.9802 126 151 312 258
sofa 0.0638 319 154 441 268
sofa 0.0068 393 207 502 282
sofa 0.0067 362 166 493 278
sofa 0.0063 143 157 331 218
sofa 0.0048 169 218 312 274
sofa 0.0012 121 200 273 258
tvmonitor 0.0010 172 121 201 154
