bottle 0.0012 335 231 405 268
cat 0.0020 34 104 253 196
cat 0.0018 355 94 424 136
chair 0.0094 228 108 500 328
chair 0.0053 -3 -7 85 171
chair 0.0013 355 94 424 136
dog 0.9793 225 102 496 290
dog 0.8784 64 102 273 199
dog 0.0884 144 122 444 251
dog 0.0059 89 115 319 231
dog 0.0044 290 91 503 218
dog 0.0026 49 100 174 177
dog 0.0020 33 59 234 177
dog 0.0010 12 119 495 333
dog 0.0010 264 203 404 263
person 0.0041 267 79 507 315
person 0.0019 -7 17 509 359
person 0.0012 477 61 499 257
sofa 0.0159 -5 68 507 378
sofa 0.0068 228 108 500 328
sofa 0.0061 -3 -7 85 171
tvmonitor 0.0054 477 -3 500 60
tvmonitor 0.0029 476 0 500 127
tvmonitor 0.0028 308 9 355 46
tvmonitor 0.0019 306 -2 401 50
tvmonitor 0.0015 -3 -7 85 171
tvmonitor 0.0010 454 10 498 150
