bottle 0.0078 52 79 73 131
bottle 0.0068 489 195 498 228
bottle 0.0046 486 162 498 239
bottle 0.0032 429 173 446 194
bottle 0.0030 476 170 498 231
bottle 0.0020 480 198 494 225
bottle 0.0020 367 313 389 356
bottle 0.0015 472 251 500 377
bottle 0.0011 435 173 454 195
car 0.0011 429 173 446 194
chair 0.0036 472 251 500 377
chair 0.0013 473 140 499 326
chair 0.0012 0 212 25 376
chair 0.0011 458 150 497 282
chair 0.0010 475 214 498 285
diningtable 0.0016 121 203 287 359
dog 0.0014 -2 119 95 353
person 0.9937 110 226 286 374
person 0.9834 340 100 491 372
person 0.7289 54 23 190 358
person 0.7151 250 234 386 376
person 0.6217 180 92 289 300
person 0.6213 146 39 221 233
person 0.5398 260 71 363 278
person 0.2546 468 45 499 193
person 0.1359 470 116 500 240
person 0.0576 142 46 223 144
person 0.0486 473 140 499 326
person 0.0360 247 74 392 367
person 0.0280 457 144 497 249
person 0.0250 334 234 486 375
person 0.0224 472 251 500 377
person 0.0124 475 157 500 226
person 0.0123 -8 29 139 358
person 0.0105 151 28 282 348
person 0.0098 452 70 500 279
person 0.0084 158 93 251 256
person 0.0071 240 71 324 291
person 0.0065 132 69 197 281
person 0.0064 0 112 54 393
person 0.0063 486 150 499 235
person 0.0062 473 99 497 172
person 0.0061 195 99 272 231
person 0.0061 52 79 73 131
person 0.0058 194 223 282 366
person 0.0057 461 15 496 155
person 0.0054 180 120 224 230
person 0.0046 211 94 268 178
person 0.0044 74 213 415 381
person 0.0039 145 96 189 217
person 0.0035 475 131 499 196
person 0.0031 140 88 163 138
person 0.0031 454 282 501 375
person 0.0030 486 123 500 206
person 0.0030 450 133 500 373
person 0.0030 -2 119 95 353
person 0.0029 399 185 496 364
person 0.0028 128 45 166 151
person 0.0027 348 262 399 372
person 0.0027 265 105 281 161
person 0.0024 262 72 340 164
person 0.0023 149 210 340 349
person 0.0022 68 33 171 246
person 0.0022 274 245 365 343
person 0.0020 206 138 305 322
person 0.0019 238 195 486 391
person 0.0017 255 162 298 271
person 0.0017 330 102 424 298
person 0.0017 459 186 498 324
person 0.0017 476 -22 499 150
person 0.0014 0 131 22 342
person 0.0013 308 220 402 370
person 0.0013 212 232 271 321
person 0.0012 487 89 500 182
person 0.0012 368 299 390 350
person 0.0012 116 45 239 185
person 0.0011 465 97 486 171
person 0.0010 259 271 470 376
person 0.0010 227 240 279 346
person 0.0010 478 185 496 234
pottedplant 0.0137 -2 61 86 337
pottedplant 0.0017 0 9 63 266
pottedplant 0.0017 0 -6 54 97
tvmonitor 0.0021 434 165 477 199
tvmonitor 0.0010 429 173 446 194
