bottle 0.0697 155 262 180 314
bottle 0.0622 73 85 131 184
bottle 0.0565 127 137 150 173
bottle 0.0370 428 152 446 196
bottle 0.0365 63 243 104 334
bottle 0.0279 139 247 160 307
bottle 0.0189 136 238 185 316
bottle 0.0173 124 230 168 314
bottle 0.0150 456 134 476 173
bottle 0.0143 139 271 158 321
bottle 0.0140 147 238 169 299
bottle 0.0132 423 148 438 199
bottle 0.0108 115 253 210 328
bottle 0.0104 147 269 171 321
bottle 0.0103 162 274 189 320
bottle 0.0095 433 151 455 194
bottle 0.0085 183 158 208 206
bottle 0.0064 142 294 156 322
bottle 0.0062 121 264 141 314
bottle 0.0058 156 242 176 295
bottle 0.0047 128 262 151 313
bottle 0.0042 134 273 184 320
bottle 0.0036 110 209 214 371
bottle 0.0033 475 104 497 164
bottle 0.0026 113 150 127 177
bottle 0.0025 430 165 442 197
bottle 0.0025 96 235 192 311
bottle 0.0023 159 264 175 292
bottle 0.0023 204 143 228 182
bottle 0.0022 141 284 155 314
bottle 0.0022 466 137 480 168
bottle 0.0020 333 108 354 158
bottle 0.0019 132 157 183 189
bottle 0.0019 465 119 483 166
bottle 0.0017 457 102 479 164
bottle 0.0016 147 258 187 301
bottle 0.0015 127 145 151 196
bottle 0.0014 173 150 219 197
bottle 0.0013 474 127 496 179
bottle 0.0012 423 153 469 194
bottle 0.0012 160 273 176 303
bottle 0.0011 436 157 452 187
bottle 0.0010 150 266 166 291
bottle 0.0010 138 231 162 288
bottle 0.0010 424 166 436 196
bottle 0.0010 180 143 232 185
bottle 0.0010 123 124 162 196
car 0.0017 112 2 186 33
car 0.0016 6 5 496 378
cat 0.0029 0 279 59 379
chair 0.0342 216 53 441 318
chair 0.0212 6 46 495 397
chair 0.0150 59 202 219 378
chair 0.0122 143 110 359 358
chair 0.0114 278 85 453 268
chair 0.0106 160 65 334 220
chair 0.0075 2 115 88 283
chair 0.0070 277 49 459 169
chair 0.0068 0 41 62 313
chair 0.0043 62 167 209 307
chair 0.0035 411 185 499 359
chair 0.0030 0 5 22 155
chair 0.0023 153 142 253 207
chair 0.0022 119 49 375 261
chair 0.0021 -1 101 23 294
chair 0.0020 0 234 66 380
chair 0.0018 45 117 297 356
chair 0.0011 114 -32 537 329
chair 0.0011 3 141 86 210
chair 0.0010 138 157 299 315
chair 0.0010 4 110 182 260
chair 0.0010 0 146 44 285
chair 0.0010 148 103 293 256
diningtable 0.0029 59 202 219 378
diningtable 0.0018 62 167 209 307
diningtable 0.0014 153 142 253 207
diningtable 0.0012 2 115 88 283
diningtable 0.0011 45 286 228 377
diningtable 0.0010 68 293 421 374
diningtable 0.0010 157 62 340 179
dog 0.0051 247 91 410 268
dog 0.0031 0 279 59 379
dog 0.0029 174 143 330 320
dog 0.0025 59 202 219 378
dog 0.0017 149 62 284 212
dog 0.0012 62 167 209 307
dog 0.0011 153 142 253 207
dog 0.0010 277 49 459 169
person 0.9297 60 170 215 367
person 0.8519 149 142 353 373
person 0.5834 256 48 470 269
person 0.3914 144 53 429 332
person 0.2845 322 51 478 170
person 0.2397 149 62 284 212
person 0.1227 259 62 375 288
person 0.0735 340 40 446 116
person 0.0692 171 61 400 229
person 0.0532 241 52 419 171
person 0.0447 314 44 364 117
person 0.0237 263 26 305 69
person 0.0191 138 157 299 315
person 0.0169 154 267 182 322
person 0.0168 45 117 297 356
person 0.0122 170 101 333 265
person 0.0119 298 42 378 93
person 0.0100 295 48 376 143
person 0.0100 153 142 253 207
person 0.0096 230 141 417 294
person 0.0091 363 49 458 141
person 0.0090 354 61 498 227
person 0.0077 200 145 315 334
person 0.0072 317 71 430 275
person 0.0064 268 71 364 163
person 0.0062 113 42 315 260
person 0.0062 56 164 163 319
person 0.0061 323 74 434 158
person 0.0057 375 44 482 114
person 0.0056 162 73 268 164
person 0.0041 276 36 467 128
person 0.0040 6 5 496 378
person 0.0038 115 253 210 328
person 0.0038 154 96 251 299
person 0.0032 371 53 426 98
person 0.0032 304 43 406 196
person 0.0031 323 46 357 88
person 0.0029 0 -20 126 319
person 0.0024 30 190 393 381
person 0.0022 317 42 432 92
person 0.0019 326 71 377 160
person 0.0019 -2 200 64 383
person 0.0015 96 235 192 311
person 0.0014 322 56 376 93
person 0.0014 124 230 168 314
person 0.0014 44 119 222 253
person 0.0013 244 18 316 73
person 0.0012 373 80 484 156
person 0.0010 0 279 59 379
person 0.0010 299 79 499 356
sofa 0.4042 6 5 496 378
sofa 0.3720 144 53 429 332
sofa 0.0562 262 50 469 308
sofa 0.0136 73 149 356 369
sofa 0.0052 157 62 340 179
sofa 0.0047 171 61 400 229
sofa 0.0024 247 91 410 268
sofa 0.0023 56 43 294 323
sofa 0.0020 241 52 419 171
sofa 0.0018 411 185 499 359
sofa 0.0010 0 26 23 164
sofa 0.0010 197 140 365 313
tvmonitor 0.0094 0 5 22 155
tvmonitor 0.0041 1 81 24 149
tvmonitor 0.0018 0 69 13 161
tvmonitor 0.0012 73 85 131 184
