car 0.0028 372 60 401 92
car 0.0021 258 57 301 93
car 0.0019 209 58 242 80
chair 0.3109 246 180 347 296
chair 0.2898 158 233 288 305
chair 0.1598 221 104 297 214
chair 0.0849 307 100 341 147
chair 0.0814 360 98 398 156
chair 0.0650 256 181 348 236
chair 0.0498 377 106 399 211
chair 0.0422 360 132 401 215
chair 0.0227 334 99 367 148
chair 0.0189 378 107 399 152
chair 0.0151 377 87 400 168
chair 0.0128 367 111 391 147
chair 0.0123 0 202 43 298
chair 0.0080 0 75 19 178
chair 0.0079 387 106 401 156
chair 0.0068 -1 188 108 310
chair 0.0061 243 107 294 185
chair 0.0051 231 129 305 273
chair 0.0043 -1 82 37 173
chair 0.0031 331 97 394 152
chair 0.0031 354 120 391 154
chair 0.0028 379 141 399 258
chair 0.0028 354 88 401 201
chair 0.0028 390 137 400 217
chair 0.0027 265 108 297 178
chair 0.0024 378 158 398 211
chair 0.0023 238 120 345 238
chair 0.0019 1 100 45 307
chair 0.0018 0 57 21 138
chair 0.0018 390 115 400 178
chair 0.0017 354 111 376 150
chair 0.0017 322 97 343 148
chair 0.0014 342 104 376 172
chair 0.0013 223 152 293 218
chair 0.0011 389 62 400 119
diningtable 0.0102 301 98 359 146
diningtable 0.0081 360 98 398 156
diningtable 0.0053 331 97 394 152
diningtable 0.0049 221 104 297 214
diningtable 0.0023 360 132 401 215
diningtable 0.0018 158 233 288 305
diningtable 0.0018 377 106 399 211
diningtable 0.0017 334 99 367 148
diningtable 0.0015 251 183 377 296
diningtable 0.0014 377 87 400 168
person 0.0037 377 106 399 211
person 0.0020 0 57 21 138
person 0.0014 310 63 339 131
person 0.0010 363 76 398 150
pottedplant 0.0011 251 183 377 296
sofa 0.0296 360 98 398 156
sofa 0.0047 377 106 399 211
sofa 0.0039 186 70 259 121
sofa 0.0038 360 132 401 215
sofa 0.0026 0 63 20 159
sofa 0.0024 377 87 400 168
sofa 0.0022 331 97 394 152
sofa 0.0020 249 58 314 96
sofa 0.0011 -1 188 108 310
tvmonitor 0.9432 44 104 126 169
tvmonitor 0.8268 310 62 342 92
tvmonitor 0.8159 365 62 397 92
tvmonitor 0.7515 253 55 290 95
tvmonitor 0.2961 125 91 187 140
tvmonitor 0.2838 209 58 242 80
tvmonitor 0.1319 165 56 193 80
tvmonitor 0.0372 185 70 227 126
tvmonitor 0.0275 189 57 233 80
tvmonitor 0.0262 253 58 280 85
tvmonitor 0.0210 0 57 21 138
tvmonitor 0.0196 229 74 254 110
tvmonitor 0.0161 147 96 186 131
tvmonitor 0.0124 375 61 399 102
tvmonitor 0.0103 315 66 335 87
tvmonitor 0.0086 -1 80 24 120
tvmonitor 0.0079 369 67 391 87
tvmonitor 0.0078 202 59 236 91
tvmonitor 0.0068 336 62 375 93
tvmonitor 0.0066 271 62 306 92
tvmonitor 0.0058 31 74 70 106
tvmonitor 0.0053 146 2 183 29
tvmonitor 0.0048 387 56 401 96
tvmonitor 0.0046 363 61 398 123
tvmonitor 0.0046 290 61 334 91
tvmonitor 0.0039 159 82 230 132
tvmonitor 0.0037 310 66 355 99
tvmonitor 0.0037 20 14 51 79
tvmonitor 0.0030 360 98 398 156
tvmonitor 0.0026 221 55 261 82
tvmonitor 0.0026 390 66 400 87
tvmonitor 0.0022 0 60 22 91
tvmonitor 0.0022 205 60 271 104
tvmonitor 0.0021 76 118 118 157
tvmonitor 0.0021 309 59 383 96
tvmonitor 0.0019 158 42 192 88
tvmonitor 0.0019 27 72 79 121
tvmonitor 0.0018 205 70 238 121
tvmonitor 0.0016 -1 11 20 116
tvmonitor 0.0016 377 66 397 86
tvmonitor 0.0015 389 62 400 119
tvmonitor 0.0015 185 61 221 90
tvmonitor 0.0015 2 14 38 83
tvmonitor 0.0014 258 65 302 99
tvmonitor 0.0013 213 59 253 89
tvmonitor 0.0012 117 73 183 129
tvmonitor 0.0012 81 67 125 99
tvmonitor 0.0011 118 61 178 104
tvmonitor 0.0011 278 67 312 100
tvmonitor 0.0010 210 81 228 117
tvmonitor 0.0010 177 81 216 118
tvmonitor 0.0010 159 97 201 131
