bottle 0.2126 54 48 83 186
bottle 0.0839 9 18 42 141
bottle 0.0462 459 142 476 199
bottle 0.0410 66 51 94 180
bottle 0.0285 30 33 62 164
bottle 0.0211 462 140 487 200
bottle 0.0202 42 37 62 113
bottle 0.0164 63 46 82 123
bottle 0.0151 22 33 42 117
bottle 0.0146 168 31 189 80
bottle 0.0129 1 3 25 154
bottle 0.0078 14 24 34 106
bottle 0.0076 3 3 43 87
bottle 0.0075 30 10 66 111
bottle 0.0072 67 25 104 137
bottle 0.0071 0 37 24 111
bottle 0.0070 2 3 54 196
bottle 0.0066 456 130 498 223
bottle 0.0062 0 25 10 125
bottle 0.0059 474 143 498 199
bottle 0.0057 62 71 80 155
bottle 0.0049 48 6 85 112
bottle 0.0040 71 71 87 156
bottle 0.0034 0 47 23 226
bottle 0.0034 488 96 498 166
bottle 0.0033 37 28 93 203
bottle 0.0032 34 29 51 103
bottle 0.0030 149 53 165 78
bottle 0.0030 16 -1 78 202
bottle 0.0026 487 122 500 202
bottle 0.0025 490 113 499 152
bottle 0.0023 1 2 25 71
bottle 0.0019 25 67 66 200
bottle 0.0019 0 -12 10 86
bottle 0.0017 416 183 495 246
bottle 0.0015 55 44 72 125
bottle 0.0015 82 39 131 157
bottle 0.0015 474 114 498 234
bottle 0.0015 88 177 124 256
bottle 0.0013 65 22 80 90
bottle 0.0013 53 78 74 150
bottle 0.0013 12 5 35 67
bottle 0.0012 142 53 158 78
bottle 0.0011 68 42 88 110
bottle 0.0011 278 182 328 220
bottle 0.0010 173 12 186 63
bottle 0.0010 172 32 185 58
bottle 0.0010 20 19 42 76
bottle 0.0010 46 88 86 219
car 0.0057 475 76 499 132
chair 0.0039 415 78 476 128
chair 0.0010 476 85 500 140
diningtable 0.3996 -11 210 509 367
diningtable 0.0046 -1 217 255 374
diningtable 0.0038 1 69 178 222
diningtable 0.0013 259 220 479 376
diningtable 0.0012 415 78 476 128
person 0.9806 259 18 440 246
person 0.6858 141 52 283 221
person 0.0043 2 22 54 213
person 0.0039 474 94 496 221
person 0.0032 49 66 223 221
person 0.0031 0 30 24 203
person 0.0022 160 68 252 164
person 0.0017 9 27 44 168
person 0.0014 471 47 498 150
person 0.0011 120 15 368 224
person 0.0010 14 31 264 261
person 0.0010 486 78 499 149
pottedplant 0.0623 83 29 170 172
pottedplant 0.0155 117 46 171 153
pottedplant 0.0085 139 48 162 83
pottedplant 0.0080 96 43 150 153
pottedplant 0.0078 82 39 131 157
pottedplant 0.0075 101 27 257 205
pottedplant 0.0062 2 20 176 201
pottedplant 0.0056 57 19 200 139
pottedplant 0.0038 101 38 180 121
pottedplant 0.0037 149 53 165 78
pottedplant 0.0024 126 23 169 103
pottedplant 0.0018 68 39 148 121
pottedplant 0.0018 137 31 184 128
pottedplant 0.0014 67 25 104 137
pottedplant 0.0013 142 45 158 68
pottedplant 0.0011 141 62 159 83
sofa 0.0016 415 78 476 128
tvmonitor 0.8675 411 78 483 131
tvmonitor 0.0285 475 76 499 132
tvmonitor 0.0158 252 11 431 231
tvmonitor 0.0067 275 23 438 141
tvmonitor 0.0034 486 78 499 149
tvmonitor 0.0027 359 73 472 127
tvmonitor 0.0024 453 73 497 132
tvmonitor 0.0023 456 130 498 223
tvmonitor 0.0021 471 47 498 150
tvmonitor 0.0015 156 56 256 195
