bird 0.6775 2 134 125 342
bird 0.6712 178 129 271 215
bird 0.2422 279 246 391 304
bird 0.2413 67 76 436 333
bird 0.0810 353 211 401 296
bird 0.0397 298 218 406 300
bird 0.0222 287 255 356 297
bird 0.0177 355 206 433 274
bird 0.0175 97 260 238 332
bird 0.0155 140 185 434 309
bird 0.0143 48 233 448 324
bird 0.0137 33 202 128 330
bird 0.0110 73 165 354 323
bird 0.0058 207 123 266 198
bird 0.0054 -7 119 64 351
bird 0.0044 -1 215 28 333
bird 0.0031 349 223 433 313
bird 0.0025 17 225 249 323
bird 0.0023 125 107 308 237
bird 0.0020 0 243 48 328
bird 0.0017 219 128 269 174
bird 0.0017 87 131 266 297
bird 0.0015 4 245 102 326
bird 0.0014 57 243 118 325
bird 0.0011 55 203 113 308
bird 0.0010 230 253 371 300
cat 0.0545 279 246 391 304
cat 0.0033 287 255 356 297
cat 0.0014 298 218 406 300
dog 0.0014 277 252 369 302
person 0.8474 137 16 447 328
person 0.0400 -5 123 112 347
person 0.0145 37 93 392 330
person 0.0043 -1 134 24 338
person 0.0019 0 157 9 261
person 0.0018 -2 121 64 319
person 0.0012 280 224 391 300
