bus 0.0012 8 -15 491 349
chair 0.0013 301 89 501 336
chair 0.0012 80 242 153 327
person 0.3049 301 89 501 336
person 0.0048 80 84 506 333
person 0.0022 319 112 429 314
person 0.0022 360 96 496 250
person 0.0020 287 109 456 241
person 0.0010 304 222 501 327
sofa 0.0013 50 243 139 329
tvmonitor 0.9711 58 242 150 329
tvmonitor 0.2027 8 -15 491 349
tvmonitor 0.0298 301 89 501 336
tvmonitor 0.0027 360 96 496 250
tvmonitor 0.0023 29 -117 466 227
tvmonitor 0.0013 287 109 456 241
tvmonitor 0.0011 56 249 93 328
