bottle 0.9234 53 190 94 310
bottle 0.5137 262 219 302 296
bottle 0.3611 214 290 253 372
bottle 0.3608 391 88 412 140
bottle 0.1889 128 37 174 97
bottle 0.0984 214 290 235 362
bottle 0.0838 234 137 254 188
bottle 0.0647 395 104 439 147
bottle 0.0550 381 80 417 151
bottle 0.0487 1 169 94 342
bottle 0.0225 263 234 288 286
bottle 0.0211 146 34 174 83
bottle 0.0184 224 150 250 194
bottle 0.0158 220 307 245 366
bottle 0.0140 281 218 303 282
bottle 0.0134 152 42 181 90
bottle 0.0130 215 284 232 335
bottle 0.0106 227 129 247 179
bottle 0.0080 386 97 429 139
bottle 0.0068 71 179 89 262
bottle 0.0065 196 118 283 196
bottle 0.0062 189 64 289 244
bottle 0.0058 234 121 252 168
bottle 0.0058 54 176 87 268
bottle 0.0056 373 89 449 151
bottle 0.0047 27 205 101 295
bottle 0.0042 222 141 267 187
bottle 0.0038 215 244 262 355
bottle 0.0038 167 141 277 209
bottle 0.0035 187 152 243 193
bottle 0.0034 270 211 299 269
bottle 0.0034 399 102 414 133
bottle 0.0034 261 225 298 355
bottle 0.0033 241 107 283 201
bottle 0.0031 123 40 176 147
bottle 0.0028 394 99 407 133
bottle 0.0027 218 290 229 326
bottle 0.0026 42 197 122 279
bottle 0.0025 162 86 331 274
bottle 0.0024 237 147 251 181
bottle 0.0024 212 283 227 352
bottle 0.0023 212 312 239 376
bottle 0.0023 239 286 276 371
bottle 0.0023 397 113 416 138
bottle 0.0022 51 193 71 268
bottle 0.0021 408 103 446 174
bottle 0.0019 237 128 250 161
bottle 0.0019 380 88 405 140
bottle 0.0019 392 114 409 138
bottle 0.0018 282 208 303 256
bottle 0.0018 244 160 261 183
bottle 0.0018 253 245 297 294
bottle 0.0016 219 128 263 217
bottle 0.0015 227 156 280 188
bottle 0.0015 391 70 407 128
bottle 0.0014 142 110 280 323
bottle 0.0014 446 80 501 396
bottle 0.0013 235 161 253 186
bottle 0.0013 20 187 69 290
bottle 0.0013 241 154 264 188
bottle 0.0011 51 171 105 370
bottle 0.0011 67 207 91 289
bottle 0.0011 227 161 245 186
bottle 0.0010 203 125 316 301
bottle 0.0010 239 142 288 184
bottle 0.0010 212 77 270 190
bottle 0.0010 180 161 233 201
bottle 0.0010 290 217 309 282
car 0.0021 446 32 499 407
chair 0.0040 446 139 501 374
chair 0.0010 473 165 499 379
diningtable 0.0012 98 126 391 382
diningtable 0.0010 373 89 449 151
person 0.9814 279 59 452 373
person 0.8437 118 74 303 376
person 0.7693 -6 77 187 377
person 0.4590 146 68 422 369
person 0.1355 446 139 501 374
person 0.1057 196 65 279 182
person 0.0591 165 64 334 234
person 0.0383 395 104 439 147
person 0.0296 237 60 323 183
person 0.0273 -1 173 96 369
person 0.0141 240 85 285 181
person 0.0140 138 75 225 210
person 0.0106 248 67 339 245
person 0.0082 467 47 501 427
person 0.0080 2 91 49 181
person 0.0079 190 61 290 287
person 0.0070 -2 84 60 349
person 0.0062 19 12 477 377
person 0.0061 414 48 500 349
person 0.0059 473 165 499 379
person 0.0054 291 65 451 226
person 0.0050 100 87 265 285
person 0.0040 409 107 442 159
person 0.0040 251 99 278 165
person 0.0039 0 120 22 313
person 0.0032 211 66 268 147
person 0.0030 199 92 364 273
person 0.0030 134 41 184 92
person 0.0025 196 93 218 154
person 0.0024 150 111 245 200
person 0.0024 180 87 227 189
person 0.0018 124 39 193 112
person 0.0017 196 118 283 196
person 0.0016 204 92 225 156
person 0.0016 489 72 499 196
person 0.0015 164 115 323 311
person 0.0015 -1 31 33 362
person 0.0015 478 80 499 312
person 0.0014 186 44 466 275
person 0.0014 178 61 393 176
person 0.0013 31 83 149 301
person 0.0012 1 165 51 267
person 0.0011 0 7 56 228
person 0.0011 0 56 23 221
person 0.0010 0 133 9 213
