bicycle 0.0023 -1 302 11 386
bicycle 0.0016 349 185 395 278
car 0.0061 309 191 392 285
car 0.0039 318 112 386 290
car 0.0035 75 202 163 304
car 0.0030 146 172 263 321
car 0.0024 246 155 395 314
car 0.0024 101 135 189 194
car 0.0014 239 148 317 243
car 0.0010 101 143 219 215
chair 0.0014 -1 302 11 386
horse 0.0019 69 202 152 304
motorbike 0.7996 311 148 393 320
motorbike 0.7966 148 158 259 317
motorbike 0.3788 241 144 325 291
motorbike 0.0938 243 182 393 317
motorbike 0.0749 75 189 164 307
motorbike 0.0314 349 185 395 278
motorbike 0.0234 101 141 188 293
motorbike 0.0130 140 127 275 264
motorbike 0.0083 223 125 305 268
motorbike 0.0040 104 142 190 214
motorbike 0.0028 117 168 171 269
motorbike 0.0019 162 148 246 244
motorbike 0.0014 223 126 298 189
motorbike 0.0013 140 189 356 307
motorbike 0.0012 103 175 217 260
motorbike 0.0011 71 177 172 258
motorbike 0.0011 80 120 276 328
person 0.9866 316 122 387 307
person 0.3517 240 125 318 273
person 0.1696 163 131 248 271
person 0.0940 250 128 303 230
person 0.0666 70 192 152 306
person 0.0149 268 121 295 168
person 0.0107 237 136 287 249
person 0.0083 223 126 298 189
person 0.0080 214 130 263 221
person 0.0060 174 140 233 225
person 0.0055 106 151 256 310
person 0.0052 194 137 246 249
person 0.0038 229 126 261 178
person 0.0033 325 118 379 242
person 0.0029 261 126 290 180
person 0.0021 239 125 288 162
person 0.0020 199 122 282 270
person 0.0020 0 283 9 387
person 0.0019 350 166 394 270
person 0.0018 246 155 395 314
person 0.0014 215 128 257 165
person 0.0013 320 112 347 158
person 0.0010 255 121 293 151
person 0.0010 265 145 322 252
