bicycle 0.9800 17 15 346 368
bicycle 0.0579 9 33 178 355
bicycle 0.0494 148 8 404 298
bicycle 0.0038 311 -7 389 247
bicycle 0.0027 71 -39 485 344
bicycle 0.0022 16 124 243 379
bicycle 0.0012 294 89 377 255
bicycle 0.0010 -5 132 93 376
bicycle 0.0010 -3 92 134 281
car 0.0058 255 0 397 137
car 0.0021 22 -4 339 323
chair 0.4624 43 0 368 318
chair 0.0230 2 75 185 373
chair 0.0113 308 1 392 201
chair 0.0055 391 15 480 152
chair 0.0055 161 -2 396 236
chair 0.0045 477 88 499 137
chair 0.0044 255 0 397 137
chair 0.0030 486 82 500 148
chair 0.0018 476 47 500 151
chair 0.0012 414 49 458 154
chair 0.0011 454 23 499 141
chair 0.0011 -5 132 93 376
diningtable 0.0016 401 13 495 154
diningtable 0.0013 43 0 368 318
diningtable 0.0011 255 0 397 137
dog 0.0016 17 15 346 368
person 0.0040 22 -4 339 323
person 0.0016 486 82 500 148
pottedplant 0.1191 -1 75 100 287
pottedplant 0.0052 9 33 178 355
tvmonitor 0.0020 475 80 499 133
tvmonitor 0.0014 486 82 500 148
tvmonitor 0.0011 416 77 458 153
tvmonitor 0.0011 255 0 397 137
