bottle 0.1549 73 49 126 150
bottle 0.0266 51 6 129 187
bottle 0.0028 75 77 121 187
bottle 0.0021 51 37 128 127
bottle 0.0020 70 43 131 235
bottle 0.0013 74 11 133 109
bottle 0.0010 1 -15 125 213
cow 0.0013 60 25 235 296
person 0.8813 -2 -49 125 323
person 0.3343 135 -3 237 77
person 0.1804 323 -4 426 73
person 0.0741 235 -14 500 298
person 0.0267 363 -6 420 65
person 0.0267 59 -16 237 279
person 0.0166 97 0 245 167
person 0.0101 310 -9 488 109
person 0.0074 -1 -50 61 393
person 0.0070 53 -20 233 111
person 0.0041 -7 -86 187 212
person 0.0037 83 3 206 76
person 0.0031 305 -3 377 56
person 0.0027 383 0 428 72
person 0.0018 366 1 394 68
person 0.0014 103 3 150 79
sheep 0.9998 209 52 499 334
sheep 0.7837 94 61 239 270
sheep 0.0629 -5 -19 183 328
sheep 0.0062 428 -6 476 60
sheep 0.0030 451 0 497 51
sheep 0.0025 450 43 499 124
sheep 0.0025 97 0 245 167
sheep 0.0022 363 37 496 317
sheep 0.0019 447 47 501 84
sheep 0.0013 473 26 499 137
sheep 0.0012 162 29 342 315
sheep 0.0011 472 -7 499 46
sheep 0.0011 477 17 499 218
sheep 0.0011 435 12 499 231
sheep 0.0010 297 19 502 153
sheep 0.0010 452 -3 480 42
sofa 0.0032 -5 -19 183 328
sofa 0.0011 60 25 235 296
