aeroplane 0.9965 1 -13 495 382
aeroplane 0.0726 212 42 257 73
aeroplane 0.0191 180 35 248 65
aeroplane 0.0114 1 1 263 366
aeroplane 0.0077 169 26 267 69
aeroplane 0.0039 -10 -10 359 224
aeroplane 0.0020 223 48 248 67
aeroplane 0.0011 199 52 251 76
boat 0.0193 182 36 230 63
boat 0.0108 201 41 250 73
boat 0.0099 -26 22 453 401
boat 0.0011 1 1 263 366
car 0.0245 4 -3 161 375
car 0.0038 201 41 250 73
car 0.0036 180 41 231 70
car 0.0033 -26 22 453 401
car 0.0019 6 0 89 54
car 0.0015 223 48 248 67
car 0.0013 213 58 239 71
car 0.0012 213 47 240 67
horse 0.0022 -26 22 453 401
person 0.8885 0 -2 126 376
person 0.0221 8 7 58 50
person 0.0143 1 1 263 366
person 0.0111 3 2 52 77
person 0.0030 6 0 89 54
person 0.0028 2 0 44 41
person 0.0016 0 5 9 33
person 0.0016 0 8 25 48
person 0.0014 0 -58 61 377
person 0.0013 0 3 30 432
person 0.0013 2 9 22 29
train 0.0079 201 41 250 73
train 0.0041 180 41 231 70
train 0.0028 -26 22 453 401
