bird 0.3773 270 219 365 335
bird 0.0031 266 232 470 369
bird 0.0022 194 222 385 373
bird 0.0010 258 226 352 295
bottle 0.0043 266 214 390 340
bottle 0.0011 106 225 385 376
cat 0.0061 270 219 365 335
chair 0.0068 90 134 358 382
chair 0.0012 -1 0 95 349
dog 0.0029 272 218 364 354
motorbike 0.0022 91 140 394 380
person 0.9996 96 14 375 376
person 0.0037 262 225 399 368
person 0.0024 74 203 415 383
person 0.0018 191 210 394 341
person 0.0010 272 222 362 300
pottedplant 0.0020 266 232 470 369
sheep 0.0034 272 218 364 354
