bicycle 0.1596 212 229 378 502
bicycle 0.0349 224 207 375 359
bicycle 0.0024 284 236 375 475
bicycle 0.0017 149 170 383 412
bicycle 0.0014 171 217 286 368
bird 0.0075 94 291 119 348
boat 0.0011 212 229 378 502
bottle 0.0032 149 211 282 354
bottle 0.0024 216 304 370 490
car 0.0590 212 229 378 502
car 0.0010 162 211 369 355
cat 0.0014 94 291 119 348
chair 0.2516 212 229 378 502
chair 0.0302 161 217 259 364
chair 0.0075 252 322 373 502
chair 0.0055 284 236 375 475
chair 0.0014 162 211 369 355
diningtable 0.0253 216 304 370 490
diningtable 0.0017 162 211 369 355
dog 0.0011 94 291 119 348
motorbike 0.0572 212 229 378 502
motorbike 0.0047 162 211 369 355
person 0.5591 160 207 263 355
person 0.0103 162 211 369 355
person 0.0056 212 229 378 502
person 0.0033 94 287 120 339
person 0.0022 139 217 225 350
person 0.0017 233 187 376 320
pottedplant 0.1332 233 187 376 320
pottedplant 0.0567 16 2 177 175
pottedplant 0.0389 225 5 377 320
pottedplant 0.0095 45 230 67 278
pottedplant 0.0060 209 187 382 487
pottedplant 0.0050 156 0 207 31
pottedplant 0.0045 46 -10 331 275
pottedplant 0.0039 174 146 192 189
pottedplant 0.0037 2 108 81 293
pottedplant 0.0032 -9 7 161 317
pottedplant 0.0029 122 0 227 58
pottedplant 0.0026 282 192 377 289
pottedplant 0.0022 194 112 235 212
pottedplant 0.0022 154 119 199 207
pottedplant 0.0020 162 211 369 355
pottedplant 0.0020 7 169 68 203
pottedplant 0.0020 52 -2 317 110
pottedplant 0.0019 159 0 186 45
pottedplant 0.0018 2 129 78 198
pottedplant 0.0018 179 117 217 206
pottedplant 0.0017 310 180 378 341
pottedplant 0.0017 263 233 368 316
pottedplant 0.0016 179 144 202 191
pottedplant 0.0014 32 64 163 137
pottedplant 0.0014 36 230 61 278
pottedplant 0.0013 188 142 212 192
pottedplant 0.0013 138 0 188 31
pottedplant 0.0012 176 163 189 187
pottedplant 0.0012 286 210 336 305
sofa 0.0035 161 217 259 364
