bottle 0.0188 217 15 308 79
bottle 0.0051 245 26 303 71
bottle 0.0030 451 30 499 122
bottle 0.0011 229 29 281 68
bottle 0.0010 236 35 292 79
car 0.0018 2 68 497 388
cat 0.0082 41 214 128 292
cat 0.0056 12 194 122 281
cat 0.0016 308 255 410 339
cat 0.0011 20 164 315 286
chair 0.0338 7 14 493 375
chair 0.0307 -2 138 331 327
chair 0.0171 255 28 457 343
chair 0.0041 305 141 497 382
chair 0.0039 405 149 500 326
chair 0.0018 274 142 457 307
chair 0.0016 -9 208 506 388
cow 0.0012 12 194 122 281
dog 0.1206 4 163 280 282
dog 0.0425 12 194 122 281
dog 0.0230 41 214 128 292
dog 0.0124 310 239 493 362
dog 0.0089 308 255 410 339
dog 0.0074 29 199 306 310
dog 0.0030 3 139 186 257
dog 0.0017 285 181 461 351
dog 0.0017 245 144 412 307
dog 0.0017 27 187 144 254
dog 0.0011 4 182 97 259
horse 0.0014 12 194 122 281
person 0.6258 253 17 410 344
person 0.3311 7 14 493 375
person 0.3059 -2 138 331 327
person 0.0375 77 167 336 288
person 0.0268 5 141 271 250
person 0.0141 453 1 498 117
person 0.0112 29 199 306 310
person 0.0091 2 165 182 283
person 0.0081 36 200 131 281
person 0.0026 245 144 412 307
person 0.0024 204 7 375 137
person 0.0021 123 231 151 268
person 0.0020 443 -44 497 239
person 0.0019 27 187 144 254
person 0.0019 -9 208 506 388
person 0.0019 246 15 395 196
person 0.0017 65 200 435 333
person 0.0016 168 133 479 383
person 0.0015 100 -1 403 230
person 0.0014 315 28 493 348
person 0.0013 66 204 177 270
person 0.0013 77 193 103 225
person 0.0010 95 1 338 135
person 0.0010 118 215 147 264
sheep 0.0010 12 194 122 281
sofa 0.8168 2 68 497 388
sofa 0.0512 -2 138 331 327
sofa 0.0086 -14 290 511 381
sofa 0.0076 211 77 444 364
sofa 0.0047 -14 206 427 379
sofa 0.0012 305 141 497 382
