aeroplane 0.0024 100 105 223 167
bicycle 0.0026 380 177 418 287
bicycle 0.0018 333 178 415 333
bird 0.0013 320 77 345 111
boat 0.9630 75 44 425 339
boat 0.0659 42 138 130 207
boat 0.0259 52 125 213 253
boat 0.0196 101 152 400 295
boat 0.0128 127 100 234 167
boat 0.0119 75 97 266 202
boat 0.0096 47 127 93 199
boat 0.0094 6 154 176 279
boat 0.0093 46 159 156 236
boat 0.0091 58 144 86 199
boat 0.0084 20 112 330 339
boat 0.0061 79 117 351 250
boat 0.0054 52 150 108 195
boat 0.0054 57 155 284 285
boat 0.0050 78 183 103 197
boat 0.0049 138 47 364 175
boat 0.0046 61 179 186 253
boat 0.0040 86 110 202 170
boat 0.0022 61 125 185 189
boat 0.0021 -2 131 140 249
boat 0.0019 66 169 114 196
boat 0.0018 78 176 102 194
boat 0.0016 70 179 129 202
boat 0.0013 74 146 102 200
boat 0.0012 72 182 90 198
boat 0.0012 57 147 189 211
boat 0.0011 14 102 181 210
boat 0.0010 0 157 8 187
boat 0.0010 0 142 101 206
car 0.0081 94 134 467 373
car 0.0021 490 163 499 242
car 0.0011 491 182 499 220
car 0.0011 330 277 491 387
motorbike 0.0013 380 177 418 287
person 0.1746 194 90 236 156
person 0.0399 394 172 417 247
person 0.0283 382 179 417 264
person 0.0055 490 163 499 260
person 0.0037 360 43 381 108
person 0.0031 205 83 230 146
person 0.0029 154 99 241 167
person 0.0015 0 157 8 187
person 0.0014 395 178 406 204
person 0.0013 479 146 499 323
person 0.0011 186 86 289 154
person 0.0011 491 182 499 220
person 0.0010 359 36 387 160
