car 0.9844 118 187 446 422
car 0.2890 4 138 34 175
car 0.0123 1 79 484 437
car 0.0111 437 183 483 269
car 0.0077 3 143 20 168
car 0.0035 58 133 183 261
car 0.0033 17 137 40 178
car 0.0028 436 187 485 228
car 0.0026 -2 143 6 169
car 0.0020 280 202 374 265
car 0.0014 65 205 175 265
car 0.0014 4 116 44 178
car 0.0013 82 197 421 298
car 0.0010 438 190 466 236
person 0.8983 73 123 169 249
person 0.0133 439 186 467 230
person 0.0099 60 179 153 255
person 0.0039 243 210 297 257
person 0.0031 433 183 471 269
person 0.0024 68 140 172 334
person 0.0022 194 217 246 255
person 0.0014 265 211 293 257
person 0.0013 68 143 245 253
person 0.0011 65 205 175 265
person 0.0011 90 198 140 231
person 0.0010 6 141 33 188
