bird 0.9188 25 199 76 277
bird 0.8439 460 123 497 236
bird 0.1209 53 277 114 330
bird 0.0155 0 61 120 236
bird 0.0141 76 282 124 327
bird 0.0075 0 64 24 123
bird 0.0066 70 275 95 314
bird 0.0054 74 279 90 295
bird 0.0046 56 279 89 328
bird 0.0034 13 133 80 289
bird 0.0026 0 -7 23 60
bird 0.0021 41 148 87 230
bird 0.0021 342 119 393 195
bird 0.0021 -1 49 11 136
bird 0.0020 470 134 502 280
bird 0.0014 107 94 283 293
bird 0.0013 17 143 107 211
bird 0.0012 10 11 126 75
bird 0.0012 30 233 76 281
bird 0.0010 1 55 45 93
cat 0.0229 81 88 281 298
cat 0.0125 226 112 383 298
cat 0.0080 25 199 76 277
cat 0.0072 464 124 502 235
cat 0.0059 1 58 123 222
cat 0.0057 53 277 114 330
cat 0.0029 342 119 393 195
cat 0.0028 10 11 126 75
cat 0.0022 95 27 247 127
chair 0.0022 0 -18 11 70
cow 0.0397 1 58 123 222
cow 0.0251 77 64 284 291
cow 0.0213 95 27 247 127
cow 0.0179 10 11 126 75
cow 0.0144 226 112 383 298
cow 0.0105 0 41 25 233
cow 0.0033 -2 38 66 234
cow 0.0027 226 84 325 148
cow 0.0022 -2 -12 24 94
cow 0.0020 0 11 27 149
cow 0.0016 10 10 244 108
cow 0.0011 229 90 286 170
cow 0.0010 216 96 306 290
dog 0.1517 1 58 123 222
dog 0.0938 95 27 247 127
dog 0.0727 77 64 284 291
dog 0.0571 226 112 383 298
dog 0.0334 10 11 126 75
dog 0.0117 223 87 299 151
dog 0.0090 464 124 502 235
dog 0.0065 -2 -12 24 94
dog 0.0064 0 41 25 233
dog 0.0051 0 11 27 149
dog 0.0032 25 199 76 277
dog 0.0031 66 279 115 328
dog 0.0024 -1 30 44 126
dog 0.0024 -2 38 66 234
dog 0.0024 6 5 167 103
dog 0.0017 68 170 96 210
dog 0.0015 -1 18 124 159
dog 0.0014 0 57 26 111
dog 0.0012 93 48 254 193
horse 0.0020 0 61 120 236
horse 0.0013 92 64 299 292
horse 0.0011 0 39 28 156
horse 0.0011 -2 -12 24 94
horse 0.0010 226 112 383 298
person 0.0020 0 41 25 233
sheep 0.9467 81 88 281 298
sheep 0.9118 242 113 390 303
sheep 0.4857 95 27 247 127
sheep 0.2590 0 61 120 236
sheep 0.0248 0 41 25 233
sheep 0.0156 464 124 502 235
sheep 0.0127 10 10 244 108
sheep 0.0121 10 11 126 75
sheep 0.0109 93 48 254 193
sheep 0.0107 6 22 168 148
sheep 0.0072 -2 38 66 234
sheep 0.0071 0 11 27 149
sheep 0.0053 0 64 24 123
sheep 0.0045 25 199 76 277
sheep 0.0032 0 2 265 260
sheep 0.0030 -2 -12 24 94
sheep 0.0021 -1 30 44 126
sheep 0.0018 53 277 114 330
sheep 0.0017 1 55 45 93
sheep 0.0017 44 129 90 218
sheep 0.0016 17 143 107 211
sheep 0.0013 160 113 336 281
sheep 0.0010 -1 49 26 102
sofa 0.0023 92 64 299 292
