car 0.0036 329 110 371 216
car 0.0032 284 124 372 279
car 0.0016 291 32 376 252
car 0.0013 329 -3 382 33
car 0.0011 153 33 379 304
motorbike 0.0052 284 124 372 279
motorbike 0.0045 329 110 371 216
motorbike 0.0017 291 32 376 252
motorbike 0.0010 318 90 377 267
person 0.0010 329 -3 382 33
person 0.0010 268 53 317 123
sheep 0.9875 165 319 370 492
sheep 0.0175 5 378 210 494
sheep 0.0159 327 273 374 352
sheep 0.0157 -1 298 284 502
sheep 0.0096 123 319 268 495
sheep 0.0066 128 238 223 313
sheep 0.0040 128 237 338 332
sheep 0.0022 42 293 237 446
sheep 0.0013 166 418 302 493
sheep 0.0013 111 187 358 471
sheep 0.0011 287 325 375 463
