aeroplane 0.9726 163 25 229 97
aeroplane 0.9383 32 40 91 110
aeroplane 0.9239 190 139 256 203
aeroplane 0.8822 47 149 113 213
aeroplane 0.8755 395 15 461 81
aeroplane 0.8088 66 236 131 301
aeroplane 0.0142 468 60 483 76
aeroplane 0.0128 65 162 116 198
aeroplane 0.0118 489 64 498 88
aeroplane 0.0113 206 163 263 197
aeroplane 0.0113 403 36 469 73
aeroplane 0.0110 86 248 133 286
aeroplane 0.0079 47 67 98 100
aeroplane 0.0071 468 64 485 82
aeroplane 0.0049 486 49 500 104
aeroplane 0.0045 475 64 497 83
aeroplane 0.0044 179 46 232 84
aeroplane 0.0040 467 60 503 88
aeroplane 0.0035 111 263 127 277
aeroplane 0.0033 154 50 220 99
aeroplane 0.0029 91 176 111 190
aeroplane 0.0028 384 46 468 80
aeroplane 0.0024 180 169 248 209
aeroplane 0.0024 490 70 499 98
aeroplane 0.0023 392 31 444 63
aeroplane 0.0021 52 267 127 303
aeroplane 0.0020 102 270 123 286
aeroplane 0.0018 228 183 243 195
aeroplane 0.0018 183 113 258 225
aeroplane 0.0017 73 70 91 86
aeroplane 0.0015 71 78 92 94
aeroplane 0.0012 207 60 227 74
aeroplane 0.0012 110 269 128 284
aeroplane 0.0010 489 55 499 81
bird 0.0040 489 64 498 88
bird 0.0014 486 49 500 104
bird 0.0011 468 60 483 76
boat 0.0014 489 64 498 88
sheep 0.0032 36 35 91 102
sheep 0.0028 400 13 459 81
sheep 0.0020 50 147 111 212
sheep 0.0011 65 238 122 297
sheep 0.0010 163 27 218 95
