bicycle 0.9974 145 124 362 282
bus 0.0023 147 5 354 79
bus 0.0017 125 -14 454 60
car 0.2313 336 17 453 59
car 0.1173 239 0 354 50
car 0.0276 0 -2 99 57
car 0.0236 263 6 448 50
car 0.0157 198 4 451 73
car 0.0120 376 14 486 61
car 0.0116 147 5 354 79
car 0.0067 449 10 497 76
car 0.0037 2 -27 174 65
car 0.0031 186 16 258 74
car 0.0031 -13 12 183 60
car 0.0018 282 5 343 47
car 0.0015 239 -14 489 61
car 0.0015 152 78 345 265
chair 0.0143 152 78 345 265
motorbike 0.0164 144 47 356 270
person 0.9483 170 19 334 263
person 0.0101 251 61 332 247
