cow 0.0039 453 121 498 228
cow 0.0039 1 97 62 285
cow 0.0026 474 117 499 227
horse 0.9914 60 68 349 310
horse 0.8924 179 75 396 319
horse 0.0070 279 92 421 297
horse 0.0070 51 97 234 280
horse 0.0035 217 63 305 316
horse 0.0028 176 56 267 258
horse 0.0023 213 214 368 313
horse 0.0019 2 120 86 290
horse 0.0014 25 5 458 332
person 0.9473 177 13 260 207
person 0.1315 215 184 310 313
person 0.0392 247 223 342 315
person 0.0127 173 22 256 121
person 0.0102 205 142 380 322
person 0.0102 215 209 264 318
person 0.0085 228 212 289 316
person 0.0032 265 249 363 321
person 0.0027 267 201 320 305
person 0.0025 380 120 414 262
person 0.0021 217 63 305 316
person 0.0016 180 27 319 149
person 0.0013 256 100 301 200
person 0.0012 349 173 395 286
person 0.0011 267 180 364 313
person 0.0011 262 96 371 167
