aeroplane 0.0010 -5 74 218 182
boat 0.0010 3 76 239 180
bus 0.3972 4 60 213 334
bus 0.1858 0 94 240 208
bus 0.0040 309 136 333 152
bus 0.0019 93 129 228 195
car 0.9885 267 165 352 252
car 0.1348 309 136 333 152
car 0.0295 303 142 325 157
car 0.0253 4 63 208 395
car 0.0132 323 142 339 156
car 0.0125 322 135 340 153
car 0.0100 301 134 341 155
car 0.0084 269 169 355 192
car 0.0060 292 139 333 161
car 0.0039 300 152 323 164
car 0.0039 272 160 351 183
car 0.0030 0 83 217 226
car 0.0030 293 144 314 157
car 0.0023 310 151 332 164
car 0.0020 322 151 341 165
car 0.0018 332 142 347 158
car 0.0015 290 153 314 164
car 0.0015 333 150 349 166
car 0.0011 281 149 341 169
car 0.0011 301 156 361 188
person 0.0024 323 142 339 156
person 0.0019 332 142 347 158
person 0.0018 322 135 340 153
person 0.0010 309 136 333 152
train 0.0224 0 94 240 208
train 0.0177 -3 41 223 287
