boat 0.0019 1 51 490 339
bottle 0.0016 343 169 358 192
bus 0.0014 16 50 323 348
car 0.9980 17 72 313 384
car 0.3676 410 161 500 317
car 0.0841 -2 195 25 241
car 0.0339 -1 194 22 316
car 0.0199 322 136 483 314
car 0.0195 301 103 424 368
car 0.0163 0 198 13 224
car 0.0133 0 192 15 234
car 0.0095 -2 201 24 222
car 0.0038 152 104 424 346
car 0.0030 410 158 495 233
car 0.0029 370 141 504 386
car 0.0027 247 121 416 257
car 0.0027 0 191 12 268
car 0.0022 1 195 41 317
car 0.0016 250 147 348 209
chair 0.0012 16 50 323 348
motorbike 0.0013 16 50 323 348
person 0.8036 320 108 427 364
person 0.0027 118 250 244 299
person 0.0020 182 96 233 134
person 0.0017 319 155 362 192
person 0.0013 16 50 323 348
person 0.0012 304 125 422 264
person 0.0010 169 260 243 296
pottedplant 0.0010 214 19 339 98
