bird 0.3419 67 195 281 330
bird 0.1740 170 13 318 159
bird 0.0454 85 262 197 324
bird 0.0206 153 34 246 128
bird 0.0146 141 273 192 321
bird 0.0145 159 12 325 277
bird 0.0101 67 208 182 332
bird 0.0052 102 121 311 338
bird 0.0045 139 198 340 321
bird 0.0036 186 109 298 171
bird 0.0026 141 211 265 297
bird 0.0023 133 226 189 328
bird 0.0020 121 191 206 323
bird 0.0014 203 127 312 188
bird 0.0013 138 62 305 220
bird 0.0012 124 269 231 323
cat 0.0041 85 262 197 324
cat 0.0023 129 193 279 328
cat 0.0019 69 202 206 332
cat 0.0016 203 127 312 188
cat 0.0011 139 16 311 180
cat 0.0011 194 37 321 230
cat 0.0010 198 107 316 170
dog 0.0085 139 16 311 180
dog 0.0072 67 195 281 330
dog 0.0018 203 127 312 188
horse 0.0023 139 16 311 180
person 0.5966 164 15 315 180
person 0.0239 228 18 319 154
person 0.0157 125 5 319 284
person 0.0024 197 59 319 251
sheep 0.0015 67 195 281 330
