bicycle 0.0018 16 48 36 98
bicycle 0.0012 22 51 43 94
bird 0.2929 154 81 200 110
bird 0.1339 335 44 426 199
bird 0.0232 115 78 205 163
bird 0.0216 228 107 283 203
bird 0.0181 157 85 182 105
bird 0.0164 156 73 215 102
bird 0.0162 351 39 433 95
bird 0.0097 352 78 402 198
bird 0.0075 156 85 185 124
bird 0.0057 156 83 215 122
bird 0.0040 81 81 269 201
bird 0.0030 320 46 438 109
bird 0.0014 113 90 178 190
bird 0.0010 365 56 421 182
boat 0.0063 359 -1 466 44
boat 0.0032 81 81 269 201
boat 0.0030 314 38 436 92
boat 0.0013 241 10 304 44
boat 0.0011 228 96 282 195
bus 0.0010 235 2 295 36
car 0.0020 17 33 35 98
car 0.0015 11 40 20 75
car 0.0015 359 -1 466 44
car 0.0014 9 36 24 97
car 0.0013 358 3 420 35
cat 0.0060 335 44 426 199
cat 0.0012 157 78 214 111
chair 0.0010 89 81 314 208
dog 0.0027 335 44 426 199
horse 0.0064 20 31 42 97
motorbike 0.0066 17 33 35 98
person 0.9007 20 25 42 92
person 0.2110 17 33 35 98
person 0.0122 11 40 20 75
person 0.0078 9 31 23 87
person 0.0056 351 39 433 95
person 0.0043 19 32 30 63
person 0.0040 30 26 49 90
person 0.0039 335 44 426 199
person 0.0016 14 36 51 82
person 0.0015 17 16 34 67
person 0.0014 22 13 56 86
person 0.0012 320 46 438 109
person 0.0011 19 6 46 54
pottedplant 0.0102 81 81 269 201
pottedplant 0.0015 235 2 295 36
