bicycle 0.0220 349 114 467 180
bicycle 0.0019 61 137 215 241
bicycle 0.0010 110 151 212 226
bus 0.0351 433 61 481 93
bus 0.0082 347 57 410 97
bus 0.0078 346 61 476 96
bus 0.0040 261 69 287 96
bus 0.0037 335 48 488 86
bus 0.0037 217 69 270 99
bus 0.0037 298 59 342 96
bus 0.0034 8 74 56 101
bus 0.0023 236 67 293 97
bus 0.0021 257 67 308 97
bus 0.0016 232 59 364 97
bus 0.0015 118 72 179 101
car 0.9680 175 68 217 102
car 0.8848 52 81 111 103
car 0.8755 7 79 59 100
car 0.8396 100 73 176 100
car 0.7540 298 63 343 99
car 0.6463 435 67 478 95
car 0.5902 337 62 401 98
car 0.5392 214 71 256 99
car 0.4827 257 67 308 97
car 0.3581 261 69 287 96
car 0.2594 346 61 476 96
car 0.2384 91 76 148 104
car 0.1990 236 67 293 97
car 0.1132 386 68 432 97
car 0.0906 0 76 28 105
car 0.0789 277 64 329 98
car 0.0544 72 78 130 102
car 0.0528 360 63 417 98
car 0.0493 27 80 79 101
car 0.0423 455 67 495 94
car 0.0353 392 72 444 109
car 0.0337 290 57 422 97
car 0.0303 464 69 486 93
car 0.0289 348 97 454 181
car 0.0265 406 54 492 97
car 0.0251 0 72 15 112
car 0.0183 261 58 373 98
car 0.0176 51 84 77 102
car 0.0170 237 70 266 97
car 0.0150 216 71 240 95
car 0.0142 132 71 183 99
car 0.0108 439 70 459 94
car 0.0103 366 71 453 134
car 0.0097 188 69 244 99
car 0.0091 0 71 14 97
car 0.0085 20 76 45 96
car 0.0083 157 67 203 98
car 0.0080 217 59 339 98
car 0.0080 148 81 168 97
car 0.0077 444 66 467 88
car 0.0074 176 71 202 97
car 0.0057 91 66 183 88
car 0.0055 265 68 283 86
car 0.0050 134 80 164 98
car 0.0049 9 76 35 95
car 0.0047 392 71 424 91
car 0.0045 279 68 305 94
car 0.0044 195 78 217 101
car 0.0044 40 82 67 100
car 0.0043 162 81 174 97
car 0.0043 -1 85 65 111
car 0.0042 414 68 461 97
car 0.0039 317 62 364 98
car 0.0032 98 76 126 104
car 0.0030 335 48 488 86
car 0.0025 476 69 491 94
car 0.0023 0 85 9 114
car 0.0023 345 63 375 97
car 0.0021 228 73 277 105
car 0.0020 414 73 437 91
car 0.0019 453 69 479 93
car 0.0016 60 109 209 239
car 0.0016 29 77 53 96
car 0.0015 301 67 327 95
car 0.0015 145 70 171 100
car 0.0015 38 67 175 102
car 0.0013 395 67 420 82
car 0.0013 172 80 187 99
car 0.0013 390 71 461 166
car 0.0012 122 81 156 100
car 0.0012 411 67 438 101
car 0.0012 394 80 422 99
car 0.0011 269 69 297 94
car 0.0011 405 71 430 90
car 0.0010 336 44 478 154
horse 0.0016 356 94 460 178
horse 0.0015 120 122 201 217
motorbike 0.8830 61 137 215 241
motorbike 0.8359 349 114 467 180
motorbike 0.0175 384 84 442 177
motorbike 0.0063 120 122 201 217
motorbike 0.0015 124 157 228 228
motorbike 0.0011 436 57 492 97
person 0.9354 388 71 440 175
person 0.8659 132 106 193 211
person 0.3091 60 109 209 239
person 0.2314 356 94 460 178
person 0.0052 120 113 175 226
person 0.0047 122 101 172 180
person 0.0025 368 80 425 167
person 0.0019 125 110 153 155
person 0.0014 444 66 467 88
person 0.0011 125 106 170 140
person 0.0011 416 91 442 154
person 0.0011 426 101 448 160
person 0.0010 394 91 421 152
tvmonitor 0.0010 261 69 287 96
