aeroplane 0.8498 41 53 459 241
aeroplane 0.1093 25 114 480 326
aeroplane 0.0033 42 123 374 226
aeroplane 0.0022 39 162 462 276
aeroplane 0.0018 171 47 480 174
aeroplane 0.0015 28 133 235 228
aeroplane 0.0010 390 355 446 375
bicycle 0.0022 382 356 435 374
bird 0.0014 38 16 460 215
boat 0.0287 25 114 480 326
boat 0.0046 41 53 459 241
car 0.0037 390 355 446 375
car 0.0025 452 335 497 375
car 0.0019 291 338 352 375
car 0.0017 436 314 501 375
car 0.0014 403 358 432 375
car 0.0013 371 356 427 375
car 0.0011 24 76 482 282
motorbike 0.0026 382 356 435 374
person 0.0424 451 311 498 378
person 0.0076 291 338 352 375
person 0.0065 453 344 496 379
person 0.0051 471 333 498 378
person 0.0034 305 350 356 376
person 0.0022 319 356 343 374
person 0.0019 451 262 498 364
person 0.0014 409 316 495 375
person 0.0012 470 287 498 382
person 0.0010 395 358 422 375
