bottle 0.9965 101 96 142 225
bottle 0.2723 165 153 189 249
bottle 0.1352 141 144 158 217
bottle 0.0500 159 147 176 218
bottle 0.0421 147 150 166 215
bottle 0.0310 150 150 183 248
bottle 0.0245 147 173 168 246
bottle 0.0223 161 165 178 238
bottle 0.0185 166 190 185 246
bottle 0.0148 163 146 175 177
bottle 0.0137 160 141 178 184
bottle 0.0070 143 172 158 247
bottle 0.0042 137 142 149 218
bottle 0.0035 144 145 154 178
bottle 0.0032 165 149 185 196
bottle 0.0032 142 137 156 190
bottle 0.0027 90 114 162 199
bottle 0.0024 111 89 130 175
bottle 0.0021 148 140 170 187
bottle 0.0019 169 157 183 184
bottle 0.0017 125 112 160 234
bottle 0.0017 151 173 162 208
bottle 0.0013 152 148 166 176
bottle 0.0011 152 154 164 188
bottle 0.0010 103 90 122 176
bottle 0.0010 141 114 182 211
chair 0.0062 0 73 99 238
diningtable 0.0029 -1 141 498 384
person 0.0357 0 73 99 238
person 0.0061 -6 -70 99 266
person 0.0038 6 84 173 227
person 0.0022 -1 -16 63 254
person 0.0020 167 177 187 241
person 0.0012 97 94 145 246
person 0.0010 0 77 23 240
sofa 0.0071 0 73 99 238
