boat 0.0015 237 214 328 246
bus 0.0063 410 206 481 240
bus 0.0051 235 201 328 245
bus 0.0051 475 193 500 235
bus 0.0014 328 210 388 243
car 0.9693 322 205 380 237
car 0.8793 401 208 473 239
car 0.3017 474 199 500 242
car 0.1467 342 206 395 238
car 0.0840 427 205 484 238
car 0.0649 413 203 477 227
car 0.0526 454 204 501 236
car 0.0058 396 216 445 244
car 0.0049 473 216 499 237
car 0.0046 403 220 418 241
car 0.0036 373 218 383 237
car 0.0035 485 199 501 226
car 0.0029 457 218 475 236
car 0.0028 464 218 488 235
car 0.0022 317 221 331 242
car 0.0022 235 211 328 246
car 0.0021 358 208 382 232
car 0.0018 457 209 476 230
car 0.0018 327 206 358 238
car 0.0015 361 217 382 237
car 0.0014 465 209 488 230
car 0.0012 371 210 385 231
car 0.0010 486 201 499 256
car 0.0010 0 185 7 217
motorbike 0.0011 318 211 381 242
motorbike 0.0010 396 208 459 239
person 0.0020 45 187 60 230
train 0.0020 235 211 328 246
