bicycle 0.9878 95 255 404 377
bicycle 0.0452 107 249 255 374
bicycle 0.0114 316 255 498 371
bicycle 0.0098 242 273 470 381
bicycle 0.0075 234 317 395 375
bicycle 0.0052 169 121 399 376
bicycle 0.0019 329 113 494 384
bicycle 0.0011 276 299 427 371
bottle 0.0111 328 340 393 371
bottle 0.0018 320 329 381 365
bottle 0.0012 295 339 368 372
bottle 0.0011 375 167 384 199
dog 0.0011 136 243 229 311
person 0.9920 170 100 403 372
person 0.8010 327 96 502 371
person 0.0126 130 103 302 357
person 0.0031 452 98 499 133
person 0.0023 302 115 405 356
person 0.0017 475 100 500 148
person 0.0017 256 136 377 363
person 0.0014 486 92 500 157
person 0.0013 233 154 252 206
person 0.0011 184 263 447 373
