bottle 0.0321 184 247 200 299
bottle 0.0204 164 234 184 293
bottle 0.0046 157 226 190 331
bottle 0.0039 173 234 192 293
bottle 0.0035 166 240 180 268
bottle 0.0015 175 239 189 267
bottle 0.0013 276 220 361 289
bottle 0.0012 161 255 184 310
bottle 0.0011 182 260 199 322
bottle 0.0010 288 222 307 245
bottle 0.0010 215 195 232 216
chair 0.3738 2 308 155 498
chair 0.0399 224 226 375 497
chair 0.0171 203 291 307 500
chair 0.0130 84 233 162 323
chair 0.0112 276 220 361 289
chair 0.0095 120 327 189 492
chair 0.0070 136 328 224 466
chair 0.0063 114 252 162 331
chair 0.0063 119 445 235 500
chair 0.0059 168 332 220 411
chair 0.0049 136 326 222 392
chair 0.0049 172 469 231 500
chair 0.0044 2 219 152 438
chair 0.0044 229 358 311 497
chair 0.0041 210 442 301 498
chair 0.0032 218 98 296 488
chair 0.0028 199 264 232 379
chair 0.0024 118 324 265 493
chair 0.0023 103 216 171 458
chair 0.0022 292 280 374 500
chair 0.0022 66 322 175 496
chair 0.0021 -1 260 90 487
chair 0.0021 196 407 241 496
chair 0.0021 87 197 178 347
chair 0.0019 203 382 256 494
chair 0.0017 110 470 278 499
chair 0.0013 147 416 245 496
chair 0.0013 154 487 248 500
chair 0.0012 171 292 224 387
diningtable 0.0070 2 196 189 503
diningtable 0.0034 131 334 227 486
diningtable 0.0024 84 233 162 323
diningtable 0.0017 3 359 148 503
diningtable 0.0013 205 361 305 498
diningtable 0.0010 115 260 201 328
diningtable 0.0010 85 216 212 351
dog 0.0021 84 233 162 323
person 0.9897 -6 187 159 486
person 0.9756 213 122 289 358
person 0.8862 83 169 162 317
person 0.3612 147 187 192 286
person 0.2286 224 226 375 497
person 0.0952 126 178 197 309
person 0.0872 155 187 186 228
person 0.0363 40 170 87 239
person 0.0282 140 194 186 236
person 0.0245 207 265 306 487
person 0.0202 221 126 320 472
person 0.0196 116 229 164 326
person 0.0177 86 178 185 267
person 0.0158 84 173 152 241
person 0.0146 93 227 151 324
person 0.0108 79 201 162 470
person 0.0106 2 177 148 313
person 0.0099 44 166 89 209
person 0.0069 49 184 244 485
person 0.0049 82 202 129 315
person 0.0034 12 201 181 375
person 0.0032 3 174 90 260
person 0.0031 146 230 311 497
person 0.0030 111 185 164 299
person 0.0029 65 201 147 349
person 0.0028 226 212 370 366
person 0.0027 287 219 368 288
person 0.0026 90 208 177 380
person 0.0021 83 232 126 275
person 0.0020 191 127 251 359
person 0.0020 200 134 275 448
person 0.0018 0 217 88 485
person 0.0017 157 226 190 331
person 0.0012 283 195 375 447
person 0.0012 54 174 97 264
person 0.0011 106 317 174 481
person 0.0010 132 210 192 259
person 0.0010 82 225 109 266
person 0.0010 161 193 182 215
pottedplant 0.0014 278 215 358 278
pottedplant 0.0013 215 195 232 216
sofa 0.1184 224 226 375 497
sofa 0.0068 2 196 189 503
sofa 0.0033 84 198 161 347
sofa 0.0031 203 291 307 500
sofa 0.0013 287 219 368 288
tvmonitor 0.0023 290 245 375 501
