boat 0.0016 120 12 227 221
boat 0.0012 15 -2 289 232
car 0.0013 71 34 183 208
cow 0.0016 293 85 308 180
dog 0.0014 292 74 307 170
horse 0.0018 293 85 308 180
person 0.8831 32 39 101 154
person 0.7965 73 61 181 220
person 0.4763 121 68 175 218
person 0.1831 115 43 157 84
person 0.1096 141 63 200 183
person 0.0320 118 42 172 100
person 0.0171 125 48 220 224
person 0.0126 123 43 175 154
person 0.0115 156 69 185 121
person 0.0105 143 67 176 123
person 0.0099 151 97 208 214
person 0.0080 165 111 198 172
person 0.0073 121 51 152 112
person 0.0072 62 59 158 166
person 0.0052 62 32 110 87
person 0.0049 80 45 180 131
person 0.0038 292 74 307 170
person 0.0037 39 26 122 195
person 0.0035 111 46 161 127
person 0.0032 155 70 182 96
person 0.0027 96 44 151 155
person 0.0022 64 75 137 217
person 0.0022 44 25 110 108
person 0.0021 116 53 150 77
person 0.0016 99 59 151 105
person 0.0014 130 50 166 115
person 0.0013 60 36 113 155
person 0.0012 110 47 145 96
person 0.0011 301 98 308 161
