bottle 0.0044 313 108 319 125
bottle 0.0014 313 101 320 120
bottle 0.0012 312 98 320 146
car 0.0040 301 94 320 125
chair 0.9391 193 96 240 149
chair 0.6058 48 93 178 194
chair 0.0164 194 90 238 123
chair 0.0096 130 76 153 120
chair 0.0052 38 115 149 219
chair 0.0030 121 107 183 218
chair 0.0029 260 89 299 119
chair 0.0023 62 140 150 184
chair 0.0018 288 123 319 147
chair 0.0017 42 145 176 238
chair 0.0017 290 113 319 162
chair 0.0011 311 105 320 152
chair 0.0010 131 77 178 121
diningtable 0.0017 197 93 245 151
diningtable 0.0012 49 110 177 218
person 0.0072 47 84 174 172
person 0.0015 46 99 179 231
sofa 0.2424 48 93 178 194
sofa 0.0211 194 91 241 142
sofa 0.0026 260 89 299 119
tvmonitor 0.4367 260 89 299 119
tvmonitor 0.1250 301 94 320 125
tvmonitor 0.0218 130 77 150 106
tvmonitor 0.0085 293 89 317 121
tvmonitor 0.0050 310 94 320 126
tvmonitor 0.0034 132 81 156 115
tvmonitor 0.0031 313 101 320 120
tvmonitor 0.0023 47 84 174 172
tvmonitor 0.0021 313 108 319 125
tvmonitor 0.0010 296 101 313 129
tvmonitor 0.0010 288 123 319 147
