aeroplane 0.0048 265 196 319 227
aeroplane 0.0013 486 155 500 212
aeroplane 0.0012 487 180 500 203
bird 0.0012 450 193 467 204
bird 0.0011 198 314 253 340
boat 0.5036 247 202 299 235
boat 0.2993 265 196 319 227
boat 0.0838 280 204 325 231
boat 0.0664 1 118 24 186
boat 0.0352 477 181 499 200
boat 0.0243 0 114 13 191
boat 0.0236 487 180 500 203
boat 0.0194 276 193 304 227
boat 0.0155 314 187 329 198
boat 0.0133 478 156 499 206
boat 0.0130 484 167 501 215
boat 0.0105 289 202 313 222
boat 0.0087 301 203 320 223
boat 0.0081 297 193 323 230
boat 0.0077 488 131 499 216
boat 0.0075 489 171 499 199
boat 0.0072 450 193 467 204
boat 0.0071 451 189 475 200
boat 0.0058 0 54 20 192
boat 0.0057 302 210 322 229
boat 0.0049 280 200 301 220
boat 0.0046 447 180 500 202
boat 0.0045 0 159 9 192
boat 0.0043 322 186 338 197
boat 0.0040 0 143 10 202
boat 0.0040 248 212 278 232
boat 0.0032 249 204 278 222
boat 0.0032 475 99 497 218
boat 0.0031 0 108 21 234
boat 0.0027 286 211 318 228
boat 0.0023 255 197 290 228
boat 0.0020 279 210 304 228
boat 0.0019 306 188 321 198
boat 0.0014 0 147 24 198
boat 0.0013 376 240 495 302
boat 0.0010 312 212 326 229
boat 0.0010 478 173 497 195
bus 0.0044 278 197 325 228
bus 0.0025 248 199 299 228
car 0.0015 248 199 299 228
person 0.0722 254 197 311 227
person 0.0216 280 200 301 220
person 0.0188 276 193 304 227
person 0.0180 273 198 292 220
person 0.0069 277 197 291 212
person 0.0038 281 197 299 212
person 0.0035 289 202 313 222
person 0.0010 258 201 288 219
pottedplant 0.0034 265 196 319 227
pottedplant 0.0012 248 199 299 228
sofa 0.0051 248 199 299 228
sofa 0.0010 278 197 325 228
train 0.0209 278 197 325 228
train 0.0108 248 199 299 228
tvmonitor 0.0042 248 199 299 228
tvmonitor 0.0011 278 197 325 228
