bicycle 0.0020 141 250 153 280
boat 0.9945 16 112 480 281
boat 0.0163 461 242 489 253
boat 0.0117 425 243 449 255
boat 0.0106 408 238 465 258
boat 0.0063 439 238 492 256
boat 0.0060 443 243 470 254
boat 0.0037 43 114 296 264
boat 0.0031 0 189 9 274
boat 0.0030 475 240 497 254
boat 0.0030 447 225 499 256
boat 0.0025 431 243 461 253
boat 0.0023 403 228 468 254
boat 0.0022 425 227 485 255
boat 0.0018 414 241 442 253
boat 0.0016 308 133 488 259
boat 0.0015 486 189 499 274
boat 0.0015 489 238 500 260
boat 0.0013 446 234 466 250
boat 0.0013 489 229 498 255
boat 0.0011 427 235 447 249
boat 0.0011 474 200 499 260
boat 0.0011 0 119 21 278
bottle 0.0086 92 247 105 270
bottle 0.0051 141 250 153 280
bottle 0.0013 84 250 98 269
car 0.0021 92 247 105 270
car 0.0012 15 242 32 261
dog 0.0011 141 250 153 280
motorbike 0.0016 141 250 153 280
person 0.1315 140 245 153 278
person 0.0586 92 247 105 270
person 0.0172 409 259 428 292
person 0.0090 84 250 98 269
person 0.0027 115 191 125 213
person 0.0024 137 248 149 275
person 0.0021 24 239 39 263
person 0.0021 0 203 9 275
person 0.0019 93 172 108 191
person 0.0018 78 249 89 270
person 0.0010 15 242 32 261
pottedplant 0.0107 92 247 105 270
pottedplant 0.0051 84 250 98 269
pottedplant 0.0011 78 249 89 270
