bird 0.0037 124 -3 231 47
boat 0.0024 70 293 210 372
car 0.0028 65 285 211 374
cat 0.0011 102 -2 230 47
chair 0.2602 284 243 339 335
chair 0.0379 65 285 211 374
chair 0.0201 475 241 499 339
chair 0.0109 487 261 500 333
chair 0.0070 308 245 359 333
chair 0.0056 393 226 430 310
chair 0.0055 59 243 98 304
chair 0.0040 275 263 323 347
chair 0.0033 285 238 379 318
chair 0.0028 258 246 304 338
chair 0.0019 280 246 327 293
chair 0.0018 479 253 499 306
chair 0.0018 476 258 499 399
chair 0.0013 351 231 431 310
chair 0.0013 489 272 501 361
chair 0.0013 478 166 498 343
diningtable 0.0705 65 285 211 374
diningtable 0.0075 328 230 430 314
diningtable 0.0043 320 295 485 378
diningtable 0.0036 278 246 352 335
dog 0.0010 486 252 499 326
person 0.0010 486 252 499 326
pottedplant 0.0033 258 246 304 338
pottedplant 0.0022 269 268 293 326
pottedplant 0.0018 486 252 499 326
pottedplant 0.0011 278 244 329 337
pottedplant 0.0010 255 306 272 345
sofa 0.0015 70 293 210 372
sofa 0.0014 328 230 430 314
tvmonitor 0.0015 65 285 211 374
