aeroplane 0.0043 13 18 496 363
bird 0.0020 96 157 107 183
boat 0.0035 412 256 500 330
boat 0.0034 13 18 496 363
car 0.0032 426 255 499 329
car 0.0019 13 18 496 363
person 0.2288 108 146 152 213
person 0.1430 106 143 150 280
person 0.0422 114 147 142 197
person 0.0333 96 157 107 183
person 0.0299 93 148 161 316
person 0.0126 58 10 457 330
person 0.0045 101 157 116 183
person 0.0042 86 152 126 276
person 0.0036 92 160 113 200
person 0.0031 106 141 214 324
person 0.0029 94 152 161 235
person 0.0024 96 154 120 191
person 0.0022 108 152 134 209
person 0.0010 121 231 165 313
sheep 0.0013 -9 -100 104 98
train 0.9930 71 -6 508 337
