aeroplane 0.0010 230 156 296 189
bicycle 0.0086 366 198 411 243
bicycle 0.0081 452 163 500 229
bicycle 0.0019 434 147 500 330
bicycle 0.0016 355 189 436 247
bicycle 0.0012 476 127 498 175
boat 0.0184 225 167 300 194
boat 0.0156 97 168 159 192
boat 0.0032 31 163 73 196
boat 0.0031 236 156 308 187
boat 0.0025 143 156 190 186
boat 0.0017 138 168 194 192
boat 0.0017 59 166 102 193
boat 0.0014 301 159 381 186
boat 0.0013 102 156 155 186
bottle 0.0014 0 142 29 187
car 0.1942 452 181 498 219
car 0.0428 472 174 500 212
car 0.0333 452 125 474 161
car 0.0193 452 121 497 165
car 0.0052 485 168 501 220
car 0.0049 488 179 500 206
car 0.0044 475 122 499 166
car 0.0038 450 162 499 207
car 0.0030 468 157 500 237
car 0.0019 451 169 500 257
car 0.0012 454 184 479 217
chair 0.5934 13 236 147 340
chair 0.0732 -2 221 45 328
chair 0.0417 31 163 73 196
chair 0.0334 -3 174 46 297
chair 0.0310 0 189 29 320
chair 0.0186 0 240 31 345
chair 0.0133 0 151 26 191
chair 0.0089 -4 179 93 334
chair 0.0074 0 149 25 282
chair 0.0070 46 164 95 196
chair 0.0059 -2 167 26 214
chair 0.0056 21 161 46 198
chair 0.0053 -1 141 44 207
chair 0.0048 -3 248 48 291
chair 0.0035 29 151 55 194
chair 0.0034 50 163 72 183
chair 0.0025 56 160 104 188
chair 0.0024 48 168 73 193
chair 0.0022 452 163 500 229
chair 0.0020 7 147 37 194
chair 0.0020 69 165 110 195
chair 0.0017 0 154 13 207
chair 0.0017 -1 194 27 247
chair 0.0016 54 239 118 340
chair 0.0012 32 168 51 195
chair 0.0011 3 160 23 185
chair 0.0010 0 170 11 231
chair 0.0010 0 166 10 195
diningtable 0.1246 6 237 138 339
diningtable 0.0022 31 163 73 196
diningtable 0.0012 -4 179 93 334
diningtable 0.0010 1 161 163 314
motorbike 0.0118 452 163 500 229
motorbike 0.0053 452 125 474 161
motorbike 0.0040 452 121 497 165
motorbike 0.0032 366 198 411 243
motorbike 0.0028 475 122 499 166
person 0.0169 452 125 474 161
person 0.0041 475 122 499 166
person 0.0013 0 142 29 187
person 0.0012 366 198 411 243
person 0.0010 452 163 500 229
pottedplant 0.3950 230 156 296 189
pottedplant 0.3519 94 156 144 187
pottedplant 0.1657 143 156 190 186
pottedplant 0.1069 231 79 326 161
pottedplant 0.0688 430 190 500 392
pottedplant 0.0542 99 161 121 184
pottedplant 0.0438 85 92 133 137
pottedplant 0.0372 230 132 323 189
pottedplant 0.0365 0 151 26 191
pottedplant 0.0347 144 84 189 128
pottedplant 0.0339 105 146 152 180
pottedplant 0.0324 145 145 173 179
pottedplant 0.0284 163 87 192 125
pottedplant 0.0242 97 168 159 192
pottedplant 0.0210 90 165 130 194
pottedplant 0.0205 227 166 279 195
pottedplant 0.0190 241 143 304 182
pottedplant 0.0151 96 170 122 189
pottedplant 0.0147 355 89 383 140
pottedplant 0.0143 145 161 172 183
pottedplant 0.0120 89 154 116 190
pottedplant 0.0119 222 155 366 191
pottedplant 0.0117 97 144 122 183
pottedplant 0.0117 126 145 150 179
pottedplant 0.0115 2 142 43 185
pottedplant 0.0111 92 162 113 183
pottedplant 0.0096 251 156 313 186
pottedplant 0.0080 106 162 133 183
pottedplant 0.0075 153 146 200 179
pottedplant 0.0073 89 156 200 193
pottedplant 0.0063 91 169 112 190
pottedplant 0.0062 333 87 382 156
pottedplant 0.0058 116 163 142 181
pottedplant 0.0056 86 91 135 188
pottedplant 0.0055 113 153 162 187
pottedplant 0.0052 164 162 189 181
pottedplant 0.0048 145 87 191 184
pottedplant 0.0046 13 236 147 340
pottedplant 0.0045 68 158 112 188
pottedplant 0.0044 225 82 357 203
pottedplant 0.0043 100 152 119 176
pottedplant 0.0042 85 135 166 189
pottedplant 0.0042 3 160 23 185
pottedplant 0.0041 30 157 73 190
pottedplant 0.0041 233 87 285 187
pottedplant 0.0029 156 83 195 157
pottedplant 0.0029 145 90 169 136
pottedplant 0.0028 118 152 141 174
pottedplant 0.0025 160 156 326 192
pottedplant 0.0025 138 168 194 192
pottedplant 0.0023 475 122 499 166
pottedplant 0.0022 0 133 28 221
pottedplant 0.0021 102 172 135 188
pottedplant 0.0021 46 154 169 191
pottedplant 0.0021 127 161 149 182
pottedplant 0.0021 271 77 319 163
pottedplant 0.0020 165 154 188 174
pottedplant 0.0019 167 92 189 118
pottedplant 0.0019 238 162 268 184
pottedplant 0.0017 0 145 13 199
pottedplant 0.0016 128 88 204 150
pottedplant 0.0015 228 148 278 182
pottedplant 0.0015 154 153 181 174
pottedplant 0.0014 178 162 196 181
pottedplant 0.0014 273 153 401 196
pottedplant 0.0014 77 163 103 181
pottedplant 0.0014 20 147 46 197
pottedplant 0.0014 289 85 314 142
pottedplant 0.0013 339 90 361 139
pottedplant 0.0013 50 163 72 183
pottedplant 0.0012 107 152 130 175
pottedplant 0.0012 415 121 434 166
pottedplant 0.0012 213 164 237 181
pottedplant 0.0012 121 137 207 185
pottedplant 0.0011 349 93 387 174
pottedplant 0.0011 14 151 32 173
pottedplant 0.0011 1 161 163 314
pottedplant 0.0010 282 132 393 187
pottedplant 0.0010 204 165 226 182
pottedplant 0.0010 0 157 10 188
sofa 0.0062 30 157 73 190
sofa 0.0015 41 164 81 195
sofa 0.0012 -3 174 46 297
sofa 0.0011 3 221 143 337
