bottle 0.0025 286 199 298 227
bottle 0.0024 274 209 293 229
bottle 0.0017 317 198 332 242
bottle 0.0016 388 212 409 250
person 0.0210 317 198 332 242
person 0.0034 286 199 298 227
person 0.0019 230 200 240 225
person 0.0015 318 212 330 245
person 0.0015 274 209 293 229
person 0.0010 252 209 278 229
pottedplant 0.0536 252 209 278 229
pottedplant 0.0449 249 204 297 234
pottedplant 0.0294 274 209 293 229
pottedplant 0.0061 286 199 298 227
pottedplant 0.0056 263 208 285 230
pottedplant 0.0043 388 212 409 250
pottedplant 0.0032 242 214 284 241
pottedplant 0.0022 280 202 302 235
pottedplant 0.0020 209 105 261 145
pottedplant 0.0019 254 202 275 224
pottedplant 0.0016 271 197 296 229
pottedplant 0.0015 244 197 284 228
pottedplant 0.0015 266 201 281 225
pottedplant 0.0010 271 203 314 234
sheep 0.0010 378 -86 492 130
train 0.9758 6 150 245 248
train 0.0077 0 92 252 287
train 0.0011 78 163 324 259
