bottle 0.0218 0 121 12 205
bottle 0.0108 0 132 22 194
bottle 0.0094 0 85 23 214
bottle 0.0059 0 81 44 130
bottle 0.0037 1 114 24 174
bottle 0.0025 0 91 11 180
bottle 0.0022 0 64 12 146
bottle 0.0020 0 106 50 194
bottle 0.0018 1 89 28 139
diningtable 0.3897 16 205 485 283
diningtable 0.0246 2 175 272 277
diningtable 0.0027 217 218 420 278
diningtable 0.0023 16 128 482 290
diningtable 0.0010 0 135 97 201
person 0.9787 238 33 501 260
person 0.6619 114 32 212 196
person 0.4319 218 42 332 227
person 0.3920 425 62 491 126
person 0.3236 33 55 137 193
person 0.3007 184 30 394 241
person 0.0625 117 38 138 97
person 0.0491 434 65 477 112
person 0.0175 396 59 499 278
person 0.0139 0 81 44 130
person 0.0136 109 38 133 80
person 0.0119 416 70 439 125
person 0.0119 -2 49 51 139
person 0.0083 0 39 25 145
person 0.0072 0 64 12 146
person 0.0070 125 34 293 221
person 0.0064 120 33 201 110
person 0.0064 109 40 147 109
person 0.0059 119 42 134 72
person 0.0051 292 35 421 227
person 0.0049 0 67 24 192
person 0.0048 0 70 28 126
person 0.0032 118 53 143 116
person 0.0031 412 70 464 121
person 0.0027 1 47 100 178
person 0.0026 451 62 499 113
person 0.0025 112 40 130 60
person 0.0023 194 42 290 193
person 0.0022 152 28 245 202
person 0.0020 433 62 499 211
person 0.0019 472 55 499 131
person 0.0017 16 58 68 137
person 0.0013 259 45 376 222
person 0.0013 113 43 131 106
person 0.0012 336 30 440 200
person 0.0012 219 23 269 55
person 0.0011 0 37 11 117
person 0.0011 437 119 498 284
person 0.0011 -1 -82 57 179
person 0.0010 26 26 244 234
person 0.0010 440 59 490 102
person 0.0010 427 73 482 174
