bottle 0.4034 37 95 66 182
bottle 0.2027 6 95 41 181
bottle 0.1797 17 92 34 171
bottle 0.1145 34 100 51 184
bottle 0.1116 165 55 200 136
bottle 0.0928 22 91 39 174
bottle 0.0466 166 84 190 142
bottle 0.0445 207 49 236 119
bottle 0.0170 169 65 192 124
bottle 0.0167 49 95 72 167
bottle 0.0159 60 101 82 163
bottle 0.0132 0 66 26 209
bottle 0.0115 42 96 62 153
bottle 0.0104 20 97 31 129
bottle 0.0066 36 106 47 139
bottle 0.0060 26 99 37 129
bottle 0.0057 20 133 43 185
bottle 0.0051 186 60 204 127
bottle 0.0050 16 129 33 191
bottle 0.0040 1 114 42 230
bottle 0.0038 175 51 221 134
bottle 0.0035 36 101 49 128
bottle 0.0028 0 101 9 201
bottle 0.0028 243 94 261 116
bottle 0.0028 197 90 219 136
bottle 0.0026 174 49 202 101
bottle 0.0026 47 101 59 126
bottle 0.0026 18 93 31 118
bottle 0.0025 175 82 195 139
bottle 0.0024 -1 81 9 163
bottle 0.0018 56 91 70 116
bottle 0.0018 62 124 81 175
bottle 0.0017 33 94 51 138
bottle 0.0017 4 99 26 165
bottle 0.0016 55 100 69 124
bottle 0.0014 20 112 30 149
bottle 0.0012 28 118 66 221
bottle 0.0012 45 106 57 137
car 0.0140 274 42 502 321
car 0.0056 -1 54 264 311
chair 0.2450 252 118 494 337
chair 0.1571 6 108 246 345
chair 0.1191 450 95 500 223
chair 0.0564 205 132 275 267
chair 0.0422 446 111 499 318
chair 0.0338 473 100 500 244
chair 0.0263 417 82 494 235
chair 0.0177 434 122 483 223
chair 0.0104 475 145 500 322
chair 0.0064 235 134 279 255
chair 0.0061 137 63 427 325
chair 0.0059 218 125 296 305
chair 0.0057 179 119 269 311
chair 0.0046 409 136 497 333
chair 0.0044 255 70 342 125
chair 0.0032 259 89 341 181
chair 0.0032 287 213 503 334
chair 0.0027 453 209 500 335
chair 0.0027 358 57 500 332
chair 0.0026 165 55 200 136
chair 0.0024 442 125 471 180
chair 0.0023 469 67 500 361
chair 0.0020 3 105 41 198
chair 0.0020 276 90 329 117
chair 0.0018 474 89 498 157
chair 0.0016 259 82 325 111
chair 0.0016 256 84 309 124
chair 0.0015 1 215 214 336
chair 0.0015 -1 95 25 296
chair 0.0014 486 88 500 196
chair 0.0014 427 88 482 189
chair 0.0013 232 112 284 206
chair 0.0013 0 88 53 341
chair 0.0013 0 110 9 211
chair 0.0013 252 107 298 206
chair 0.0013 218 67 304 131
chair 0.0012 207 49 236 119
chair 0.0012 217 74 293 245
chair 0.0011 177 140 273 213
chair 0.0011 158 87 204 180
chair 0.0011 236 83 317 275
chair 0.0011 0 143 21 362
chair 0.0011 0 -25 19 186
chair 0.0010 472 235 500 342
chair 0.0010 42 97 74 175
diningtable 0.9598 13 58 308 333
diningtable 0.2954 200 56 469 327
diningtable 0.1260 99 60 392 296
diningtable 0.0246 121 65 303 191
diningtable 0.0053 35 95 213 303
diningtable 0.0051 5 98 88 175
diningtable 0.0047 450 95 500 223
diningtable 0.0045 206 128 272 299
diningtable 0.0035 -13 65 156 333
diningtable 0.0024 417 82 494 235
diningtable 0.0021 70 69 262 268
diningtable 0.0019 256 159 490 328
diningtable 0.0019 3 105 41 198
diningtable 0.0019 287 80 492 270
diningtable 0.0017 202 65 383 189
diningtable 0.0014 164 126 282 195
diningtable 0.0013 161 53 242 133
diningtable 0.0013 34 106 67 191
diningtable 0.0012 473 100 500 244
diningtable 0.0010 446 111 499 318
person 0.9806 0 56 221 334
person 0.8986 258 46 491 335
person 0.0379 0 88 53 341
person 0.0304 0 66 26 209
person 0.0252 -1 95 25 296
person 0.0190 0 73 9 153
person 0.0132 3 105 41 198
person 0.0085 0 101 9 201
person 0.0047 0 -25 19 186
person 0.0043 133 52 440 306
person 0.0039 0 122 44 265
person 0.0038 -3 21 34 294
person 0.0028 207 49 236 119
person 0.0026 0 43 8 125
person 0.0019 474 73 499 206
person 0.0016 474 82 499 127
person 0.0015 477 -26 497 224
person 0.0013 165 55 200 136
person 0.0013 37 95 66 182
person 0.0012 17 92 34 171
person 0.0010 0 81 7 123
person 0.0010 0 100 7 142
sofa 0.0096 450 95 500 223
sofa 0.0066 200 56 469 327
sofa 0.0065 -1 54 264 311
sofa 0.0017 446 111 499 318
sofa 0.0015 474 73 499 206
