bottle 0.7667 279 70 316 171
bottle 0.7245 317 79 360 189
bottle 0.5881 136 66 179 173
bottle 0.5615 238 74 275 160
bottle 0.4643 48 151 124 200
bottle 0.4042 219 83 264 185
bottle 0.3786 263 84 299 181
bottle 0.3169 354 78 403 194
bottle 0.2998 365 118 410 197
bottle 0.2434 80 150 160 197
bottle 0.2253 146 150 191 196
bottle 0.1739 202 118 242 196
bottle 0.1405 387 122 477 191
bottle 0.1130 192 151 237 195
bottle 0.1065 410 121 454 194
bottle 0.0998 331 111 367 199
bottle 0.0845 121 48 170 162
bottle 0.0790 110 59 146 171
bottle 0.0770 299 64 334 173
bottle 0.0733 -1 -44 98 203
bottle 0.0712 313 92 333 153
bottle 0.0704 242 112 277 192
bottle 0.0679 280 108 313 195
bottle 0.0554 289 37 342 110
bottle 0.0540 206 80 280 155
bottle 0.0433 241 149 267 190
bottle 0.0423 394 122 432 194
bottle 0.0324 425 125 472 193
bottle 0.0324 0 283 129 330
bottle 0.0270 331 76 370 165
bottle 0.0264 278 161 324 196
bottle 0.0250 407 285 466 328
bottle 0.0249 445 124 494 194
bottle 0.0242 287 151 314 191
bottle 0.0237 291 86 315 157
bottle 0.0232 212 116 255 153
bottle 0.0225 119 73 137 152
bottle 0.0217 202 141 312 197
bottle 0.0214 346 137 438 198
bottle 0.0198 329 302 391 328
bottle 0.0182 316 129 361 206
bottle 0.0179 229 160 279 197
bottle 0.0178 366 76 409 158
bottle 0.0155 221 95 247 149
bottle 0.0144 188 140 223 204
bottle 0.0143 210 284 336 331
bottle 0.0131 448 297 501 331
bottle 0.0128 404 136 495 199
bottle 0.0121 477 158 498 200
bottle 0.0118 479 178 495 200
bottle 0.0116 292 137 381 200
bottle 0.0115 2 170 173 325
bottle 0.0112 298 109 333 198
bottle 0.0111 36 163 107 196
bottle 0.0103 306 115 405 191
bottle 0.0099 103 152 136 193
bottle 0.0087 475 294 498 334
bottle 0.0079 360 151 416 189
bottle 0.0076 456 297 475 318
bottle 0.0076 449 159 500 198
bottle 0.0072 220 135 258 201
bottle 0.0071 197 119 287 187
bottle 0.0066 306 89 324 153
bottle 0.0066 354 69 399 138
bottle 0.0066 235 130 259 190
bottle 0.0065 32 156 142 218
bottle 0.0063 311 49 354 152
bottle 0.0063 320 73 392 199
bottle 0.0058 301 90 378 174
bottle 0.0057 489 164 498 197
bottle 0.0056 247 150 298 193
bottle 0.0056 239 75 321 155
bottle 0.0055 313 159 368 199
bottle 0.0055 480 167 495 194
bottle 0.0053 357 301 382 329
bottle 0.0052 363 81 414 125
bottle 0.0051 367 80 461 149
bottle 0.0051 121 150 175 194
bottle 0.0051 453 297 477 330
bottle 0.0050 245 160 262 185
bottle 0.0047 210 109 227 157
bottle 0.0047 230 81 278 126
bottle 0.0047 113 71 131 152
bottle 0.0045 260 109 289 158
bottle 0.0044 441 295 489 321
bottle 0.0043 270 92 295 153
bottle 0.0040 351 90 437 183
bottle 0.0038 256 159 309 199
bottle 0.0038 177 142 268 196
bottle 0.0037 269 46 327 188
bottle 0.0035 489 298 499 331
bottle 0.0034 315 119 330 146
bottle 0.0032 232 117 327 187
bottle 0.0030 229 89 240 118
bottle 0.0030 486 151 499 206
bottle 0.0030 191 146 208 197
bottle 0.0029 7 213 131 339
bottle 0.0029 282 89 305 154
bottle 0.0028 478 295 495 320
bottle 0.0027 291 161 310 185
cat 0.0149 49 150 114 192
cat 0.0105 398 81 455 125
cat 0.0028 288 42 338 88
chair 0.0104 49 150 114 192
chair 0.0080 288 42 338 88
chair 0.0075 143 157 192 200
chair 0.0060 392 81 445 126
chair 0.0055 99 156 158 199
chair 0.0050 190 156 240 201
chair 0.0039 407 294 466 333
chair 0.0022 354 81 406 128
chair 0.0016 329 302 391 328
diningtable 0.0248 87 149 199 196
diningtable 0.0202 202 141 312 197
diningtable 0.0135 359 122 465 190
diningtable 0.0125 385 137 487 199
diningtable 0.0090 45 149 162 198
diningtable 0.0090 243 141 392 198
diningtable 0.0065 177 142 268 196
diningtable 0.0065 3 2 485 321
diningtable 0.0052 -13 167 522 320
diningtable 0.0052 143 157 192 200
diningtable 0.0049 213 117 307 187
diningtable 0.0048 409 285 495 326
diningtable 0.0046 101 149 156 194
diningtable 0.0038 117 150 244 194
diningtable 0.0037 190 156 240 201
diningtable 0.0036 315 302 384 327
diningtable 0.0035 49 150 114 192
diningtable 0.0035 306 115 405 191
diningtable 0.0031 0 283 129 330
diningtable 0.0018 239 75 321 155
diningtable 0.0017 448 297 501 331
diningtable 0.0016 278 161 324 196
diningtable 0.0013 346 137 438 198
diningtable 0.0013 235 160 291 197
diningtable 0.0012 407 294 466 333
diningtable 0.0012 212 121 257 161
diningtable 0.0011 263 117 375 188
diningtable 0.0010 360 162 416 194
dog 0.0210 49 150 114 192
dog 0.0107 398 81 455 125
dog 0.0041 101 149 156 194
dog 0.0030 288 42 338 88
dog 0.0016 36 163 107 196
person 0.0291 101 149 156 194
person 0.0231 146 150 191 196
person 0.0150 49 150 114 192
person 0.0120 404 123 494 192
person 0.0099 284 38 347 91
person 0.0075 449 147 500 194
person 0.0042 190 156 240 201
person 0.0024 398 81 455 125
person 0.0016 278 161 324 196
person 0.0014 488 123 500 197
person 0.0014 451 134 482 187
person 0.0012 45 149 162 198
person 0.0011 229 160 279 197
person 0.0010 486 151 499 206
person 0.0010 36 163 107 196
person 0.0010 451 128 497 175
tvmonitor 0.0156 192 151 237 195
tvmonitor 0.0098 329 302 391 328
tvmonitor 0.0081 143 157 192 200
tvmonitor 0.0075 -13 167 522 320
tvmonitor 0.0044 407 294 466 333
tvmonitor 0.0028 409 285 495 326
tvmonitor 0.0023 278 161 324 196
tvmonitor 0.0019 101 149 156 194
tvmonitor 0.0014 212 116 255 153
tvmonitor 0.0013 316 301 366 328
