bicycle 0.0081 404 66 463 278
bicycle 0.0028 410 141 456 261
bicycle 0.0020 420 33 485 274
bottle 0.1118 76 267 101 326
bottle 0.0186 151 80 163 111
bottle 0.0078 134 79 145 109
bottle 0.0049 140 83 156 108
bottle 0.0019 68 280 112 332
bottle 0.0015 -1 33 9 61
bottle 0.0014 0 36 10 135
bottle 0.0013 475 273 500 325
bottle 0.0012 487 260 500 337
chair 0.0072 0 126 24 349
chair 0.0070 3 12 136 344
chair 0.0053 1 100 46 370
chair 0.0051 420 33 485 274
chair 0.0035 410 141 456 261
chair 0.0030 187 123 370 255
chair 0.0024 404 66 463 278
chair 0.0022 0 192 41 318
chair 0.0021 0 185 10 295
chair 0.0014 333 16 428 292
chair 0.0013 0 105 95 327
diningtable 0.6704 0 215 501 373
diningtable 0.1028 164 114 342 255
diningtable 0.0059 58 282 524 372
diningtable 0.0049 104 115 405 335
diningtable 0.0019 178 159 393 281
diningtable 0.0011 417 59 487 286
diningtable 0.0011 17 248 329 371
dog 0.0018 420 13 486 265
horse 0.0020 420 13 486 265
person 0.9274 228 41 302 115
person 0.9109 0 2 141 282
person 0.7908 170 46 219 110
person 0.7863 336 4 440 269
person 0.2734 420 13 486 265
person 0.1544 331 13 370 147
person 0.1245 448 30 496 280
person 0.0824 169 52 202 102
person 0.0541 477 25 500 289
person 0.0524 323 -1 389 242
person 0.0420 0 -14 31 299
person 0.0330 407 41 463 266
person 0.0145 176 45 267 111
person 0.0136 161 92 341 221
person 0.0119 0 19 24 145
person 0.0062 152 47 216 199
person 0.0056 249 44 334 117
person 0.0052 269 71 315 120
person 0.0049 0 -24 56 234
person 0.0045 -1 29 26 83
person 0.0034 -1 33 9 61
person 0.0032 187 123 370 255
person 0.0031 190 59 220 111
person 0.0029 416 40 453 198
person 0.0024 0 59 47 326
person 0.0024 0 24 10 128
person 0.0021 267 50 297 103
person 0.0020 63 13 141 260
person 0.0019 216 42 308 198
person 0.0018 -2 27 12 87
person 0.0017 0 38 43 162
person 0.0016 186 59 303 129
person 0.0015 482 -25 499 190
person 0.0015 163 54 231 132
person 0.0015 433 49 468 259
person 0.0015 0 73 22 322
person 0.0013 332 7 417 166
person 0.0013 490 30 499 143
person 0.0013 147 38 359 271
person 0.0010 0 182 23 363
pottedplant 0.0771 164 114 342 255
pottedplant 0.0014 178 159 393 281
pottedplant 0.0014 410 161 455 270
pottedplant 0.0012 420 13 486 265
pottedplant 0.0011 104 115 405 335
sofa 0.0110 3 12 136 344
sofa 0.0012 0 182 23 363
