aeroplane 0.0026 14 166 87 192
bicycle 0.0015 88 165 99 189
bird 0.0017 92 161 103 184
bird 0.0013 87 162 99 185
boat 0.9546 26 85 106 195
boat 0.1213 173 146 236 176
boat 0.0718 456 146 493 172
boat 0.0386 456 94 494 177
boat 0.0185 168 156 225 180
boat 0.0095 14 166 87 192
boat 0.0040 461 143 487 163
boat 0.0029 457 153 481 169
boat 0.0028 16 178 107 197
boat 0.0022 27 172 42 191
boat 0.0020 92 165 102 190
boat 0.0012 486 123 499 195
boat 0.0012 28 180 41 193
boat 0.0012 23 138 107 197
boat 0.0011 471 77 496 191
boat 0.0010 489 148 499 173
person 0.0068 88 165 99 189
person 0.0033 92 161 103 184
person 0.0023 64 172 77 187
person 0.0013 27 172 42 191
train 0.0013 26 166 97 192
