bottle 0.0289 222 195 266 280
cat 0.0029 432 -39 502 312
chair 0.2703 44 19 314 332
chair 0.2608 -3 -3 179 266
chair 0.1678 3 -31 98 232
chair 0.0442 161 41 396 338
chair 0.0123 312 55 399 180
chair 0.0105 0 -29 64 156
chair 0.0086 38 -18 131 219
chair 0.0086 3 -17 171 130
chair 0.0051 0 20 62 292
chair 0.0047 1 55 132 329
chair 0.0029 -1 3 52 116
chair 0.0021 132 159 361 327
chair 0.0021 313 76 506 338
chair 0.0020 71 25 176 251
chair 0.0020 105 161 251 324
chair 0.0018 0 -27 23 150
chair 0.0018 11 -7 334 206
chair 0.0015 4 40 96 120
chair 0.0011 5 1 92 84
diningtable 0.1267 44 19 314 332
diningtable 0.0503 0 16 176 314
diningtable 0.0239 329 148 492 333
diningtable 0.0067 161 41 396 338
diningtable 0.0064 4 -17 119 220
diningtable 0.0051 -3 28 93 281
diningtable 0.0046 315 4 510 336
diningtable 0.0016 20 -3 226 189
diningtable 0.0011 312 55 399 180
dog 0.0044 432 -39 502 312
dog 0.0024 412 7 501 188
person 0.9567 121 21 366 338
person 0.0300 412 -1 500 164
person 0.0194 432 -39 502 312
person 0.0098 361 -5 501 339
person 0.0040 476 -3 501 164
person 0.0013 446 -3 502 126
person 0.0010 468 -39 501 390
sofa 0.0220 93 39 352 336
