bird 0.0014 98 6 194 73
cat 0.0025 84 8 175 70
chair 0.2943 274 5 328 77
chair 0.0392 67 23 215 191
chair 0.0320 216 1 300 79
chair 0.0186 2 79 62 238
chair 0.0139 98 6 194 73
chair 0.0070 0 103 26 250
chair 0.0040 203 77 499 345
chair 0.0039 105 13 217 99
chair 0.0038 -1 66 59 134
chair 0.0036 111 52 206 215
chair 0.0034 475 211 499 375
chair 0.0029 331 4 379 81
chair 0.0019 -1 75 54 349
chair 0.0017 2 94 87 291
chair 0.0017 312 2 352 77
chair 0.0014 318 13 340 80
chair 0.0014 128 27 227 181
chair 0.0014 224 21 334 91
chair 0.0014 446 167 498 377
chair 0.0013 0 3 58 158
chair 0.0013 7 81 193 371
chair 0.0012 211 11 266 100
chair 0.0012 0 137 45 249
chair 0.0012 4 64 198 220
chair 0.0012 178 8 223 85
chair 0.0012 452 6 499 113
chair 0.0011 370 1 416 89
chair 0.0010 -1 7 51 79
chair 0.0010 13 69 114 252
diningtable 0.0062 224 3 336 77
diningtable 0.0019 274 5 328 77
person 0.0087 88 13 206 193
person 0.0055 84 8 175 70
person 0.0016 69 0 209 89
person 0.0014 452 -1 498 40
pottedplant 0.0991 98 6 194 73
pottedplant 0.0698 -2 65 52 136
pottedplant 0.0195 2 70 63 212
pottedplant 0.0095 132 10 184 45
pottedplant 0.0090 105 13 217 99
pottedplant 0.0053 0 59 29 145
pottedplant 0.0031 -1 72 27 205
pottedplant 0.0030 0 3 58 158
pottedplant 0.0019 118 1 178 36
pottedplant 0.0018 452 -1 498 40
pottedplant 0.0011 92 2 205 169
sofa 0.9991 196 65 503 315
sofa 0.6051 67 23 215 191
sofa 0.0255 0 5 207 232
sofa 0.0064 114 7 554 357
sofa 0.0052 2 79 62 238
sofa 0.0042 93 15 205 97
sofa 0.0013 -4 70 135 223
sofa 0.0011 84 8 175 70
sofa 0.0010 7 81 193 371
tvmonitor 0.0033 74 -2 110 24
tvmonitor 0.0010 93 15 205 97
