bus 0.9976 0 113 241 258
bus 0.9938 333 128 493 234
bus 0.7499 223 127 347 247
bus 0.0256 445 128 499 232
bus 0.0190 97 126 322 249
bus 0.0082 295 140 344 236
bus 0.0075 474 128 500 226
bus 0.0042 232 135 280 241
bus 0.0035 9 110 133 248
bus 0.0030 1 108 24 240
bus 0.0022 222 135 261 239
bus 0.0018 197 141 241 236
bus 0.0011 315 133 359 220
car 0.0014 492 180 499 216
car 0.0013 490 125 499 153
car 0.0011 489 161 498 255
person 0.0027 232 135 280 241
person 0.0024 245 158 263 234
person 0.0021 238 165 253 229
