bird 0.0069 -3 247 45 357
bird 0.0024 453 151 479 224
bird 0.0012 344 127 403 168
boat 0.0032 453 151 479 224
boat 0.0017 6 67 55 93
cat 0.0025 -3 247 45 357
chair 0.0026 213 149 258 197
chair 0.0021 195 43 267 190
chair 0.0018 204 68 254 170
chair 0.0014 430 321 482 361
chair 0.0013 453 151 479 224
chair 0.0012 230 159 258 202
chair 0.0010 268 157 293 207
chair 0.0010 263 149 299 218
person 0.0013 453 151 479 224
pottedplant 0.9735 258 45 356 110
pottedplant 0.8787 296 234 469 358
pottedplant 0.8109 9 46 53 85
pottedplant 0.8017 80 159 136 251
pottedplant 0.7820 334 132 410 204
pottedplant 0.7100 9 239 176 357
pottedplant 0.5532 307 101 347 209
pottedplant 0.5261 60 30 114 197
pottedplant 0.4936 426 239 477 358
pottedplant 0.4838 -3 247 45 357
pottedplant 0.4322 396 149 472 221
pottedplant 0.4187 0 141 44 277
pottedplant 0.3945 268 152 294 199
pottedplant 0.3923 389 185 414 221
pottedplant 0.3680 109 147 199 228
pottedplant 0.2207 -1 55 52 289
pottedplant 0.2092 348 134 399 177
pottedplant 0.1903 230 150 258 198
pottedplant 0.1896 434 184 460 222
pottedplant 0.1727 262 138 304 210
pottedplant 0.1598 412 182 463 224
pottedplant 0.0810 453 151 479 224
pottedplant 0.0687 0 39 46 75
pottedplant 0.0650 278 216 367 349
pottedplant 0.0531 242 229 408 356
pottedplant 0.0528 393 182 446 224
pottedplant 0.0498 45 191 91 266
pottedplant 0.0484 6 51 37 93
pottedplant 0.0442 404 194 453 227
pottedplant 0.0380 0 68 28 273
pottedplant 0.0373 334 59 357 103
pottedplant 0.0373 210 146 290 203
pottedplant 0.0359 66 32 133 259
pottedplant 0.0328 252 79 384 211
pottedplant 0.0287 1 145 52 377
pottedplant 0.0270 252 150 293 217
pottedplant 0.0263 67 182 90 241
pottedplant 0.0225 1 136 84 283
pottedplant 0.0219 24 156 65 263
pottedplant 0.0215 451 240 479 358
pottedplant 0.0207 390 151 438 222
pottedplant 0.0204 61 144 188 260
pottedplant 0.0200 429 180 483 224
pottedplant 0.0185 3 41 25 87
pottedplant 0.0184 278 228 329 334
pottedplant 0.0175 260 45 307 107
pottedplant 0.0170 44 228 92 300
pottedplant 0.0161 299 111 382 196
pottedplant 0.0159 226 151 268 216
pottedplant 0.0157 31 214 96 277
pottedplant 0.0155 422 8 478 256
pottedplant 0.0149 288 53 359 214
pottedplant 0.0144 73 29 114 135
pottedplant 0.0144 276 147 299 204
pottedplant 0.0138 393 199 411 221
pottedplant 0.0135 406 181 431 225
pottedplant 0.0125 308 197 346 226
pottedplant 0.0122 0 227 30 340
pottedplant 0.0117 213 147 257 187
pottedplant 0.0116 344 272 443 355
pottedplant 0.0115 40 221 61 274
pottedplant 0.0114 275 119 414 214
pottedplant 0.0114 311 147 342 203
pottedplant 0.0110 390 196 431 224
pottedplant 0.0108 267 234 308 329
pottedplant 0.0105 400 73 475 230
pottedplant 0.0104 5 10 52 85
pottedplant 0.0103 38 192 82 230
pottedplant 0.0102 38 220 79 258
pottedplant 0.0100 54 225 81 271
pottedplant 0.0097 204 145 228 186
pottedplant 0.0092 194 67 269 198
pottedplant 0.0089 455 90 478 218
pottedplant 0.0088 230 149 274 185
pottedplant 0.0085 135 160 188 206
pottedplant 0.0085 400 190 420 218
pottedplant 0.0083 -1 234 26 284
pottedplant 0.0077 288 51 380 105
pottedplant 0.0073 366 132 416 164
pottedplant 0.0073 -2 240 91 360
pottedplant 0.0072 414 147 441 202
pottedplant 0.0071 338 125 390 169
pottedplant 0.0069 253 90 318 214
pottedplant 0.0068 281 127 324 213
pottedplant 0.0068 404 171 451 216
pottedplant 0.0068 46 223 72 274
pottedplant 0.0064 395 -12 479 168
pottedplant 0.0064 400 202 421 223
pottedplant 0.0063 315 93 361 183
pottedplant 0.0062 408 235 464 333
pottedplant 0.0057 10 51 33 79
pottedplant 0.0056 29 221 106 349
pottedplant 0.0054 41 207 63 253
pottedplant 0.0052 248 110 292 201
pottedplant 0.0052 417 108 443 149
pottedplant 0.0051 48 53 67 91
pottedplant 0.0051 409 203 431 224
pottedplant 0.0048 62 148 99 240
pottedplant 0.0048 318 200 339 223
pottedplant 0.0047 146 274 348 366
sheep 0.0013 65 138 192 240
