bicycle 0.0015 165 215 186 267
bicycle 0.0012 146 201 160 226
car 0.0075 350 187 375 224
car 0.0031 147 198 160 220
car 0.0022 335 198 378 231
car 0.0017 -19 488 96 499
horse 0.0017 146 201 160 226
horse 0.0015 163 200 186 266
motorbike 0.0027 146 201 160 226
person 0.7963 163 200 186 266
person 0.1358 -1 148 20 368
person 0.1185 146 201 160 226
person 0.0091 235 164 267 233
person 0.0076 142 199 165 249
person 0.0058 241 190 257 239
person 0.0043 155 202 170 226
person 0.0031 155 198 171 216
person 0.0029 143 200 182 269
person 0.0020 154 198 176 253
person 0.0018 0 168 32 312
person 0.0014 170 190 187 248
person 0.0012 0 130 24 282
person 0.0012 154 203 193 250
person 0.0012 162 191 187 228
person 0.0011 164 195 183 216
person 0.0011 -66 32 53 482
