bicycle 0.0036 348 -3 480 59
bicycle 0.0014 360 14 501 202
car 0.0410 6 -11 495 328
car 0.0022 338 -18 489 89
motorbike 0.9942 0 37 499 399
motorbike 0.0592 338 -18 489 89
motorbike 0.0555 319 -13 500 236
motorbike 0.0237 155 2 500 283
motorbike 0.0075 11 118 339 386
motorbike 0.0063 401 15 497 229
motorbike 0.0059 32 0 393 304
motorbike 0.0043 339 -4 450 61
motorbike 0.0035 253 0 482 131
motorbike 0.0023 370 1 494 349
motorbike 0.0020 220 -11 445 86
motorbike 0.0012 191 13 390 121
person 0.0422 27 39 403 354
person 0.0129 328 0 374 78
person 0.0019 338 -18 489 89
person 0.0014 349 -1 397 79
person 0.0012 220 -11 445 86
