bicycle 0.0022 372 42 489 229
bicycle 0.0018 231 88 258 132
bicycle 0.0014 285 20 501 246
car 0.1955 0 59 99 222
car 0.1218 7 61 194 207
car 0.0661 7 32 268 250
car 0.0109 283 46 388 113
car 0.0099 265 39 467 155
car 0.0057 22 47 248 151
car 0.0029 265 93 283 112
car 0.0026 272 58 367 138
car 0.0022 252 46 426 218
car 0.0019 -1 -63 94 178
car 0.0018 3 29 132 166
car 0.0015 489 97 499 186
car 0.0013 148 65 250 132
car 0.0013 0 65 95 136
car 0.0012 152 51 254 227
motorbike 0.9953 7 59 276 267
motorbike 0.9931 248 43 471 277
motorbike 0.0967 265 39 467 155
motorbike 0.0766 7 61 194 207
motorbike 0.0421 124 72 284 256
motorbike 0.0110 364 35 497 222
motorbike 0.0076 -1 73 95 233
motorbike 0.0071 14 122 197 261
motorbike 0.0040 165 60 336 194
motorbike 0.0025 22 47 248 151
motorbike 0.0020 210 84 301 151
motorbike 0.0015 284 -15 505 214
motorbike 0.0015 230 82 259 124
motorbike 0.0015 197 74 397 244
motorbike 0.0011 191 67 287 209
motorbike 0.0010 177 76 300 132
motorbike 0.0010 92 43 199 232
person 0.0364 61 61 273 211
person 0.0056 262 46 464 223
person 0.0045 10 73 197 253
person 0.0024 230 82 259 124
person 0.0021 -8 -115 98 83
person 0.0021 490 88 499 178
person 0.0011 491 52 500 157
person 0.0010 478 58 499 178
