bicycle 0.0013 158 151 182 189
bus 0.0014 461 128 494 200
car 0.9261 174 122 326 252
car 0.0107 445 125 488 164
car 0.0101 195 123 319 201
car 0.0064 158 138 284 211
car 0.0058 166 173 274 264
car 0.0034 473 130 495 182
car 0.0028 156 149 198 192
car 0.0025 461 128 494 200
car 0.0021 449 136 499 174
car 0.0020 490 121 500 151
car 0.0017 3 163 38 243
car 0.0016 70 164 92 178
car 0.0013 488 104 499 169
car 0.0013 256 130 310 157
car 0.0011 485 152 499 215
car 0.0010 155 76 344 299
cow 0.0010 14 184 35 253
dog 0.0021 2 174 38 250
horse 0.0037 0 173 33 253
horse 0.0018 14 184 35 253
motorbike 0.0030 169 143 319 274
motorbike 0.0021 156 149 198 192
motorbike 0.0011 475 150 492 209
person 0.5871 2 174 38 250
person 0.5291 469 142 488 206
person 0.1824 475 150 492 209
person 0.0293 8 178 34 228
person 0.0173 461 128 494 200
person 0.0153 0 175 9 209
person 0.0148 0 183 11 257
person 0.0130 1 174 27 215
person 0.0126 0 168 13 219
person 0.0084 0 107 25 248
person 0.0082 22 180 38 244
person 0.0059 162 148 190 192
person 0.0047 159 140 181 186
person 0.0040 4 181 24 203
person 0.0038 485 152 499 215
person 0.0023 473 130 495 182
person 0.0016 475 149 491 179
person 0.0015 17 199 35 254
person 0.0015 0 137 10 209
person 0.0015 2 123 40 235
person 0.0015 488 165 497 201
person 0.0014 12 181 30 201
person 0.0014 462 132 489 178
person 0.0014 0 190 7 228
person 0.0013 0 161 22 386
person 0.0012 4 172 23 194
person 0.0011 53 152 71 174
person 0.0011 0 91 8 196
person 0.0010 487 177 496 209
person 0.0010 4 188 24 210
person 0.0010 164 128 186 179
person 0.0010 174 150 199 190
