bottle 0.9988 378 152 437 317
bottle 0.9940 237 124 292 312
bottle 0.9926 437 154 492 315
bottle 0.9913 171 125 222 315
bottle 0.9886 86 147 139 314
bottle 0.9751 142 159 173 308
bottle 0.9672 305 143 359 322
bottle 0.9620 31 164 80 311
bottle 0.8015 1 166 31 309
bottle 0.7 280 135 304 300
bottle 0.2881 341 146 371 291
bottle 0.1401 320 129 340 198
bottle 0.1254 340 150 363 198
bottle 0.0645 311 129 351 272
bottle 0.0587 13 161 29 241
bottle 0.0414 209 142 238 292
bottle 0.0390 152 153 168 213
bottle 0.0351 175 110 218 198
bottle 0.0279 1 231 24 344
bottle 0.0247 251 135 273 208
bottle 0.0240 316 136 334 207
bottle 0.0228 183 127 207 181
bottle 0.0173 217 134 249 298
bottle 0.0171 126 130 163 218
bottle 0.0157 220 160 235 242
bottle 0.0142 14 178 30 282
bottle 0.0129 0 167 11 275
bottle 0.0129 280 144 302 218
bottle 0.0121 0 205 10 329
bottle 0.0098 331 146 350 200
bottle 0.0086 15 167 27 198
bottle 0.0083 325 133 379 303
bottle 0.0079 119 133 177 302
bottle 0.0076 248 123 267 186
bottle 0.0068 45 160 64 242
bottle 0.0066 156 144 174 203
bottle 0.0059 108 139 126 208
bottle 0.0056 180 126 198 200
bottle 0.0056 449 140 495 257
bottle 0.0056 352 144 382 292
bottle 0.0054 274 129 320 305
bottle 0.0053 258 124 297 274
bottle 0.0053 132 197 146 283
bottle 0.0052 302 126 335 226
bottle 0.0052 91 136 128 257
bottle 0.0049 4 173 24 250
bottle 0.0049 313 134 351 193
bottle 0.0047 430 187 504 276
bottle 0.0046 0 248 12 346
bottle 0.0046 102 147 122 217
bottle 0.0042 371 194 385 285
bottle 0.0036 177 118 199 171
bottle 0.0034 165 118 204 231
bottle 0.0033 191 123 246 310
bottle 0.0031 14 236 29 317
bottle 0.0030 97 136 143 218
bottle 0.0028 344 156 359 189
bottle 0.0028 338 131 370 221
bottle 0.0027 373 184 447 277
bottle 0.0027 157 160 174 242
bottle 0.0026 243 119 280 233
bottle 0.0025 225 160 241 242
bottle 0.0025 -7 -81 109 130
bottle 0.0023 389 138 467 303
bottle 0.0022 141 126 174 224
bottle 0.0021 325 153 335 190
bottle 0.0020 385 135 436 256
bottle 0.0019 154 155 166 190
bottle 0.0018 5 160 38 242
bottle 0.0016 363 201 377 278
bottle 0.0015 408 156 443 310
bottle 0.0015 23 171 40 252
bottle 0.0014 146 213 169 286
bottle 0.0014 8 170 22 196
bottle 0.0014 350 205 372 274
bottle 0.0014 7 161 25 208
bottle 0.0014 1 147 13 239
bottle 0.0014 334 155 346 189
bottle 0.0013 489 228 499 328
bottle 0.0013 476 138 497 291
bottle 0.0013 168 124 189 201
bottle 0.0013 219 186 233 273
bottle 0.0013 454 159 474 225
bottle 0.0011 34 159 55 243
bottle 0.0010 399 -82 502 129
bottle 0.0010 80 189 163 269
car 0.0011 169 328 225 360
diningtable 0.1028 15 174 484 369
diningtable 0.0048 -3 287 509 374
diningtable 0.0012 10 258 342 362
person 0.0567 175 110 216 173
person 0.0194 306 128 358 314
person 0.0091 33 158 85 313
person 0.0067 178 107 215 143
person 0.0041 245 129 300 309
person 0.0032 438 169 493 324
person 0.0024 91 148 144 317
person 0.0022 171 125 222 315
person 0.0019 1 166 31 309
person 0.0011 187 112 208 134
person 0.0010 399 -82 502 129
