bicycle 0.0018 3 193 121 304
bottle 0.0208 169 146 183 173
bottle 0.0187 356 139 384 207
bottle 0.0139 365 144 391 199
bottle 0.0081 161 148 176 174
bottle 0.0073 51 292 73 339
bottle 0.0072 15 289 70 324
bottle 0.0071 69 293 94 336
bottle 0.0057 289 118 300 148
bottle 0.0046 181 146 192 175
bottle 0.0041 338 146 363 198
bottle 0.0031 419 5 433 24
bottle 0.0031 25 294 80 337
bottle 0.0030 188 149 203 171
bottle 0.0028 288 110 316 152
bottle 0.0019 297 62 312 108
bottle 0.0019 413 3 425 25
bottle 0.0018 299 68 309 99
bottle 0.0018 54 292 70 319
bottle 0.0015 59 289 102 326
bottle 0.0011 64 291 78 319
bottle 0.0010 40 289 83 325
car 0.0017 66 153 175 198
chair 0.6621 246 208 405 330
chair 0.4328 312 222 494 330
chair 0.3740 7 203 120 292
chair 0.0681 80 235 425 334
chair 0.0516 187 89 281 323
chair 0.0068 7 218 166 325
chair 0.0037 -1 214 46 324
chair 0.0034 0 190 24 319
chair 0.0031 253 226 356 310
chair 0.0027 152 195 360 319
chair 0.0025 1 284 91 333
chair 0.0020 449 245 501 331
chair 0.0018 238 278 395 330
chair 0.0018 285 278 465 335
chair 0.0017 473 116 499 232
chair 0.0017 476 170 499 334
chair 0.0012 488 258 500 352
chair 0.0012 451 121 503 226
chair 0.0011 395 239 496 332
diningtable 0.2436 24 251 399 331
diningtable 0.0261 0 287 128 331
diningtable 0.0056 3 193 121 304
diningtable 0.0054 312 222 494 330
diningtable 0.0046 188 217 402 330
diningtable 0.0027 17 285 230 329
diningtable 0.0021 16 203 241 302
diningtable 0.0016 -19 272 285 342
diningtable 0.0012 7 218 166 325
diningtable 0.0011 54 264 232 321
person 0.9604 186 62 283 285
person 0.0075 453 101 501 216
person 0.0029 473 116 499 232
person 0.0018 212 198 379 321
person 0.0014 478 117 498 348
person 0.0010 288 110 316 152
pottedplant 0.0994 307 7 355 80
pottedplant 0.0104 298 8 369 151
pottedplant 0.0034 312 222 494 330
pottedplant 0.0030 362 -5 416 26
pottedplant 0.0028 3 193 121 304
pottedplant 0.0024 291 43 333 152
pottedplant 0.0024 253 201 393 319
pottedplant 0.0018 311 69 362 168
pottedplant 0.0014 314 19 347 72
pottedplant 0.0013 316 3 345 51
pottedplant 0.0012 348 -3 391 34
pottedplant 0.0011 299 62 322 107
pottedplant 0.0010 383 0 431 31
sofa 0.0137 187 89 281 323
sofa 0.0020 3 193 121 304
sofa 0.0019 80 235 425 334
