aeroplane 0.0016 31 181 377 368
bicycle 0.0042 14 292 331 369
bicycle 0.0013 48 297 197 367
bicycle 0.0011 25 212 251 369
boat 0.9007 15 139 477 246
boat 0.1294 24 130 404 330
boat 0.1194 54 165 369 278
boat 0.0807 84 219 322 367
boat 0.0429 8 294 402 369
boat 0.0098 221 124 502 235
boat 0.0024 137 168 301 227
boat 0.0013 156 243 404 363
boat 0.0012 151 119 499 311
boat 0.0011 44 103 459 215
boat 0.0010 104 162 305 198
boat 0.0010 362 123 488 224
chair 0.0091 54 210 288 370
chair 0.0015 13 287 265 370
motorbike 0.0066 54 210 288 370
motorbike 0.0016 14 292 331 369
person 0.9017 33 183 307 366
person 0.1545 128 229 355 368
person 0.0690 13 177 179 365
person 0.0208 0 174 61 338
person 0.0154 59 168 287 293
person 0.0044 220 279 332 351
person 0.0036 127 276 237 355
person 0.0027 123 218 244 369
person 0.0025 169 304 352 363
person 0.0024 207 298 264 337
person 0.0018 24 130 404 330
person 0.0018 92 278 199 355
person 0.0017 -2 209 92 374
person 0.0015 128 299 269 370
person 0.0015 3 285 189 374
person 0.0014 0 174 25 338
person 0.0014 177 251 300 337
person 0.0011 280 305 327 350
person 0.0011 79 187 208 367
person 0.0010 161 277 280 351
