car 0.9997 6 35 498 312
car 0.1605 399 29 501 214
car 0.0330 448 36 505 77
car 0.0236 11 -5 55 161
car 0.0084 315 28 495 264
car 0.0037 0 62 23 185
car 0.0033 4 64 42 182
car 0.0030 428 31 502 90
car 0.0020 399 33 499 125
car 0.0019 9 32 169 194
car 0.0016 470 34 499 79
car 0.0011 23 19 260 269
car 0.0010 434 14 503 72
car 0.0010 446 27 501 135
motorbike 0.0013 11 -5 55 161
person 0.6709 17 0 61 83
person 0.2720 11 -5 55 161
person 0.0045 4 24 24 91
person 0.0036 23 16 415 308
person 0.0027 0 4 23 159
person 0.0016 0 25 9 108
person 0.0016 30 -4 58 61
person 0.0012 14 24 28 89
