bicycle 0.0013 365 166 378 199
car 0.0088 467 178 479 199
car 0.0039 409 185 422 207
car 0.0018 226 160 248 215
car 0.0011 365 166 378 199
car 0.0010 168 134 232 217
cow 0.0557 123 145 168 226
cow 0.0133 176 144 222 222
cow 0.0035 280 159 303 212
cow 0.0023 125 164 153 222
cow 0.0019 159 147 177 224
cow 0.0013 226 160 248 215
dog 0.0057 125 124 167 223
dog 0.0019 176 144 222 222
horse 0.6508 123 145 168 226
horse 0.0840 176 144 222 222
horse 0.0054 280 159 303 212
horse 0.0028 226 160 248 215
horse 0.0024 138 130 174 218
horse 0.0013 159 147 177 224
motorbike 0.0056 176 144 222 222
motorbike 0.0050 123 145 168 226
motorbike 0.0018 226 160 248 215
person 0.8376 175 132 220 221
person 0.7807 125 124 167 223
person 0.1159 226 160 248 215
person 0.0649 280 159 303 212
person 0.0366 467 181 478 206
person 0.0340 254 156 275 214
person 0.0124 177 145 194 224
person 0.0114 207 146 225 225
person 0.0086 365 166 378 199
person 0.0063 159 147 177 224
person 0.0059 182 150 209 222
person 0.0040 197 135 231 215
person 0.0037 256 143 293 209
person 0.0037 177 123 195 191
person 0.0027 134 119 159 192
person 0.0020 169 147 189 224
person 0.0020 92 177 102 212
person 0.0015 90 179 105 227
person 0.0014 409 185 422 207
person 0.0013 272 165 298 216
person 0.0011 217 157 235 216
person 0.0011 0 136 7 252
person 0.0010 220 141 256 211
person 0.0010 135 150 175 224
sheep 0.0010 176 144 222 222
