bicycle 0.0036 183 153 296 233
bicycle 0.0019 311 238 352 275
bicycle 0.0011 174 158 239 230
bird 0.0012 309 228 354 273
boat 0.0021 176 119 313 242
bottle 0.0013 244 146 268 200
car 0.0049 176 119 313 242
car 0.0021 178 123 257 223
cat 0.0021 309 228 354 273
chair 0.0010 176 119 313 242
cow 0.0033 278 225 353 277
cow 0.0017 309 228 354 273
dog 0.0062 309 228 354 273
dog 0.0019 278 225 353 277
horse 0.0100 183 153 296 233
horse 0.0071 178 123 257 223
horse 0.0027 174 158 239 230
horse 0.0014 221 121 300 261
motorbike 0.0066 176 119 313 242
motorbike 0.0019 181 153 260 231
motorbike 0.0010 271 112 295 153
person 0.8013 185 118 242 226
person 0.3979 220 114 298 247
person 0.2351 230 112 276 215
person 0.1897 250 132 304 252
person 0.0319 239 112 268 155
person 0.0243 203 109 231 159
person 0.0232 188 124 289 222
person 0.0194 236 113 257 131
person 0.0192 195 110 236 182
person 0.0177 224 110 265 181
person 0.0169 271 107 294 143
person 0.0136 215 112 232 133
person 0.0087 225 109 264 137
person 0.0087 206 111 225 133
person 0.0084 272 121 310 239
person 0.0046 286 137 304 227
person 0.0045 205 109 243 141
person 0.0039 212 114 237 172
person 0.0033 244 108 263 126
person 0.0032 252 140 271 203
person 0.0030 292 134 308 211
person 0.0025 243 152 268 208
person 0.0023 262 105 288 144
person 0.0022 274 120 292 145
person 0.0020 231 118 277 167
person 0.0020 260 101 301 178
person 0.0019 264 124 283 143
person 0.0018 210 114 259 154
person 0.0018 213 131 237 193
person 0.0018 254 124 272 144
person 0.0016 252 122 274 164
person 0.0016 213 175 302 250
person 0.0016 224 114 245 131
person 0.0015 183 137 230 188
person 0.0015 309 228 354 273
person 0.0015 271 116 297 166
person 0.0014 218 148 265 234
person 0.0014 191 132 219 176
person 0.0013 243 120 264 142
person 0.0012 256 129 271 155
person 0.0010 282 125 303 185
person 0.0010 265 113 284 138
sheep 0.0018 278 225 353 277
