aeroplane 0.0030 120 12 364 170
bicycle 0.0176 50 84 72 130
bicycle 0.0011 53 93 68 127
bus 0.0134 98 31 359 181
car 0.0403 120 12 364 170
car 0.0055 -1 93 27 146
car 0.0032 50 76 73 128
car 0.0014 46 85 65 128
car 0.0010 4 100 44 140
cow 0.0023 50 76 73 128
horse 0.0048 50 76 73 128
horse 0.0014 46 85 65 128
motorbike 0.2085 113 -1 371 183
motorbike 0.0230 50 84 72 130
motorbike 0.0022 45 77 65 126
person 0.0748 50 76 73 128
person 0.0254 46 85 65 128
person 0.0029 59 85 77 129
person 0.0022 53 93 68 127
person 0.0011 24 117 36 134
person 0.0010 63 81 75 118
person 0.0010 54 83 70 117
train 0.9628 116 22 369 191
