bottle 0.0240 265 123 279 146
bottle 0.0020 297 127 325 146
bottle 0.0016 488 184 498 220
cat 0.0010 457 128 500 223
chair 0.0324 457 128 500 223
chair 0.0222 453 73 499 201
chair 0.0110 292 124 330 148
chair 0.0039 408 82 499 230
chair 0.0030 448 94 497 335
chair 0.0026 476 211 499 375
chair 0.0022 300 132 323 150
chair 0.0022 306 127 333 145
chair 0.0018 441 203 499 381
chair 0.0015 455 144 498 280
chair 0.0015 0 241 10 334
chair 0.0013 297 128 344 155
chair 0.0010 409 138 495 211
chair 0.0010 488 128 500 217
diningtable 0.0014 292 124 330 148
diningtable 0.0010 456 95 499 222
person 0.0036 265 123 279 146
person 0.0011 456 95 499 222
person 0.0010 292 124 330 148
pottedplant 0.0495 265 123 279 146
pottedplant 0.0035 485 175 499 228
pottedplant 0.0028 488 184 498 220
pottedplant 0.0028 476 189 500 229
pottedplant 0.0016 259 109 284 143
pottedplant 0.0014 254 119 293 146
pottedplant 0.0011 264 114 281 137
pottedplant 0.0010 448 94 497 335
sofa 0.9997 -1 150 495 351
sofa 0.0095 457 128 500 223
sofa 0.0029 453 73 499 201
sofa 0.0016 292 124 330 148
sofa 0.0015 408 82 499 230
tvmonitor 0.0130 265 123 279 146
tvmonitor 0.0022 259 109 284 143
tvmonitor 0.0019 292 124 330 148
tvmonitor 0.0014 264 114 281 137
tvmonitor 0.0010 457 128 500 223
