bottle 0.0022 489 285 499 387
bottle 0.0020 479 255 500 371
bottle 0.0016 449 291 498 370
chair 0.9740 0 195 64 302
chair 0.1110 136 243 264 372
chair 0.0172 -1 121 53 316
chair 0.0125 0 136 21 300
chair 0.0107 136 288 230 369
chair 0.0065 3 166 50 279
chair 0.0051 0 192 30 307
chair 0.0034 174 246 266 338
chair 0.0021 22 197 66 245
chair 0.0021 119 218 159 328
chair 0.0018 288 236 379 307
chair 0.0017 90 184 121 288
chair 0.0016 0 220 10 316
chair 0.0013 115 216 217 369
chair 0.0011 106 224 146 320
chair 0.0010 165 289 269 369
diningtable 0.0103 304 299 493 382
diningtable 0.0041 136 243 264 372
diningtable 0.0037 0 191 67 286
diningtable 0.0030 368 318 496 374
person 0.0061 0 91 18 301
person 0.0059 221 126 247 180
person 0.0028 489 32 499 124
person 0.0014 213 127 238 181
pottedplant 0.0074 221 126 247 180
pottedplant 0.0014 0 91 18 301
pottedplant 0.0013 121 152 160 239
pottedplant 0.0012 211 139 256 183
pottedplant 0.0012 174 246 266 338
pottedplant 0.0012 0 65 50 324
sofa 0.0017 136 243 264 372
