aeroplane 0.9936 -6 75 493 256
aeroplane 0.8868 286 75 431 135
aeroplane 0.0244 295 18 492 250
aeroplane 0.0123 309 43 487 152
aeroplane 0.0035 401 205 504 249
aeroplane 0.0016 308 144 500 253
bicycle 0.0028 486 210 499 267
bicycle 0.0017 488 232 497 259
car 0.0051 488 232 497 259
car 0.0033 486 195 499 266
car 0.0031 6 229 21 249
car 0.0017 -1 227 11 250
car 0.0017 479 210 495 230
car 0.0011 489 205 498 235
motorbike 0.0015 486 210 499 267
motorbike 0.0015 478 202 498 254
motorbike 0.0014 488 232 497 259
person 0.0121 488 232 497 259
person 0.0109 478 202 498 254
person 0.0090 486 195 499 266
person 0.0021 479 210 495 230
person 0.0019 483 234 495 257
person 0.0016 6 229 21 249
person 0.0014 488 210 498 247
