boat 0.0011 0 30 493 298
bus 0.9966 -22 81 434 314
bus 0.0016 36 119 375 273
bus 0.0010 -1 72 97 259
car 0.0741 -1 91 491 349
car 0.0028 1 197 46 244
car 0.0027 278 89 466 230
car 0.0024 0 167 7 195
car 0.0013 344 110 448 179
car 0.0012 356 130 466 201
car 0.0011 0 178 46 221
person 0.1308 367 86 385 141
person 0.0671 367 100 388 161
person 0.0267 107 164 133 216
person 0.0162 278 163 305 196
person 0.0093 359 101 393 182
person 0.0073 426 142 465 234
person 0.0063 101 160 122 218
person 0.0038 75 164 171 216
person 0.0036 0 167 7 195
person 0.0029 377 124 423 161
person 0.0025 261 154 306 192
person 0.0021 159 158 179 207
person 0.0020 85 159 132 220
person 0.0016 139 188 155 209
person 0.0013 357 116 382 164
person 0.0011 395 149 468 226
person 0.0011 446 149 466 211
person 0.0010 91 161 113 219
train 0.0168 0 30 493 298
tvmonitor 0.0023 0 30 493 298
