bird 0.4562 209 271 434 354
bird 0.0222 248 301 416 352
bird 0.0139 392 307 445 341
bird 0.0101 116 167 203 309
bird 0.0095 289 293 454 343
bird 0.0095 202 276 285 341
bird 0.0047 217 276 274 317
bird 0.0027 157 267 363 346
bird 0.0026 367 304 456 351
bird 0.0020 216 247 233 267
bird 0.0020 202 284 249 329
bird 0.0016 237 273 292 304
bird 0.0015 336 309 403 341
bird 0.0011 379 316 437 352
bird 0.0010 242 249 266 266
bird 0.0010 177 237 227 316
cat 0.0668 194 270 400 352
cat 0.0131 244 290 421 345
cat 0.0054 217 276 274 317
cat 0.0046 202 276 285 341
cat 0.0016 116 167 203 309
cat 0.0011 285 305 456 351
chair 0.0100 116 167 203 309
cow 0.0218 209 271 434 354
dog 0.1366 194 270 400 352
dog 0.0095 202 276 285 341
dog 0.0055 116 167 203 309
dog 0.0054 217 276 274 317
dog 0.0034 244 290 421 345
horse 0.0046 209 271 434 354
person 0.0012 194 270 400 352
pottedplant 0.0019 93 154 239 309
sheep 0.0667 194 270 400 352
sheep 0.0064 202 276 285 341
sheep 0.0038 217 276 274 317
sheep 0.0013 248 301 416 352
sheep 0.0013 472 181 500 291
