boat 0.0024 50 86 149 183
bottle 0.0034 237 110 253 131
bottle 0.0034 489 159 501 259
bottle 0.0024 231 109 242 133
bottle 0.0022 472 182 500 325
bottle 0.0019 491 126 499 234
bottle 0.0019 474 249 499 304
bottle 0.0018 490 311 499 336
bottle 0.0014 471 264 498 325
bottle 0.0011 177 128 196 194
bottle 0.0011 236 101 255 124
bottle 0.0010 476 226 500 288
bus 0.0012 50 86 149 183
car 0.0010 53 86 153 159
car 0.0010 416 87 442 118
cat 0.0031 117 177 173 260
cat 0.0028 191 98 241 180
cat 0.0026 94 243 193 330
cat 0.0016 126 187 171 233
chair 0.2880 198 110 346 242
chair 0.0945 337 147 424 284
chair 0.0427 -1 181 87 322
chair 0.0334 217 219 350 330
chair 0.0301 -1 201 52 301
chair 0.0298 403 81 498 333
chair 0.0223 344 264 487 327
chair 0.0189 189 95 241 213
chair 0.0150 84 249 179 333
chair 0.0139 234 96 258 128
chair 0.0094 254 294 312 336
chair 0.0090 0 249 50 331
chair 0.0086 -3 205 50 253
chair 0.0073 336 173 491 319
chair 0.0064 241 281 319 329
chair 0.0060 23 277 107 333
chair 0.0054 470 218 499 328
chair 0.0045 237 110 253 131
chair 0.0045 342 188 406 280
chair 0.0040 -1 228 26 287
chair 0.0039 34 297 89 335
chair 0.0039 238 123 357 344
chair 0.0038 0 197 29 308
chair 0.0027 0 109 92 289
chair 0.0026 105 185 179 272
chair 0.0026 120 151 177 190
chair 0.0024 194 96 281 174
chair 0.0022 219 108 339 167
chair 0.0022 -1 166 53 267
chair 0.0022 38 253 88 333
chair 0.0017 223 135 268 167
chair 0.0017 489 159 501 259
chair 0.0017 66 162 114 198
chair 0.0016 182 57 364 287
chair 0.0016 352 196 466 269
chair 0.0016 0 137 48 216
chair 0.0016 2 159 88 234
chair 0.0016 250 255 305 334
chair 0.0014 476 226 500 288
chair 0.0014 57 169 105 210
chair 0.0014 267 254 359 331
chair 0.0014 0 248 26 304
chair 0.0014 0 250 13 320
chair 0.0013 477 105 499 322
chair 0.0013 442 107 501 355
chair 0.0011 18 219 78 323
chair 0.0011 0 112 25 237
chair 0.0011 390 171 434 262
chair 0.0011 1 268 43 303
chair 0.0011 0 213 12 300
chair 0.0010 22 140 72 217
diningtable 0.0362 344 264 487 327
diningtable 0.0068 217 219 350 330
diningtable 0.0053 188 112 340 271
diningtable 0.0029 13 225 187 330
diningtable 0.0023 -1 181 87 322
diningtable 0.0017 -1 201 52 301
diningtable 0.0017 336 173 491 319
diningtable 0.0012 84 249 179 333
dog 0.0116 117 177 173 260
dog 0.0112 94 243 193 330
dog 0.0034 191 98 241 180
dog 0.0018 126 187 171 233
dog 0.0010 470 218 499 328
person 0.8575 400 55 497 294
person 0.6361 94 243 193 330
person 0.4984 189 95 241 213
person 0.3347 113 182 171 273
person 0.1837 -1 162 90 311
person 0.1565 101 181 181 323
person 0.0340 136 245 220 329
person 0.0224 186 112 341 238
person 0.0198 217 219 350 330
person 0.0162 474 146 499 321
person 0.0150 194 96 281 174
person 0.0117 101 233 320 327
person 0.0090 437 55 501 363
person 0.0088 13 225 187 330
person 0.0074 470 242 500 333
person 0.0070 -1 179 52 289
person 0.0068 195 87 239 159
person 0.0065 479 57 500 291
person 0.0040 111 124 125 142
person 0.0037 81 124 100 143
person 0.0036 90 123 109 143
person 0.0033 120 159 173 236
person 0.0029 200 96 229 149
person 0.0026 102 124 118 142
person 0.0025 334 70 491 320
person 0.0024 469 86 498 378
person 0.0022 67 116 112 149
person 0.0022 211 222 265 330
person 0.0018 0 112 25 237
person 0.0017 0 149 52 244
person 0.0016 219 108 339 167
person 0.0015 16 208 106 333
person 0.0015 2 159 88 234
person 0.0015 208 105 268 205
person 0.0015 110 152 182 204
person 0.0014 126 193 171 244
person 0.0012 20 87 162 233
person 0.0011 37 218 86 330
person 0.0010 186 35 257 211
pottedplant 0.0306 186 43 260 114
pottedplant 0.0145 0 30 23 202
pottedplant 0.0049 135 147 180 175
pottedplant 0.0039 200 51 251 98
pottedplant 0.0030 -1 14 53 255
pottedplant 0.0029 184 3 260 151
pottedplant 0.0029 231 88 259 122
pottedplant 0.0026 2 108 43 212
pottedplant 0.0025 0 -27 30 293
pottedplant 0.0016 22 140 72 217
pottedplant 0.0016 0 82 13 165
pottedplant 0.0015 195 87 239 159
pottedplant 0.0013 201 74 248 113
pottedplant 0.0012 198 48 245 144
sofa 0.5266 186 112 341 238
sofa 0.0583 -1 181 87 322
sofa 0.0109 402 69 498 306
sofa 0.0068 0 276 91 336
sofa 0.0059 184 99 254 179
sofa 0.0050 0 249 50 331
sofa 0.0049 359 259 503 328
sofa 0.0046 -1 201 52 301
sofa 0.0044 84 249 179 333
sofa 0.0036 207 167 348 326
sofa 0.0032 0 109 92 289
sofa 0.0027 219 108 339 167
sofa 0.0024 182 57 364 287
sofa 0.0017 2 159 88 234
sofa 0.0016 110 152 182 204
sofa 0.0014 109 177 180 259
sofa 0.0013 470 218 499 328
sofa 0.0011 336 173 491 319
sofa 0.0011 196 107 284 203
sofa 0.0011 13 225 187 330
train 0.0016 50 86 149 183
tvmonitor 0.0972 50 86 149 183
tvmonitor 0.0411 416 87 442 118
tvmonitor 0.0150 0 292 46 336
tvmonitor 0.0134 217 219 350 330
tvmonitor 0.0050 198 110 346 242
tvmonitor 0.0029 58 162 105 198
tvmonitor 0.0029 335 234 493 329
tvmonitor 0.0028 58 96 110 206
tvmonitor 0.0018 358 8 463 116
tvmonitor 0.0016 20 87 162 233
tvmonitor 0.0014 1 136 25 208
tvmonitor 0.0011 419 86 439 107
tvmonitor 0.0011 22 140 72 217
tvmonitor 0.0011 428 92 445 113
tvmonitor 0.0010 -1 181 87 322
tvmonitor 0.0010 0 249 50 331
tvmonitor 0.0010 0 276 91 336
