bicycle 0.0021 1 111 120 322
boat 0.0022 4 44 497 381
bottle 0.0081 2 166 119 342
bottle 0.0075 433 337 458 375
bottle 0.0046 412 337 462 375
car 0.0088 4 44 497 381
chair 0.1830 4 44 497 381
chair 0.0019 1 111 120 322
chair 0.0011 0 64 182 380
diningtable 0.0031 4 44 497 381
motorbike 0.0028 4 44 497 381
person 0.9983 74 2 499 368
person 0.3039 0 -13 135 315
person 0.0319 -9 4 296 357
person 0.0149 2 -2 141 164
person 0.0078 0 64 182 380
person 0.0020 -4 71 99 288
pottedplant 0.0622 -2 132 105 341
pottedplant 0.0026 1 -8 130 368
pottedplant 0.0026 4 172 178 361
pottedplant 0.0024 -1 118 63 314
pottedplant 0.0017 0 156 96 239
pottedplant 0.0016 4 231 132 370
pottedplant 0.0012 0 213 104 298
pottedplant 0.0010 0 164 51 268
sofa 0.0295 4 44 497 381
