bicycle 0.0287 446 67 470 122
bicycle 0.0037 452 84 496 124
bicycle 0.0030 450 88 466 122
bicycle 0.0010 446 49 483 126
bird 0.0026 -1 81 44 181
car 0.0010 446 67 470 122
cow 0.8772 274 85 404 167
cow 0.1301 446 67 470 122
cow 0.0499 446 49 483 126
cow 0.0066 451 83 475 125
cow 0.0047 452 84 496 124
cow 0.0018 0 89 29 209
cow 0.0015 366 86 413 125
cow 0.0014 324 82 412 145
cow 0.0011 251 92 353 161
dog 0.0144 446 67 470 122
dog 0.0054 446 49 483 126
dog 0.0019 0 89 29 209
dog 0.0018 448 42 472 110
dog 0.0017 292 83 408 152
horse 0.0855 446 49 483 126
horse 0.0825 446 67 470 122
horse 0.0615 274 85 404 167
horse 0.0037 443 83 488 125
horse 0.0023 451 39 474 113
horse 0.0022 0 89 29 209
motorbike 0.0104 446 67 470 122
motorbike 0.0018 446 49 483 126
person 0.9642 191 64 235 168
person 0.2777 448 42 472 110
person 0.0172 446 67 470 122
person 0.0149 446 49 483 126
person 0.0080 452 42 474 79
person 0.0073 0 89 29 209
person 0.0058 457 44 471 70
person 0.0050 -1 67 45 162
person 0.0026 452 50 466 79
person 0.0016 -6 85 124 194
person 0.0015 0 73 20 300
person 0.0014 450 88 466 122
person 0.0013 0 71 53 222
person 0.0013 445 47 484 88
person 0.0012 196 66 218 145
person 0.0011 -1 12 30 365
person 0.0010 -1 -212 57 268
sheep 0.0075 446 67 470 122
sheep 0.0046 286 88 409 165
sheep 0.0024 0 89 29 209
sheep 0.0011 446 49 483 126
