aeroplane 0.0048 24 51 69 79
bird 0.0031 11 50 66 79
boat 0.0246 26 55 69 84
bottle 0.0015 12 56 67 84
bus 0.0134 253 17 377 266
bus 0.0057 330 0 378 16
bus 0.0015 26 55 69 84
bus 0.0012 302 0 368 13
car 0.9842 145 0 303 181
car 0.4773 249 25 373 311
car 0.3375 119 3 166 93
car 0.2682 75 -2 97 45
car 0.2050 94 5 135 87
car 0.1753 99 0 126 67
car 0.0679 329 0 381 22
car 0.0399 82 0 106 48
car 0.0372 93 -1 119 52
car 0.0371 84 3 154 61
car 0.0315 71 0 118 34
car 0.0288 116 4 199 128
car 0.0269 141 11 367 246
car 0.0202 352 0 377 15
car 0.0172 53 -1 103 35
car 0.0137 302 0 368 13
car 0.0134 112 2 202 65
car 0.0093 98 0 149 32
car 0.0092 228 13 371 183
car 0.0088 26 55 69 84
car 0.0076 312 0 341 10
car 0.0076 109 0 159 46
car 0.0059 339 0 370 14
car 0.0046 329 0 361 12
car 0.0038 361 0 383 13
car 0.0035 133 2 225 159
car 0.0034 292 0 359 23
car 0.0029 217 1 320 59
car 0.0028 110 -1 135 49
car 0.0027 32 0 83 29
car 0.0027 366 1 381 19
car 0.0025 103 21 124 81
car 0.0023 279 0 335 31
car 0.0022 173 49 265 184
car 0.0022 290 0 323 9
car 0.0020 273 0 340 12
car 0.0019 87 6 103 39
car 0.0019 36 0 130 54
car 0.0016 287 0 379 49
car 0.0016 238 30 313 216
car 0.0016 93 0 117 13
car 0.0016 84 2 107 25
car 0.0016 82 -1 108 13
car 0.0015 120 0 165 30
car 0.0014 332 3 362 18
car 0.0014 96 2 116 23
car 0.0013 70 -1 119 17
car 0.0013 15 0 43 10
car 0.0012 101 -1 129 35
car 0.0012 74 -1 99 13
car 0.0011 96 9 115 36
car 0.0010 101 0 128 13
car 0.0010 94 0 153 16
chair 0.0157 254 12 368 386
chair 0.0020 12 56 67 84
motorbike 0.0017 100 6 125 77
motorbike 0.0010 302 0 368 13
person 0.0081 119 3 166 93
person 0.0052 99 0 126 67
person 0.0050 11 50 66 79
person 0.0044 75 -2 97 45
person 0.0039 94 5 135 87
person 0.0030 253 17 377 266
person 0.0030 312 0 341 10
person 0.0026 93 -1 119 52
person 0.0024 352 0 377 15
person 0.0021 329 0 361 12
person 0.0016 339 0 370 14
person 0.0015 15 0 43 10
person 0.0011 316 0 374 15
person 0.0011 82 0 106 48
person 0.0011 101 0 128 13
person 0.0011 93 0 117 13
person 0.0010 131 3 178 118
person 0.0010 145 -3 163 66
pottedplant 0.0281 12 56 67 84
sofa 0.0031 12 56 67 84
train 0.0030 26 55 69 84
tvmonitor 0.9949 84 255 283 470
tvmonitor 0.0107 12 56 67 84
