bottle 0.0721 239 269 249 301
bottle 0.0388 237 254 254 299
bottle 0.0209 227 253 245 300
bottle 0.0197 244 255 264 297
bottle 0.0106 246 272 261 298
bottle 0.0067 246 263 261 290
bottle 0.0064 202 233 243 319
bottle 0.0061 238 254 251 281
bottle 0.0059 230 261 242 291
bottle 0.0055 257 263 271 290
bottle 0.0041 245 256 261 281
bottle 0.0039 213 251 237 303
bottle 0.0036 230 271 242 301
bottle 0.0034 229 253 243 280
bottle 0.0028 208 261 225 308
bottle 0.0027 239 260 290 295
bottle 0.0026 261 258 285 294
bottle 0.0023 254 266 274 304
bottle 0.0023 221 257 270 297
bottle 0.0020 208 238 224 296
bottle 0.0020 392 9 404 40
bottle 0.0019 217 282 232 307
bottle 0.0019 235 274 253 314
bottle 0.0016 232 269 275 303
bottle 0.0015 209 272 222 302
bottle 0.0014 64 188 79 213
bottle 0.0013 0 86 8 197
bottle 0.0012 236 247 252 271
bottle 0.0012 200 140 250 184
bottle 0.0010 242 271 266 317
chair 0.0398 297 119 413 336
chair 0.0308 4 108 84 356
chair 0.0175 373 108 452 319
chair 0.0037 -1 163 20 345
chair 0.0029 72 31 259 344
chair 0.0028 -2 253 53 325
chair 0.0018 49 196 86 315
chair 0.0016 22 192 69 319
chair 0.0014 244 298 303 333
chair 0.0014 -1 191 62 340
chair 0.0012 215 179 302 280
chair 0.0011 199 150 251 189
chair 0.0011 0 265 12 345
diningtable 0.0148 204 259 312 328
diningtable 0.0076 4 108 84 356
diningtable 0.0023 227 282 329 329
diningtable 0.0021 373 108 452 319
diningtable 0.0012 297 119 413 336
diningtable 0.0010 198 283 287 327
dog 0.0011 215 174 301 264
person 0.9985 74 9 255 333
person 0.8888 -1 36 84 316
person 0.6620 299 61 436 333
person 0.5567 247 76 308 239
person 0.4791 212 166 304 291
person 0.0529 259 73 326 278
person 0.0379 251 74 300 166
person 0.0269 278 52 358 302
person 0.0230 375 96 450 298
person 0.0223 0 14 32 341
person 0.0110 289 66 376 220
person 0.0079 0 81 19 348
person 0.0074 214 43 259 153
person 0.0063 85 126 95 157
person 0.0060 76 138 88 162
person 0.0053 173 26 336 318
person 0.0048 -2 47 69 203
person 0.0045 298 122 382 331
person 0.0043 266 77 296 132
person 0.0039 188 20 258 179
person 0.0034 273 85 313 229
person 0.0031 0 45 22 227
person 0.0027 192 155 219 187
person 0.0026 243 92 288 217
person 0.0026 191 57 292 255
person 0.0024 234 62 254 125
person 0.0023 83 119 97 165
person 0.0021 16 60 104 261
person 0.0020 116 156 296 327
person 0.0019 234 61 281 142
person 0.0014 0 158 64 337
person 0.0014 246 167 302 268
person 0.0012 30 103 98 326
person 0.0011 202 233 243 319
person 0.0011 157 8 244 194
person 0.0011 228 50 298 192
person 0.0010 276 68 314 169
pottedplant 0.0044 214 261 236 308
pottedplant 0.0043 228 260 245 310
pottedplant 0.0034 217 282 232 307
pottedplant 0.0020 208 261 225 308
pottedplant 0.0013 239 269 249 301
pottedplant 0.0013 209 281 221 307
sofa 0.0063 297 119 413 336
sofa 0.0018 375 96 450 298
sofa 0.0016 72 31 259 344
tvmonitor 0.0011 200 140 250 184
