bird 0.0047 229 35 332 269
bottle 0.0020 87 175 121 331
cat 0.0011 229 35 332 269
chair 0.0148 310 36 502 340
person 0.9920 309 15 505 337
person 0.0690 224 17 355 325
person 0.0206 230 38 329 237
person 0.0038 231 30 317 120
person 0.0027 322 33 425 316
person 0.0015 400 83 501 341
person 0.0014 0 215 22 330
person 0.0011 0 226 11 308
pottedplant 0.9045 124 75 209 198
pottedplant 0.0524 123 79 168 189
pottedplant 0.0344 87 175 121 331
pottedplant 0.0200 294 214 350 327
pottedplant 0.0060 320 229 345 285
pottedplant 0.0023 329 228 353 287
pottedplant 0.0021 294 226 348 270
pottedplant 0.0021 126 85 150 143
pottedplant 0.0013 186 121 210 181
pottedplant 0.0012 120 85 139 140
pottedplant 0.0011 55 168 122 331
sofa 0.0134 310 36 502 340
tvmonitor 0.0019 231 30 317 120
