bird 0.0023 228 184 246 199
bird 0.0013 265 185 281 198
car 0.0019 137 183 155 196
cow 0.1126 265 185 281 198
cow 0.0589 228 184 246 199
cow 0.0515 329 178 353 194
cow 0.0459 180 183 200 201
cow 0.0450 137 183 155 196
cow 0.0280 295 180 313 195
cow 0.0079 389 186 482 239
cow 0.0024 265 189 283 204
cow 0.0020 302 182 319 197
cow 0.0020 258 185 277 197
cow 0.0018 325 178 345 189
cow 0.0013 339 179 359 189
cow 0.0011 225 181 251 213
cow 0.0010 311 182 333 195
dog 0.0031 228 184 246 199
dog 0.0017 265 185 281 198
dog 0.0010 184 183 202 202
horse 0.0076 265 185 281 198
horse 0.0068 228 184 246 199
horse 0.0039 137 183 155 196
horse 0.0035 329 178 353 194
horse 0.0030 184 183 202 202
horse 0.0016 295 180 313 195
person 0.0051 228 184 246 199
sheep 0.7754 329 178 353 194
sheep 0.7624 295 180 313 195
sheep 0.5245 265 185 281 198
sheep 0.1988 184 183 202 202
sheep 0.1381 137 183 155 196
sheep 0.0473 228 184 246 199
sheep 0.0456 302 182 319 197
sheep 0.0430 325 178 345 189
sheep 0.0367 339 179 359 189
sheep 0.0263 300 179 318 189
sheep 0.0160 311 182 333 195
sheep 0.0132 295 186 314 205
sheep 0.0118 273 177 316 201
sheep 0.0101 294 180 348 201
sheep 0.0087 273 184 291 198
sheep 0.0084 265 189 283 204
sheep 0.0081 312 177 355 197
sheep 0.0079 285 181 308 196
sheep 0.0079 311 177 334 186
sheep 0.0073 258 185 277 197
sheep 0.0054 293 181 316 212
sheep 0.0049 291 175 351 192
sheep 0.0035 283 184 338 212
sheep 0.0030 302 188 320 208
sheep 0.0026 325 177 374 197
sheep 0.0020 351 184 368 194
sheep 0.0020 307 181 354 213
sheep 0.0019 286 178 307 189
sheep 0.0019 312 189 329 206
sheep 0.0018 136 179 156 190
sheep 0.0017 330 179 353 214
sheep 0.0015 176 181 216 203
sheep 0.0014 397 187 418 198
sheep 0.0013 332 185 351 205
sheep 0.0011 284 188 306 204
sheep 0.0010 389 186 482 239
sheep 0.0010 272 196 334 221
sheep 0.0010 443 189 506 234
