car 0.8539 8 178 96 227
car 0.0268 66 174 117 211
car 0.0177 26 195 97 222
car 0.0101 8 175 56 211
car 0.0094 3 188 62 230
car 0.0076 88 171 113 210
car 0.0062 51 182 112 219
car 0.0053 15 155 110 217
car 0.0031 35 185 128 229
car 0.0028 52 173 155 222
car 0.0021 91 178 110 203
car 0.0019 0 160 104 186
car 0.0013 79 171 122 200
car 0.0012 48 172 116 195
car 0.0011 4 151 81 172
cat 0.9827 273 151 433 332
chair 0.0064 267 129 445 350
dog 0.0141 274 155 439 347
motorbike 0.0076 27 182 98 222
motorbike 0.0022 88 171 113 210
person 0.0039 88 171 113 210
person 0.0019 27 182 98 222
person 0.0017 99 170 116 212
person 0.0012 91 178 110 203
pottedplant 0.0015 265 153 423 350
sheep 0.0116 274 155 439 347
sofa 0.0022 267 129 445 350
