bicycle 0.0082 142 414 168 476
bicycle 0.0013 119 6 168 38
bird 0.0028 140 429 168 478
bottle 0.0023 127 58 138 85
bottle 0.0010 31 29 43 57
chair 0.0015 141 380 173 470
dog 0.0056 141 380 173 470
dog 0.0042 142 414 168 476
horse 0.0080 141 380 173 470
person 0.9585 141 380 173 470
person 0.0096 127 58 138 85
person 0.0034 31 29 43 57
person 0.0034 4 116 14 140
person 0.0030 157 50 167 74
person 0.0028 124 53 142 92
person 0.0028 147 51 160 72
person 0.0020 4 1 54 46
person 0.0020 156 58 167 83
person 0.0019 147 59 160 81
person 0.0018 10 119 22 140
person 0.0017 216 137 225 158
person 0.0016 113 0 136 11
person 0.0015 -2 0 40 29
person 0.0015 16 3 39 20
person 0.0015 6 0 31 13
person 0.0014 -1 0 21 12
person 0.0014 33 128 43 149
person 0.0014 32 78 45 100
person 0.0014 3 24 18 80
person 0.0014 114 36 134 88
person 0.0013 8 3 30 22
person 0.0012 177 52 187 74
person 0.0011 136 59 150 82
person 0.0010 39 79 52 101
person 0.0010 8 26 25 77
person 0.0010 27 25 46 61
person 0.0010 215 130 224 151
person 0.0010 40 31 54 55
person 0.0010 4 46 15 77
person 0.0010 -1 -6 25 52
pottedplant 0.0034 127 58 138 85
pottedplant 0.0020 124 53 142 92
pottedplant 0.0013 10 119 22 140
pottedplant 0.0011 147 51 160 72
tvmonitor 0.0010 -25 -79 392 493
