bottle 0.0558 113 272 134 331
bottle 0.0027 105 272 126 333
bottle 0.0010 116 283 128 320
bus 0.9974 170 45 333 382
bus 0.4979 102 191 163 249
bus 0.0336 47 190 152 252
bus 0.0088 160 183 196 262
bus 0.0074 30 43 308 380
bus 0.0042 214 150 333 368
bus 0.0026 54 191 107 258
bus 0.0023 132 191 173 248
bus 0.0021 151 187 170 248
bus 0.0020 168 172 210 273
bus 0.0020 154 96 230 343
bus 0.0013 219 99 327 260
bus 0.0011 -6 138 81 296
car 0.3820 6 237 47 269
car 0.1039 282 322 332 360
car 0.0550 291 317 330 386
car 0.0239 103 202 161 251
car 0.0112 284 253 331 345
car 0.0053 50 199 135 370
car 0.0035 -3 242 42 281
car 0.0028 155 221 167 246
car 0.0020 151 200 171 252
car 0.0018 14 219 163 356
car 0.0017 154 215 169 238
car 0.0017 78 195 163 269
car 0.0013 304 253 330 292
car 0.0013 47 190 152 252
car 0.0012 -8 226 44 268
car 0.0012 280 261 332 304
car 0.0010 2 219 44 297
motorbike 0.0057 291 317 330 386
person 0.9911 48 196 114 392
person 0.3839 274 159 317 249
person 0.0253 84 210 105 259
person 0.0135 252 162 299 245
person 0.0128 3 229 48 371
person 0.0126 108 256 158 347
person 0.0082 232 160 274 245
person 0.0076 -1 210 77 385
person 0.0073 282 166 309 229
person 0.0063 281 138 328 234
person 0.0058 220 197 238 253
person 0.0052 93 211 112 258
person 0.0050 71 202 162 362
person 0.0049 160 269 201 369
person 0.0047 113 272 134 331
person 0.0045 162 155 224 399
person 0.0042 236 185 256 243
person 0.0037 228 171 246 242
person 0.0034 212 160 251 245
person 0.0033 231 211 243 243
person 0.0032 258 135 333 272
person 0.0027 170 183 208 295
person 0.0027 255 159 329 360
person 0.0021 70 207 118 355
person 0.0021 46 213 86 380
person 0.0020 257 185 276 244
person 0.0019 239 213 252 241
person 0.0017 59 189 88 228
person 0.0017 164 191 195 328
person 0.0017 284 171 327 299
person 0.0016 54 191 107 258
person 0.0015 171 212 188 277
person 0.0013 93 271 138 358
person 0.0012 169 284 212 384
person 0.0011 292 164 319 229
person 0.0011 212 189 231 261
person 0.0011 0 212 15 276
person 0.0010 208 164 299 242
person 0.0010 280 188 310 245
pottedplant 0.0011 -2 317 14 382
train 0.0023 47 190 152 252
train 0.0016 106 191 162 252
