bird 0.0011 338 153 360 174
cow 0.4664 143 166 194 204
cow 0.0890 338 153 360 174
cow 0.0328 267 178 297 219
cow 0.0231 199 155 214 170
cow 0.0165 313 153 328 174
cow 0.0159 310 149 351 178
cow 0.0153 282 165 302 182
cow 0.0142 277 177 305 224
cow 0.0132 433 155 461 172
cow 0.0075 454 158 477 171
cow 0.0073 301 152 324 196
cow 0.0044 304 153 324 174
cow 0.0043 317 154 344 172
cow 0.0041 186 154 210 170
cow 0.0031 314 153 354 245
cow 0.0031 177 158 198 170
cow 0.0026 283 158 303 175
cow 0.0025 433 153 480 174
cow 0.0023 276 167 293 180
cow 0.0022 354 166 390 270
cow 0.0021 289 171 312 233
cow 0.0017 147 159 205 192
cow 0.0016 295 155 310 176
cow 0.0016 271 162 310 229
cow 0.0016 315 155 345 190
cow 0.0016 279 161 305 190
cow 0.0015 176 150 218 174
cow 0.0014 311 151 329 195
cow 0.0014 205 156 221 171
cow 0.0014 314 157 326 185
cow 0.0011 172 155 220 187
cow 0.0011 266 168 281 180
cow 0.0011 335 153 373 246
cow 0.0010 444 156 470 171
cow 0.0010 301 158 337 236
cow 0.0010 423 155 470 184
dog 0.0036 148 166 205 204
dog 0.0031 338 153 360 174
horse 0.0443 140 169 195 207
horse 0.0057 338 153 360 174
horse 0.0031 199 155 214 170
horse 0.0013 270 175 311 225
horse 0.0010 313 153 328 174
person 0.0025 314 153 354 245
person 0.0012 199 155 214 170
sheep 0.7500 267 178 297 219
sheep 0.4141 143 166 194 204
sheep 0.3741 338 153 360 174
sheep 0.1176 454 158 477 171
sheep 0.0796 313 153 328 174
sheep 0.0703 433 155 461 172
sheep 0.0620 277 177 305 224
sheep 0.0562 433 153 480 174
sheep 0.0541 282 165 302 182
sheep 0.0458 199 155 214 170
sheep 0.0275 444 156 470 171
sheep 0.0250 310 149 351 178
sheep 0.0229 266 168 281 180
sheep 0.0147 276 167 293 180
sheep 0.0145 269 179 283 217
sheep 0.0140 304 153 324 174
sheep 0.0129 283 158 303 175
sheep 0.0124 317 154 344 172
sheep 0.0101 339 150 360 165
sheep 0.0074 312 150 330 165
sheep 0.0064 259 167 273 178
sheep 0.0063 295 155 310 176
sheep 0.0063 186 154 210 170
sheep 0.0063 314 157 326 185
sheep 0.0062 301 152 324 196
sheep 0.0061 423 155 470 184
sheep 0.0055 111 143 125 152
sheep 0.0050 271 162 310 229
sheep 0.0047 177 158 198 170
sheep 0.0046 427 144 486 170
sheep 0.0046 279 161 305 190
sheep 0.0043 335 152 352 164
sheep 0.0040 457 161 476 175
sheep 0.0038 267 175 285 195
sheep 0.0034 157 159 175 170
sheep 0.0029 205 156 221 171
sheep 0.0026 304 158 322 186
sheep 0.0026 311 151 329 195
sheep 0.0025 348 155 369 173
sheep 0.0024 265 162 280 172
sheep 0.0023 335 151 384 178
sheep 0.0023 336 158 352 180
sheep 0.0023 446 160 469 177
sheep 0.0023 293 162 310 185
sheep 0.0023 265 169 300 204
sheep 0.0023 314 153 354 245
sheep 0.0021 160 167 210 204
sheep 0.0021 282 172 302 193
sheep 0.0020 323 152 361 176
sheep 0.0020 262 187 274 212
sheep 0.0020 315 155 345 190
sheep 0.0019 320 159 342 181
sheep 0.0017 436 150 460 164
sheep 0.0015 304 150 323 165
sheep 0.0015 316 151 344 163
sheep 0.0014 176 150 218 174
sheep 0.0014 152 159 166 171
sheep 0.0014 274 160 294 173
sheep 0.0014 288 165 311 221
sheep 0.0013 147 159 205 192
sheep 0.0013 289 155 312 195
sheep 0.0013 259 161 273 172
sheep 0.0013 274 173 297 192
sheep 0.0012 354 166 390 270
sheep 0.0011 198 152 214 164
sheep 0.0011 112 145 128 156
sheep 0.0010 301 158 337 236
sheep 0.0010 335 153 373 246
sheep 0.0010 223 166 248 175
sheep 0.0010 444 150 470 164
sheep 0.0010 433 155 446 174
sheep 0.0010 247 168 265 177
