bottle 0.9911 205 246 243 368
bottle 0.0721 235 256 324 375
bottle 0.0106 184 169 246 372
bottle 0.0096 218 238 238 299
bottle 0.0075 223 241 244 314
bottle 0.0051 178 241 227 352
bottle 0.0050 243 275 403 374
bottle 0.0042 379 352 397 373
bottle 0.0039 217 227 249 326
bottle 0.0032 198 202 243 308
bottle 0.0028 233 242 251 314
bottle 0.0024 179 202 222 303
bottle 0.0023 204 224 230 274
bottle 0.0020 187 261 255 351
bottle 0.0017 165 254 208 370
bottle 0.0017 213 224 238 276
bottle 0.0015 160 242 249 307
bottle 0.0012 181 226 233 272
bottle 0.0012 384 355 450 373
bottle 0.0012 209 226 224 250
bottle 0.0011 240 272 285 376
chair 0.0011 -1 186 25 235
diningtable 0.0022 88 254 410 368
person 0.1675 79 146 269 369
person 0.0586 242 259 395 370
person 0.0482 154 145 251 321
person 0.0093 15 154 250 303
person 0.0050 247 97 499 359
person 0.0040 55 164 437 365
person 0.0037 184 169 246 372
person 0.0020 88 254 410 368
pottedplant 0.0084 -1 186 25 235
pottedplant 0.0084 0 165 25 265
sofa 0.0015 15 150 251 373
tvmonitor 0.1199 312 98 500 358
tvmonitor 0.1048 235 256 324 375
tvmonitor 0.0350 242 259 395 370
tvmonitor 0.0035 266 305 401 370
tvmonitor 0.0023 421 157 480 232
tvmonitor 0.0015 88 254 410 368
tvmonitor 0.0015 435 69 496 139
