car 0.0050 79 311 154 456
car 0.0020 201 291 224 334
chair 0.8035 251 410 338 501
chair 0.5969 325 372 372 498
chair 0.4559 225 404 280 497
chair 0.0931 245 402 297 497
chair 0.0751 310 402 362 500
chair 0.0195 265 391 321 488
chair 0.0161 282 430 336 498
chair 0.0160 286 383 331 491
chair 0.0154 206 397 257 483
chair 0.0091 157 330 203 482
chair 0.0074 278 372 318 406
chair 0.0070 269 373 355 496
chair 0.0061 209 426 297 501
chair 0.0055 312 373 357 462
chair 0.0053 227 379 321 495
chair 0.0052 304 380 347 417
chair 0.0046 283 376 330 420
chair 0.0039 294 371 340 411
chair 0.0033 200 409 239 495
chair 0.0033 347 371 378 498
chair 0.0033 317 431 382 500
chair 0.0031 292 386 375 486
chair 0.0028 62 312 92 429
chair 0.0018 310 386 325 411
chair 0.0014 144 366 164 428
diningtable 0.5302 225 397 360 500
diningtable 0.0928 208 406 298 497
diningtable 0.0433 298 373 373 495
diningtable 0.0180 253 428 337 499
diningtable 0.0017 293 378 342 417
diningtable 0.0015 284 370 330 409
diningtable 0.0014 284 432 373 499
diningtable 0.0013 326 372 370 464
diningtable 0.0011 206 353 346 484
diningtable 0.0010 275 377 321 421
person 0.9985 82 309 149 487
person 0.9961 150 315 204 474
person 0.5100 61 309 87 407
person 0.1641 47 302 69 380
person 0.0474 57 305 80 378
person 0.0460 134 316 155 366
person 0.0192 136 318 153 344
person 0.0180 64 304 84 360
person 0.0149 154 318 167 344
person 0.0134 152 314 169 369
person 0.0113 144 316 161 365
person 0.0110 147 318 160 346
person 0.0109 125 317 158 433
person 0.0072 78 335 93 424
person 0.0069 140 314 175 406
person 0.0063 42 301 59 380
person 0.0059 79 317 125 437
person 0.0034 145 333 160 430
person 0.0026 67 324 84 390
person 0.0023 70 340 86 416
person 0.0022 169 317 197 368
person 0.0018 200 298 221 341
person 0.0017 51 310 66 332
person 0.0017 143 322 183 464
person 0.0017 129 317 144 341
person 0.0016 96 351 135 509
person 0.0014 286 363 328 419
person 0.0012 66 309 83 335
person 0.0011 170 313 208 441
person 0.0010 208 289 229 333
pottedplant 0.0158 216 318 242 363
pottedplant 0.0131 207 311 233 351
pottedplant 0.0025 221 339 238 364
pottedplant 0.0023 211 318 230 343
pottedplant 0.0023 200 309 221 352
pottedplant 0.0015 296 278 314 346
pottedplant 0.0014 277 282 314 384
pottedplant 0.0014 210 328 233 353
pottedplant 0.0012 200 299 240 364
pottedplant 0.0012 210 314 249 347
pottedplant 0.0011 220 318 240 343
pottedplant 0.0010 203 318 217 345
sofa 0.0013 284 370 330 409
sofa 0.0010 275 377 321 421
tvmonitor 0.0015 278 372 318 406
