aeroplane 0.0016 4 105 505 398
boat 0.0049 7 64 498 385
bus 0.0045 7 64 498 385
car 0.8622 102 72 485 386
car 0.5168 173 76 272 121
car 0.2561 22 34 215 367
car 0.0659 472 97 501 148
car 0.0155 137 73 289 201
car 0.0080 450 94 503 140
car 0.0060 486 92 500 156
car 0.0038 209 82 282 116
car 0.0035 -31 21 383 361
car 0.0020 129 69 363 158
car 0.0015 473 79 498 134
car 0.0012 40 36 301 277
car 0.0011 448 24 499 140
car 0.0011 475 22 500 140
chair 0.0035 472 97 501 148
chair 0.0018 486 92 500 156
motorbike 0.0021 27 38 210 382
motorbike 0.0014 7 64 498 385
person 0.9889 12 31 191 370
person 0.0090 486 92 500 156
person 0.0039 135 78 504 390
person 0.0033 472 97 501 148
train 0.0022 -2 57 93 111
train 0.0013 4 105 505 398
