aeroplane 0.0010 7 40 435 384
boat 0.0015 79 -8 412 86
bus 0.0021 350 41 475 94
bus 0.0019 13 18 432 360
bus 0.0013 415 59 488 118
car 0.9978 44 41 453 348
car 0.3272 289 65 459 169
car 0.2206 136 0 233 50
car 0.0322 234 56 325 106
car 0.0222 317 79 432 152
car 0.0160 453 43 479 54
car 0.0132 63 -4 281 76
car 0.0121 87 11 240 68
car 0.0112 393 59 444 94
car 0.0109 12 9 178 118
car 0.0104 113 27 382 111
car 0.0091 391 65 478 137
car 0.0077 170 53 315 105
car 0.0075 67 1 222 51
car 0.0067 324 58 429 111
car 0.0064 156 45 244 108
car 0.0062 86 16 171 74
car 0.0047 452 44 497 74
car 0.0046 476 40 495 57
car 0.0042 372 102 452 174
car 0.0040 381 63 432 104
car 0.0040 437 42 493 57
car 0.0037 231 2 294 34
car 0.0035 445 87 492 184
car 0.0032 413 72 497 161
car 0.0032 231 9 278 47
car 0.0030 291 63 336 107
car 0.0026 274 22 469 132
car 0.0025 248 57 381 109
car 0.0025 478 64 497 130
car 0.0024 464 41 488 55
car 0.0024 222 81 445 188
car 0.0023 444 42 471 55
car 0.0021 451 128 499 177
car 0.0021 149 60 432 150
car 0.0020 147 1 224 32
car 0.0019 124 -10 245 37
car 0.0018 234 77 315 111
car 0.0018 79 -8 412 86
car 0.0018 370 59 458 113
car 0.0016 403 131 454 177
car 0.0016 415 59 488 118
car 0.0016 122 30 245 92
car 0.0014 453 56 495 99
car 0.0012 378 59 417 94
car 0.0012 356 63 500 171
car 0.0011 407 92 450 178
car 0.0011 259 45 307 87
car 0.0010 403 52 450 86
car 0.0010 38 12 243 298
car 0.0010 489 104 499 201
car 0.0010 411 124 501 183
car 0.0010 473 38 498 79
horse 0.0011 308 63 335 108
motorbike 0.0036 246 57 344 107
motorbike 0.0023 7 40 435 384
motorbike 0.0020 407 92 450 178
motorbike 0.0018 291 63 336 107
motorbike 0.0016 334 66 453 137
motorbike 0.0016 372 102 452 174
motorbike 0.0013 445 87 492 184
motorbike 0.0013 393 63 443 106
motorbike 0.0012 391 65 478 137
person 0.4114 433 59 478 141
person 0.2573 382 57 413 94
person 0.2150 486 65 499 147
person 0.1068 444 60 489 173
person 0.0681 479 63 502 169
person 0.0516 453 59 479 115
person 0.0380 308 63 335 108
person 0.0298 452 83 479 142
person 0.0296 478 64 497 130
person 0.0292 410 63 453 139
person 0.0240 353 62 368 86
person 0.0207 375 62 420 104
person 0.0157 434 68 458 140
person 0.0156 387 64 408 86
person 0.0146 415 59 488 118
person 0.0129 391 65 478 137
person 0.0119 359 64 377 87
person 0.0102 354 59 405 92
person 0.0098 465 74 484 136
person 0.0097 413 59 442 111
person 0.0088 340 59 451 110
person 0.0086 417 80 441 127
person 0.0067 465 59 484 113
person 0.0060 485 46 499 110
person 0.0055 432 57 459 113
person 0.0054 397 65 417 87
person 0.0051 444 56 486 100
person 0.0049 455 58 477 76
person 0.0046 379 65 402 86
person 0.0044 444 64 471 125
person 0.0043 452 52 480 87
person 0.0037 393 59 444 94
person 0.0037 425 74 449 135
person 0.0034 390 72 445 164
person 0.0031 411 56 462 98
person 0.0030 480 65 495 90
person 0.0027 407 92 450 178
person 0.0027 385 65 413 120
person 0.0026 478 56 498 101
person 0.0025 373 63 418 138
person 0.0025 437 58 456 76
person 0.0023 488 59 498 92
person 0.0021 388 54 437 115
person 0.0020 467 64 484 88
person 0.0017 447 57 468 76
person 0.0016 369 66 390 86
person 0.0015 425 56 450 98
person 0.0015 405 91 448 135
person 0.0015 433 91 476 179
person 0.0014 469 69 482 101
person 0.0014 413 72 497 161
person 0.0014 19 52 417 372
person 0.0014 456 64 476 86
person 0.0014 407 65 428 87
person 0.0013 304 66 358 109
person 0.0012 404 62 434 106
person 0.0011 480 79 494 110
person 0.0011 384 53 430 87
person 0.0010 489 98 499 188
person 0.0010 437 124 456 180
train 0.0027 79 -8 412 86
train 0.0011 39 -43 450 47
