bird 0.0016 300 127 413 220
bottle 0.0011 172 210 221 251
chair 0.0025 1 45 274 379
person 0.9743 -2 -3 278 374
person 0.0677 1 40 492 408
person 0.0394 258 217 493 377
person 0.0243 277 245 361 372
person 0.0218 2 -5 199 246
person 0.0043 196 219 394 374
person 0.0039 -2 6 141 369
person 0.0024 389 294 432 369
person 0.0023 360 294 463 372
person 0.0020 304 130 360 223
person 0.0012 404 315 431 373
person 0.0012 6 18 123 229
person 0.0011 37 217 472 389
person 0.0010 300 127 413 220
pottedplant 0.0018 300 127 413 220
sofa 0.0012 1 40 492 408
tvmonitor 0.9439 245 210 496 384
tvmonitor 0.0563 1 40 492 408
tvmonitor 0.0537 277 245 361 372
tvmonitor 0.0435 3 -10 247 253
tvmonitor 0.0249 196 219 394 374
tvmonitor 0.0190 37 217 472 389
tvmonitor 0.0022 362 216 492 378
tvmonitor 0.0021 473 228 499 359
tvmonitor 0.0018 285 128 443 229
tvmonitor 0.0012 211 250 295 369
