bottle 0.0048 157 0 217 37
chair 0.7682 208 275 367 377
chair 0.0736 315 232 501 378
chair 0.0138 224 284 503 375
chair 0.0104 0 275 53 382
chair 0.0067 221 159 513 362
chair 0.0065 209 179 377 357
chair 0.0033 115 219 201 374
chair 0.0022 0 142 23 366
chair 0.0021 0 126 52 418
chair 0.0017 -3 225 124 381
chair 0.0015 0 154 88 358
chair 0.0012 0 61 122 387
chair 0.0010 0 239 27 384
person 0.0165 0 275 53 382
person 0.0034 5 16 123 145
person 0.0034 0 197 24 389
person 0.0032 0 61 122 387
person 0.0031 0 126 52 418
person 0.0030 0 -1 30 357
person 0.0029 -1 52 21 305
person 0.0028 158 2 208 71
person 0.0011 275 77 349 111
pottedplant 0.1455 406 11 446 71
pottedplant 0.0296 157 0 217 37
pottedplant 0.0098 411 11 443 47
pottedplant 0.0021 413 16 457 57
pottedplant 0.0020 7 40 120 117
pottedplant 0.0013 208 275 367 377
sofa 0.0064 0 275 53 382
sofa 0.0013 209 261 368 374
tvmonitor 0.9833 264 56 358 143
tvmonitor 0.9729 156 59 252 147
tvmonitor 0.0426 355 51 433 186
tvmonitor 0.0062 1 302 55 385
tvmonitor 0.0049 0 29 126 181
tvmonitor 0.0045 0 132 23 338
tvmonitor 0.0034 356 39 498 184
tvmonitor 0.0029 -1 19 124 365
tvmonitor 0.0019 139 11 237 161
tvmonitor 0.0013 213 58 255 138
tvmonitor 0.0012 355 19 501 359
tvmonitor 0.0010 0 -1 30 391
