boat 0.0017 345 159 431 185
bus 0.8848 221 93 352 215
bus 0.0153 -1 155 127 252
bus 0.0123 345 159 431 185
bus 0.0099 300 171 402 236
bus 0.0043 196 164 219 180
bus 0.0037 475 151 500 193
bus 0.0022 346 167 431 196
bus 0.0019 305 153 405 210
bus 0.0016 173 159 220 183
bus 0.0016 220 132 312 213
bus 0.0016 290 106 419 219
bus 0.0013 426 165 449 179
bus 0.0011 444 153 504 192
car 0.9671 301 180 399 246
car 0.5232 -1 155 127 252
car 0.0866 196 164 219 180
car 0.0860 446 171 470 188
car 0.0410 436 171 477 192
car 0.0397 450 173 476 205
car 0.0383 426 165 449 179
car 0.0299 210 162 224 179
car 0.0260 434 166 458 180
car 0.0260 435 171 461 185
car 0.0259 444 166 467 180
car 0.0210 423 169 470 188
car 0.0187 340 160 415 183
car 0.0176 446 166 502 196
car 0.0138 158 171 178 184
car 0.0112 270 287 442 335
car 0.0090 218 161 232 181
car 0.0085 173 159 220 183
car 0.0076 475 161 499 198
car 0.0051 449 168 471 229
car 0.0047 427 170 451 185
car 0.0029 186 163 208 179
car 0.0029 150 166 168 181
car 0.0024 290 236 497 349
car 0.0024 341 166 415 195
car 0.0022 415 163 458 182
car 0.0022 218 154 232 174
car 0.0015 489 168 500 194
car 0.0014 197 170 217 182
car 0.0014 420 165 440 177
car 0.0013 439 167 476 263
car 0.0010 452 167 475 181
car 0.0010 144 168 190 189
car 0.0010 179 163 195 182
person 0.0119 452 169 476 227
person 0.0038 122 158 137 204
person 0.0019 124 172 134 205
person 0.0019 179 163 195 182
person 0.0016 179 166 192 192
person 0.0012 439 167 476 263
person 0.0012 210 162 224 179
person 0.0010 218 161 232 181
person 0.0010 177 157 194 202
person 0.0010 281 152 289 175
train 0.0058 345 159 431 185
