bicycle 0.0016 254 183 316 229
bicycle 0.0011 277 193 327 238
bird 0.0010 277 186 328 235
cat 0.0144 277 186 328 235
cat 0.0047 257 178 311 224
cow 0.3463 269 185 318 234
cow 0.0602 257 178 311 224
cow 0.0306 285 186 338 235
cow 0.0056 259 181 292 218
cow 0.0025 270 184 298 229
dog 0.3648 260 183 329 235
dog 0.0063 257 181 293 218
dog 0.0053 282 189 321 232
horse 0.1066 269 185 318 234
horse 0.0208 257 178 311 224
horse 0.0040 285 186 338 235
person 0.9883 126 127 174 274
person 0.0025 257 178 311 224
person 0.0018 277 186 328 235
sheep 0.0553 269 185 318 234
sheep 0.0096 257 178 311 224
sheep 0.0070 285 186 338 235
sheep 0.0030 259 181 292 218
sheep 0.0010 285 -113 387 78
