cat 0.0022 222 165 369 228
chair 0.0044 304 130 498 235
chair 0.0042 448 142 500 250
chair 0.0025 28 131 417 364
chair 0.0022 78 112 493 287
chair 0.0018 472 157 500 270
chair 0.0017 488 152 501 250
chair 0.0010 13 180 121 369
dog 0.0017 304 130 498 235
dog 0.0012 222 165 369 228
person 0.0939 304 130 498 235
person 0.0224 126 120 451 249
person 0.0149 118 120 527 330
person 0.0086 400 129 495 221
person 0.0062 202 115 467 208
person 0.0038 413 132 462 175
person 0.0030 390 132 478 193
person 0.0021 352 134 470 212
person 0.0015 292 136 420 213
person 0.0011 400 137 497 295
sofa 0.9980 11 116 488 355
sofa 0.0024 126 120 451 249
sofa 0.0014 304 130 498 235
