cat 0.0054 99 30 272 173
cat 0.0019 123 143 281 332
chair 0.0168 73 14 293 216
chair 0.0052 111 125 293 346
chair 0.0019 282 115 491 345
chair 0.0018 90 31 282 136
dog 0.9513 111 32 281 171
dog 0.9499 122 170 280 349
dog 0.9182 291 129 451 321
dog 0.1494 104 112 181 195
dog 0.0249 104 125 266 243
dog 0.0207 139 163 252 237
dog 0.0087 106 49 292 334
dog 0.0029 106 129 223 342
dog 0.0028 83 119 398 337
dog 0.0025 90 88 172 223
dog 0.0022 109 173 224 247
dog 0.0022 140 154 338 311
dog 0.0012 63 -34 307 201
person 0.0054 90 31 282 136
person 0.0014 91 126 279 347
sofa 0.0164 73 14 293 216
sofa 0.0060 111 125 293 346
sofa 0.0018 0 -63 496 300
sofa 0.0017 274 81 469 322
sofa 0.0010 90 31 282 136
