bottle 0.0228 0 261 24 368
bottle 0.0053 259 245 304 339
bottle 0.0039 0 273 54 356
bottle 0.0031 276 226 312 325
bottle 0.0025 0 252 10 361
bottle 0.0013 0 165 11 257
bottle 0.0012 0 137 23 299
chair 0.0109 179 112 255 191
chair 0.0082 229 117 277 151
chair 0.0072 4 176 84 336
chair 0.0040 22 186 69 290
chair 0.0035 1 189 55 285
chair 0.0022 0 168 24 304
chair 0.0019 219 97 304 175
chair 0.0010 443 60 498 321
diningtable 0.9600 122 166 463 372
diningtable 0.0206 121 169 394 275
diningtable 0.0088 179 112 255 191
diningtable 0.0061 135 148 375 227
diningtable 0.0032 146 168 286 220
diningtable 0.0030 219 97 304 175
diningtable 0.0029 9 291 183 375
diningtable 0.0021 155 151 279 203
diningtable 0.0016 17 66 492 400
diningtable 0.0015 202 125 318 188
diningtable 0.0014 79 285 437 377
diningtable 0.0012 224 138 425 234
diningtable 0.0012 162 93 348 187
diningtable 0.0011 229 117 277 151
person 0.9682 388 69 472 245
person 0.9449 189 97 247 178
person 0.7315 262 83 319 167
person 0.7211 56 81 212 297
person 0.5830 299 61 398 208
person 0.5206 438 40 498 275
person 0.0317 161 113 246 194
person 0.0311 404 45 499 208
person 0.0283 448 73 499 431
person 0.0274 88 83 232 217
person 0.0270 37 90 139 306
person 0.0253 62 93 111 178
person 0.0202 127 99 228 292
person 0.0126 267 69 370 198
person 0.0114 219 97 304 175
person 0.0113 90 73 196 160
person 0.0107 82 63 123 140
person 0.0097 404 96 501 284
person 0.0085 75 106 104 161
person 0.0081 211 99 259 176
person 0.0071 0 -5 20 207
person 0.0063 68 110 94 160
person 0.0063 33 133 230 373
person 0.0056 -1 182 65 361
person 0.0053 21 72 186 230
person 0.0050 398 68 457 170
person 0.0048 0 168 24 304
person 0.0045 59 145 376 373
person 0.0043 473 133 499 338
person 0.0043 130 93 239 178
person 0.0039 317 71 340 124
person 0.0037 332 57 484 231
person 0.0036 89 80 112 131
person 0.0035 3 96 91 305
person 0.0034 80 92 103 140
person 0.0033 44 70 126 211
person 0.0031 162 93 348 187
person 0.0031 381 55 503 371
person 0.0029 161 96 211 179
person 0.0028 2 278 85 350
person 0.0026 155 129 209 222
person 0.0026 309 57 394 137
person 0.0025 87 65 131 107
person 0.0024 452 158 500 271
person 0.0023 22 186 69 290
person 0.0022 192 98 238 150
person 0.0019 60 124 81 162
person 0.0019 309 55 352 116
person 0.0018 -1 -9 53 327
person 0.0017 70 90 94 140
person 0.0016 1 189 55 285
person 0.0015 0 261 24 368
person 0.0015 268 96 295 155
person 0.0015 0 62 18 294
person 0.0014 287 73 345 175
person 0.0014 66 75 144 160
person 0.0011 464 18 501 331
person 0.0011 67 83 81 108
person 0.0010 133 154 222 232
person 0.0010 92 61 123 94
person 0.0010 154 113 490 358
person 0.0010 60 121 103 166
person 0.0010 64 129 77 157
person 0.0010 -2 188 140 336
person 0.0010 0 -57 29 254
sofa 0.0033 179 112 255 191
sofa 0.0025 4 176 84 336
tvmonitor 0.0027 31 76 73 114
tvmonitor 0.0018 229 117 277 151
tvmonitor 0.0011 50 126 74 164
