bottle 0.0104 364 120 393 167
bottle 0.0102 355 128 365 160
bottle 0.0058 287 140 299 163
bottle 0.0036 357 115 383 156
bottle 0.0034 0 138 9 226
bottle 0.0030 377 122 398 164
bottle 0.0026 177 226 198 291
bottle 0.0025 0 272 10 341
bottle 0.0021 353 114 369 158
bottle 0.0017 381 130 396 158
bottle 0.0015 0 290 8 325
bottle 0.0012 176 247 198 311
bottle 0.0010 142 144 156 165
bottle 0.0010 361 130 378 157
chair 0.0631 161 126 500 379
chair 0.0093 180 131 330 304
chair 0.0037 108 162 226 231
chair 0.0035 1 135 135 297
chair 0.0019 0 172 24 339
chair 0.0015 7 243 183 370
chair 0.0010 0 138 9 226
chair 0.0010 -1 137 24 258
diningtable 0.1186 12 245 252 372
diningtable 0.0096 15 167 333 373
diningtable 0.0042 25 206 237 336
diningtable 0.0028 108 162 226 231
diningtable 0.0014 27 287 401 378
diningtable 0.0013 62 155 282 283
person 0.9470 227 84 499 378
person 0.6081 5 128 127 302
person 0.3429 180 131 330 304
person 0.1723 166 131 410 377
person 0.0215 187 170 228 258
person 0.0202 364 120 393 167
person 0.0086 124 139 317 253
person 0.0080 39 134 126 225
person 0.0078 204 124 454 264
person 0.0070 207 121 312 246
person 0.0052 0 126 64 313
person 0.0040 34 152 225 285
person 0.0038 55 195 444 389
person 0.0038 183 141 254 329
person 0.0037 0 172 24 339
person 0.0035 127 244 373 373
person 0.0028 2 176 91 367
person 0.0025 -1 137 24 258
person 0.0025 216 124 299 194
person 0.0023 310 88 494 294
person 0.0023 135 175 226 249
person 0.0023 0 147 9 235
person 0.0017 0 190 45 321
person 0.0016 207 280 310 352
person 0.0016 62 288 437 378
person 0.0013 4 186 158 337
person 0.0011 -1 154 48 276
person 0.0010 357 115 383 156
person 0.0010 72 150 130 236
pottedplant 0.8661 124 89 200 160
pottedplant 0.0137 153 100 202 147
pottedplant 0.0079 132 101 185 147
pottedplant 0.0063 172 104 200 163
pottedplant 0.0056 125 124 151 166
pottedplant 0.0045 123 126 140 162
pottedplant 0.0039 66 224 181 283
pottedplant 0.0038 83 262 118 358
pottedplant 0.0032 139 122 159 166
pottedplant 0.0029 162 107 192 160
pottedplant 0.0023 74 232 172 353
pottedplant 0.0023 154 106 181 162
pottedplant 0.0016 57 236 161 308
pottedplant 0.0015 135 82 198 125
pottedplant 0.0015 7 243 183 370
pottedplant 0.0011 130 132 147 160
pottedplant 0.0011 144 108 171 160
pottedplant 0.0011 141 131 156 161
pottedplant 0.0010 122 112 174 157
pottedplant 0.0010 0 147 9 235
sofa 0.5069 161 126 500 379
sofa 0.0088 31 151 396 372
sofa 0.0028 157 122 350 340
sofa 0.0013 108 162 226 231
sofa 0.0013 1 135 135 297
