bicycle 0.0020 65 171 116 207
bird 0.0041 387 140 407 150
bird 0.0012 377 139 402 148
car 0.0015 367 138 393 148
cow 0.4030 53 174 112 206
cow 0.0168 474 274 500 320
cow 0.0111 387 140 407 150
cow 0.0084 377 139 402 148
cow 0.0056 367 138 393 148
cow 0.0018 472 277 497 296
cow 0.0012 467 278 490 293
cow 0.0011 489 209 500 273
cow 0.0010 347 136 412 151
cow 0.0010 75 172 125 207
cow 0.0010 489 224 499 255
dog 0.0262 53 174 112 206
dog 0.0018 474 274 500 320
dog 0.0011 387 140 407 150
horse 0.0779 53 174 112 206
horse 0.0024 474 274 500 320
horse 0.0013 387 140 407 150
person 0.0043 490 209 500 309
person 0.0018 489 224 499 255
sheep 0.0714 53 174 112 206
sheep 0.0148 387 140 407 150
sheep 0.0145 474 274 500 320
sheep 0.0085 377 139 402 148
sheep 0.0047 367 138 393 148
sheep 0.0034 467 278 490 293
sheep 0.0033 469 277 487 288
sheep 0.0027 472 277 497 296
sheep 0.0021 455 277 498 313
sheep 0.0012 489 224 499 255
