bottle 0.0089 197 181 213 204
bottle 0.0022 450 223 499 256
bottle 0.0010 168 172 183 195
chair 0.9561 125 190 212 352
chair 0.7768 99 193 140 290
chair 0.4885 228 215 339 372
chair 0.3895 254 180 339 327
chair 0.1013 103 192 188 322
chair 0.0794 270 189 329 286
chair 0.0684 138 184 191 296
chair 0.0233 117 191 165 287
chair 0.0173 474 206 499 378
chair 0.0173 183 181 257 332
chair 0.0140 446 202 499 380
chair 0.0100 165 173 187 212
chair 0.0100 91 176 155 305
chair 0.0075 212 171 309 343
chair 0.0052 218 180 263 289
chair 0.0046 257 228 477 375
chair 0.0042 181 188 222 322
chair 0.0038 267 135 358 305
chair 0.0036 234 185 284 285
chair 0.0034 0 131 53 224
chair 0.0034 156 176 200 263
chair 0.0033 1 6 56 271
chair 0.0032 136 170 179 213
chair 0.0031 168 172 183 195
chair 0.0028 68 191 104 287
chair 0.0025 251 189 308 283
chair 0.0022 456 186 501 287
chair 0.0020 470 126 500 419
chair 0.0019 229 134 329 308
chair 0.0019 487 187 501 274
chair 0.0017 472 145 499 286
chair 0.0017 73 100 142 293
chair 0.0015 269 182 357 259
chair 0.0014 195 209 290 375
chair 0.0014 455 273 497 380
chair 0.0013 146 182 191 219
chair 0.0011 455 148 500 248
chair 0.0011 361 224 498 376
chair 0.0011 138 160 187 237
chair 0.0011 473 202 499 258
chair 0.0010 196 155 367 368
chair 0.0010 234 184 326 258
chair 0.0010 450 223 499 256
diningtable 0.6068 117 190 307 353
diningtable 0.1042 103 192 188 322
diningtable 0.0484 314 227 490 376
diningtable 0.0243 133 182 219 340
diningtable 0.0069 180 214 331 372
diningtable 0.0055 232 175 335 336
diningtable 0.0054 180 179 321 298
diningtable 0.0050 98 188 141 311
diningtable 0.0035 180 195 258 350
diningtable 0.0034 88 198 163 281
diningtable 0.0020 409 207 501 376
diningtable 0.0016 123 192 204 283
diningtable 0.0016 232 222 408 376
diningtable 0.0012 255 192 340 282
diningtable 0.0010 453 245 500 378
diningtable 0.0010 157 167 245 315
person 0.0040 446 114 499 394
person 0.0030 472 145 499 286
person 0.0021 220 173 349 299
person 0.0015 469 81 501 424
person 0.0015 475 170 499 375
pottedplant 0.0197 74 80 145 275
pottedplant 0.0018 197 181 213 204
sofa 0.0013 228 215 339 372
sofa 0.0010 453 245 500 378
