bottle 0.9891 230 163 266 305
bottle 0.0516 130 124 159 224
bottle 0.0401 279 111 311 214
bottle 0.0379 265 130 299 218
bottle 0.0360 274 132 292 210
bottle 0.0320 233 144 261 256
bottle 0.0199 138 154 156 228
bottle 0.0187 282 126 301 201
bottle 0.0158 130 154 149 228
bottle 0.0130 168 102 199 219
bottle 0.0113 86 73 160 240
bottle 0.0099 239 127 268 228
bottle 0.0093 98 100 144 223
bottle 0.0084 266 133 284 211
bottle 0.0076 194 111 233 212
bottle 0.0072 227 232 243 306
bottle 0.0054 230 97 260 222
bottle 0.0052 225 258 243 316
bottle 0.0044 89 117 129 232
bottle 0.0043 142 99 185 221
bottle 0.0032 300 119 329 232
bottle 0.0031 261 162 301 275
bottle 0.0030 88 116 163 347
bottle 0.0029 268 207 320 293
bottle 0.0028 216 37 234 115
bottle 0.0028 71 40 138 233
bottle 0.0028 256 137 272 208
bottle 0.0027 292 113 311 193
bottle 0.0026 276 131 317 253
bottle 0.0021 178 125 196 201
bottle 0.0019 294 9 380 233
bottle 0.0017 124 80 197 230
bottle 0.0017 238 169 322 302
bottle 0.0015 199 41 237 119
bottle 0.0014 206 129 226 197
bottle 0.0013 123 70 163 209
bottle 0.0011 46 96 90 220
bottle 0.0011 262 70 297 211
bottle 0.0010 208 38 227 115
bottle 0.0010 235 154 256 230
chair 0.2064 335 185 500 372
chair 0.0895 -3 179 94 375
chair 0.0206 0 -5 113 382
chair 0.0196 88 217 159 371
chair 0.0083 6 222 170 380
chair 0.0079 0 -20 101 220
chair 0.0069 1 70 88 249
chair 0.0043 0 33 61 395
chair 0.0032 0 101 49 207
chair 0.0030 -1 90 23 220
chair 0.0020 46 96 90 220
chair 0.0018 23 101 70 210
chair 0.0017 330 171 423 348
chair 0.0014 0 94 20 337
chair 0.0010 4 12 170 208
diningtable 0.6787 95 252 394 375
diningtable 0.0165 336 192 498 383
diningtable 0.0096 -3 200 94 382
diningtable 0.0027 6 222 170 380
diningtable 0.0021 10 50 487 394
diningtable 0.0021 64 162 380 370
person 0.0110 -1 42 92 387
person 0.0022 83 39 162 233
person 0.0011 0 -20 101 220
pottedplant 0.0389 312 52 395 230
pottedplant 0.0195 398 0 499 203
pottedplant 0.0131 304 -17 497 238
pottedplant 0.0108 369 80 415 194
pottedplant 0.0079 288 23 449 199
pottedplant 0.0070 414 164 460 199
pottedplant 0.0050 243 -5 422 294
pottedplant 0.0038 353 63 425 211
pottedplant 0.0036 346 163 374 202
pottedplant 0.0030 331 72 379 207
pottedplant 0.0030 358 4 501 369
pottedplant 0.0019 244 -33 311 229
pottedplant 0.0014 324 70 422 276
pottedplant 0.0013 0 -5 113 382
pottedplant 0.0013 331 121 373 229
pottedplant 0.0011 64 23 140 218
pottedplant 0.0011 480 41 501 201
pottedplant 0.0011 354 70 400 171
sofa 0.0239 -3 179 94 375
sofa 0.0026 335 185 500 372
tvmonitor 0.0011 335 185 500 372
