bicycle 0.0013 1 199 21 255
bus 0.9765 10 100 479 289
bus 0.0018 451 142 494 256
bus 0.0016 410 122 491 263
car 0.0054 8 120 483 302
car 0.0054 458 202 475 221
car 0.0031 490 196 499 227
car 0.0030 475 190 499 234
car 0.0024 488 181 497 281
car 0.0017 454 194 496 228
car 0.0013 477 209 495 268
car 0.0013 0 196 14 262
car 0.0010 488 167 499 240
horse 0.0016 1 199 21 255
motorbike 0.0066 1 199 21 255
person 0.4431 2 189 22 253
person 0.0282 0 196 14 262
person 0.0095 456 207 477 268
person 0.0061 477 194 495 267
person 0.0056 12 190 30 250
person 0.0038 463 208 486 267
person 0.0035 401 167 413 195
person 0.0032 1 200 10 239
person 0.0030 4 196 20 224
person 0.0022 488 181 497 281
person 0.0017 458 202 475 221
person 0.0016 0 149 26 252
person 0.0015 418 160 437 208
person 0.0014 0 188 8 216
person 0.0010 1 179 43 254
person 0.0010 467 209 480 228
train 0.0559 0 96 437 285
