boat 0.0123 455 103 495 217
bottle 0.1700 248 137 259 169
bottle 0.0314 245 137 261 186
bottle 0.0196 241 140 253 166
bottle 0.0052 237 135 257 172
bottle 0.0043 240 296 265 357
bottle 0.0038 226 143 246 161
bottle 0.0036 246 127 261 166
bottle 0.0032 255 151 271 173
bottle 0.0030 242 145 266 196
bottle 0.0029 263 132 288 176
bottle 0.0028 226 136 245 156
bottle 0.0018 254 141 270 166
bottle 0.0015 251 134 274 174
bottle 0.0014 240 148 253 174
bottle 0.0012 233 137 276 170
bottle 0.0012 337 149 365 195
bottle 0.0012 340 172 361 194
bottle 0.0011 276 138 286 168
bottle 0.0010 266 152 282 174
bottle 0.0010 236 294 275 373
bottle 0.0010 247 160 261 182
car 0.0060 455 103 495 217
chair 0.9238 170 157 208 273
chair 0.7703 201 178 252 290
chair 0.6399 131 143 171 213
chair 0.2300 1 202 45 345
chair 0.1508 166 146 199 215
chair 0.0806 197 152 247 250
chair 0.0667 241 166 278 271
chair 0.0461 164 143 190 186
chair 0.0430 178 164 264 273
chair 0.0414 250 192 332 279
chair 0.0306 249 190 336 361
chair 0.0225 154 143 179 202
chair 0.0207 175 142 197 185
chair 0.0181 140 144 173 187
chair 0.0176 103 140 136 213
chair 0.0133 175 147 215 219
chair 0.0112 317 150 363 195
chair 0.0102 0 180 27 334
chair 0.0100 178 143 195 164
chair 0.0066 296 191 334 277
chair 0.0065 338 164 363 193
chair 0.0057 309 167 352 193
chair 0.0054 0 116 52 322
chair 0.0049 164 143 232 263
chair 0.0049 182 141 209 185
chair 0.0045 190 149 240 177
chair 0.0045 238 141 280 216
chair 0.0044 190 139 240 166
chair 0.0041 127 141 150 204
chair 0.0040 240 202 275 295
chair 0.0039 448 164 468 219
chair 0.0038 1 200 86 349
chair 0.0028 453 125 495 223
chair 0.0027 250 175 299 264
chair 0.0026 318 173 342 193
chair 0.0026 186 143 204 164
chair 0.0024 117 124 140 185
chair 0.0024 168 148 186 234
chair 0.0021 117 146 139 217
chair 0.0021 238 147 325 290
chair 0.0019 194 144 219 163
chair 0.0019 300 191 330 232
chair 0.0016 309 147 335 195
chair 0.0016 0 248 29 374
chair 0.0015 86 115 131 208
chair 0.0015 298 140 336 207
chair 0.0015 187 156 241 192
chair 0.0015 140 146 220 213
chair 0.0014 202 144 228 161
chair 0.0014 309 195 331 245
chair 0.0013 107 128 133 178
chair 0.0013 226 143 246 161
chair 0.0013 138 162 177 263
chair 0.0012 331 173 352 192
chair 0.0012 221 153 294 282
chair 0.0011 202 153 228 170
chair 0.0011 194 153 219 172
chair 0.0011 166 143 189 165
chair 0.0011 311 172 333 194
chair 0.0010 217 141 259 219
chair 0.0010 0 187 11 292
diningtable 0.2773 184 154 259 283
diningtable 0.1320 171 162 320 284
diningtable 0.0487 127 143 193 210
diningtable 0.0126 243 192 327 277
diningtable 0.0088 173 150 215 254
diningtable 0.0067 144 151 288 250
diningtable 0.0043 195 158 277 243
diningtable 0.0033 162 156 241 245
diningtable 0.0030 166 146 199 215
diningtable 0.0030 1 202 45 345
diningtable 0.0024 1 200 86 349
diningtable 0.0023 249 190 336 361
diningtable 0.0014 103 140 136 213
diningtable 0.0014 181 152 261 215
diningtable 0.0014 130 148 171 230
diningtable 0.0013 241 166 278 271
diningtable 0.0012 135 143 179 188
diningtable 0.0012 190 149 240 177
diningtable 0.0012 221 153 294 282
diningtable 0.0011 317 165 363 194
pottedplant 0.0151 337 149 365 195
pottedplant 0.0050 226 143 246 161
pottedplant 0.0029 340 172 361 194
pottedplant 0.0020 226 136 245 156
pottedplant 0.0013 223 137 250 167
pottedplant 0.0012 325 150 357 192
pottedplant 0.0011 448 164 468 219
sofa 0.0026 249 190 336 361
sofa 0.0022 190 139 240 166
sofa 0.0020 190 149 240 177
sofa 0.0012 250 192 332 279
sofa 0.0012 135 143 179 188
train 0.0021 455 103 495 217
tvmonitor 0.0145 455 103 495 217
tvmonitor 0.0034 226 143 246 161
tvmonitor 0.0016 470 82 499 199
