bottle 0.0050 417 260 453 365
bottle 0.0045 88 277 114 319
bottle 0.0025 428 282 447 351
bottle 0.0021 427 236 446 320
bottle 0.0019 434 337 456 371
bottle 0.0013 103 294 116 317
bottle 0.0012 44 156 62 210
bottle 0.0011 427 264 468 362
bottle 0.0010 91 277 110 301
chair 0.0245 230 176 321 394
chair 0.0087 447 266 499 366
diningtable 0.0017 447 266 499 366
diningtable 0.0012 411 283 500 373
diningtable 0.0010 14 279 153 374
person 0.9771 97 97 240 375
person 0.9276 233 157 321 363
person 0.6025 306 94 427 376
person 0.0086 139 97 362 376
person 0.0011 92 157 157 350
pottedplant 0.0195 88 277 114 319
pottedplant 0.0092 6 247 135 376
pottedplant 0.0046 0 3 54 271
pottedplant 0.0026 80 287 137 375
pottedplant 0.0011 -10 64 131 392
pottedplant 0.0011 2 29 83 323
pottedplant 0.0010 44 156 62 210
pottedplant 0.0010 0 29 26 134
sofa 0.0055 230 176 321 394
sofa 0.0017 447 266 499 366
tvmonitor 0.0019 409 73 501 353
