aeroplane 0.0062 15 142 159 177
aeroplane 0.0026 404 141 469 166
aeroplane 0.0022 88 142 151 169
aeroplane 0.0016 49 143 114 168
aeroplane 0.0016 2 138 46 170
aeroplane 0.0011 423 138 487 160
aeroplane 0.0010 448 141 500 170
boat 0.0460 15 142 159 177
boat 0.0300 148 144 203 179
boat 0.0215 345 135 491 177
boat 0.0192 229 151 277 193
boat 0.0162 273 147 328 178
boat 0.0129 30 146 93 181
boat 0.0124 286 132 385 179
boat 0.0108 313 133 369 174
boat 0.0100 7 138 58 168
boat 0.0086 0 144 47 180
boat 0.0086 199 141 249 184
boat 0.0080 272 161 331 183
boat 0.0077 99 147 158 177
boat 0.0065 -7 138 103 184
boat 0.0044 252 139 350 185
boat 0.0042 210 153 261 192
boat 0.0026 424 145 487 178
boat 0.0023 250 139 275 186
boat 0.0020 208 142 303 189
boat 0.0019 4 159 81 187
boat 0.0017 325 141 375 185
boat 0.0016 290 147 352 181
boat 0.0015 2 153 126 190
boat 0.0015 289 156 311 171
boat 0.0015 335 134 383 172
boat 0.0014 146 141 255 185
boat 0.0014 260 151 285 191
boat 0.0013 147 150 173 194
boat 0.0013 276 137 325 170
boat 0.0012 68 141 214 178
boat 0.0011 39 158 104 187
boat 0.0011 325 120 460 170
boat 0.0010 395 150 459 175
boat 0.0010 230 157 258 205
bus 0.0123 313 133 369 174
bus 0.0083 436 140 494 169
bus 0.0077 99 144 159 169
bus 0.0058 150 144 201 168
bus 0.0046 335 134 383 172
bus 0.0023 2 138 46 170
bus 0.0023 144 142 191 182
bus 0.0019 41 143 102 167
bus 0.0012 30 146 93 181
bus 0.0010 230 144 277 187
car 0.2886 323 134 377 160
car 0.2800 428 139 485 168
car 0.2203 49 143 114 168
car 0.1458 148 142 191 169
car 0.1210 99 144 159 169
car 0.0886 199 142 236 168
car 0.0424 2 138 46 170
car 0.0218 313 133 369 174
car 0.0176 39 146 102 179
car 0.0157 448 141 500 170
car 0.0137 83 142 138 169
car 0.0102 404 141 469 166
car 0.0064 199 141 249 184
car 0.0042 159 146 192 162
car 0.0032 67 145 98 163
car 0.0031 230 144 277 187
car 0.0030 415 147 441 160
car 0.0027 50 146 76 161
car 0.0026 137 146 184 182
car 0.0023 344 135 376 170
car 0.0021 57 145 89 161
car 0.0021 45 135 96 161
car 0.0020 15 142 159 177
car 0.0019 313 128 384 150
car 0.0015 111 146 147 163
car 0.0013 452 144 480 163
car 0.0012 69 150 130 172
car 0.0011 334 134 369 152
car 0.0011 203 141 266 169
car 0.0011 344 129 396 164
car 0.0010 375 139 422 166
person 0.0135 250 139 275 186
person 0.0036 370 120 387 167
person 0.0032 231 145 260 185
person 0.0030 292 142 310 165
person 0.0028 372 139 385 169
person 0.0022 284 142 300 167
person 0.0021 288 135 313 171
person 0.0019 276 153 289 172
person 0.0019 282 155 300 171
person 0.0018 253 141 272 167
person 0.0016 280 135 303 174
person 0.0013 373 124 402 165
person 0.0012 255 150 271 173
person 0.0011 289 156 311 171
person 0.0011 387 143 408 162
person 0.0011 242 141 270 173
person 0.0011 234 152 255 172
train 0.0230 313 133 369 174
train 0.0084 2 138 46 170
train 0.0069 428 139 485 168
train 0.0061 144 142 191 182
train 0.0054 335 134 383 172
train 0.0039 30 146 93 181
train 0.0039 15 142 159 177
train 0.0032 99 147 158 177
train 0.0031 273 147 328 178
train 0.0028 199 141 249 184
train 0.0024 230 144 277 187
train 0.0023 36 142 90 168
train 0.0019 345 135 491 177
train 0.0018 448 141 500 170
train 0.0015 276 137 325 170
train 0.0013 150 144 201 168
train 0.0013 9 139 74 168
train 0.0013 88 142 151 169
train 0.0010 230 152 259 194
train 0.0010 404 141 469 166
