aeroplane 0.0088 273 151 290 174
aeroplane 0.0066 235 147 290 178
aeroplane 0.0025 475 130 500 181
aeroplane 0.0016 483 136 500 194
aeroplane 0.0013 267 150 284 174
bicycle 0.0032 476 137 500 188
bicycle 0.0019 237 143 250 180
bicycle 0.0012 485 139 499 206
bird 0.0357 472 114 498 203
bird 0.0254 476 137 500 188
bird 0.0088 238 137 249 170
bird 0.0083 485 139 499 206
bird 0.0051 235 141 252 181
bird 0.0039 273 151 290 174
bird 0.0021 487 144 498 181
boat 0.4293 235 147 290 178
boat 0.2397 273 151 290 174
boat 0.1495 235 141 252 181
boat 0.0875 245 156 302 182
boat 0.0858 232 157 276 183
boat 0.0676 271 160 293 179
boat 0.0446 475 130 500 181
boat 0.0246 474 51 499 191
boat 0.0232 264 146 288 177
boat 0.0095 472 114 498 203
boat 0.0089 273 138 290 154
boat 0.0064 237 143 267 182
boat 0.0056 237 165 267 181
boat 0.0052 238 137 249 170
boat 0.0049 236 160 251 184
boat 0.0032 245 163 280 178
boat 0.0031 227 171 297 188
boat 0.0028 253 139 275 150
boat 0.0026 249 143 298 171
boat 0.0022 263 138 284 151
boat 0.0020 483 136 500 194
boat 0.0018 242 151 263 175
boat 0.0018 445 -35 500 191
boat 0.0017 250 152 276 172
boat 0.0015 266 148 285 165
boat 0.0014 270 127 292 164
bus 0.0035 229 143 281 181
bus 0.0023 273 151 290 174
car 0.0037 475 130 500 181
chair 0.0010 270 147 292 178
cow 0.0035 476 137 500 188
dog 0.0045 476 137 500 188
dog 0.0020 485 139 499 206
horse 0.0022 476 137 500 188
person 0.2701 235 141 252 181
person 0.1510 238 137 249 170
person 0.0864 273 151 290 174
person 0.0246 476 137 500 188
person 0.0187 267 150 284 174
person 0.0136 485 139 499 206
person 0.0084 472 114 498 203
person 0.0032 234 146 243 176
person 0.0024 236 160 251 184
person 0.0018 271 160 293 179
person 0.0017 487 144 498 181
person 0.0017 485 109 500 183
person 0.0016 242 151 263 175
pottedplant 0.0067 270 147 292 178
pottedplant 0.0022 229 143 281 181
sheep 0.0018 476 137 500 188
train 0.0350 229 143 281 181
train 0.0094 270 147 292 178
train 0.0073 251 147 298 176
train 0.0013 234 159 292 182
