aeroplane 0.9975 2 45 497 330
aeroplane 0.3318 -1 195 48 228
aeroplane 0.0789 6 204 59 236
aeroplane 0.0630 -2 186 65 241
aeroplane 0.0382 14 189 120 246
aeroplane 0.0221 -1 213 48 244
aeroplane 0.0118 316 199 492 319
aeroplane 0.0098 42 190 164 251
aeroplane 0.0098 310 117 497 249
aeroplane 0.0080 222 111 496 335
aeroplane 0.0076 2 28 280 274
aeroplane 0.0057 -5 168 98 237
aeroplane 0.0050 73 208 177 272
aeroplane 0.0042 -2 139 54 224
aeroplane 0.0028 20 205 47 220
aeroplane 0.0027 46 187 91 248
aeroplane 0.0026 43 168 130 239
aeroplane 0.0022 -2 182 31 250
aeroplane 0.0021 2 14 185 130
aeroplane 0.0021 89 225 190 284
aeroplane 0.0019 266 25 474 118
aeroplane 0.0015 3 188 59 220
aeroplane 0.0013 273 35 362 96
aeroplane 0.0013 14 199 69 228
aeroplane 0.0013 6 116 179 258
aeroplane 0.0012 21 211 46 228
aeroplane 0.0012 305 225 441 293
aeroplane 0.0011 400 127 498 189
aeroplane 0.0011 251 93 488 216
aeroplane 0.0010 366 157 496 227
aeroplane 0.0010 311 212 436 268
aeroplane 0.0010 384 211 451 227
boat 0.0141 6 204 59 236
boat 0.0058 -1 195 48 228
boat 0.0041 -1 213 48 244
car 0.0075 -2 203 49 237
car 0.0024 5 200 59 226
car 0.0021 20 205 47 220
car 0.0014 100 254 159 284
car 0.0010 306 236 444 312
car 0.0010 416 215 440 225
person 0.0282 479 186 500 322
person 0.0032 273 235 312 305
person 0.0027 485 172 499 271
person 0.0019 478 186 496 258
person 0.0014 489 255 500 337
person 0.0013 60 159 83 201
train 0.0046 6 204 59 236
train 0.0025 -1 213 48 244
train 0.0021 306 236 444 312
train 0.0011 -1 195 48 228
train 0.0010 233 236 320 306
