aeroplane 0.0011 -2 45 498 343
bicycle 0.0012 -2 45 498 343
boat 0.0065 -2 45 498 343
bottle 0.0034 22 52 395 340
bottle 0.0033 122 283 231 339
car 0.0141 -2 45 498 343
cat 0.0022 83 48 494 338
chair 0.1088 -2 45 498 343
chair 0.0011 0 -2 53 353
diningtable 0.0072 -2 45 498 343
dog 0.0031 22 52 395 340
horse 0.0015 -2 45 498 343
motorbike 0.0050 -2 45 498 343
person 0.9881 68 3 505 336
person 0.2632 289 0 500 337
person 0.1802 7 -6 346 284
person 0.0050 33 140 467 348
sofa 0.0968 -2 45 498 343
train 0.0016 -2 45 498 343
tvmonitor 0.0043 0 -27 499 306
