bicycle 0.0223 397 169 496 337
bicycle 0.0019 370 0 452 77
bicycle 0.0018 258 8 294 109
bottle 0.0012 343 8 359 31
bottle 0.0012 262 0 289 58
bottle 0.0010 259 3 296 87
bottle 0.0010 23 29 67 94
car 0.8693 360 37 499 155
car 0.4185 87 34 282 167
car 0.0297 90 32 400 348
car 0.0106 82 16 287 275
car 0.0101 429 14 501 159
car 0.0069 229 3 278 39
car 0.0051 121 17 136 35
car 0.0041 343 8 359 31
car 0.0039 128 9 148 28
car 0.0038 424 -1 473 41
car 0.0033 138 9 158 28
car 0.0033 169 31 279 91
car 0.0030 362 41 498 328
car 0.0029 71 31 110 60
car 0.0024 123 10 138 30
car 0.0022 344 2 372 36
car 0.0021 191 42 285 114
car 0.0021 192 53 259 78
car 0.0018 349 8 368 30
car 0.0018 128 38 152 53
car 0.0018 139 3 158 19
car 0.0017 127 4 167 32
car 0.0017 92 36 108 53
car 0.0016 81 35 99 55
car 0.0015 163 34 315 156
car 0.0014 72 19 216 138
car 0.0014 102 25 118 51
car 0.0014 360 -13 496 106
car 0.0014 116 24 160 52
car 0.0013 490 27 499 51
car 0.0012 0 31 9 63
car 0.0011 411 3 496 71
car 0.0011 130 3 149 20
car 0.0010 69 27 91 67
car 0.0010 128 18 147 34
chair 0.0204 38 90 84 190
chair 0.0129 398 199 494 342
chair 0.0121 101 219 241 375
chair 0.0037 82 36 125 164
chair 0.0031 308 54 353 99
chair 0.0020 19 46 64 102
chair 0.0014 296 20 340 105
chair 0.0013 258 8 294 109
diningtable 0.0024 357 10 499 154
dog 0.0023 398 199 494 342
motorbike 0.1371 357 10 499 154
motorbike 0.0523 90 32 400 348
motorbike 0.0495 101 18 303 142
motorbike 0.0036 82 16 287 275
motorbike 0.0017 180 7 201 45
motorbike 0.0016 69 27 91 67
motorbike 0.0014 229 3 278 39
motorbike 0.0013 85 -33 322 179
motorbike 0.0010 71 31 110 60
person 0.1026 55 18 73 77
person 0.0740 61 23 82 73
person 0.0361 187 6 204 47
person 0.0313 102 25 118 51
person 0.0291 69 27 91 67
person 0.0289 73 26 88 54
person 0.0175 93 28 109 51
person 0.0174 82 29 98 51
person 0.0155 51 25 85 93
person 0.0153 432 -2 479 40
person 0.0132 123 10 138 30
person 0.0127 114 23 125 51
person 0.0105 23 29 67 94
person 0.0099 66 24 105 100
person 0.0072 128 9 148 28
person 0.0070 64 23 79 53
person 0.0064 152 6 164 31
person 0.0056 57 21 70 53
person 0.0054 121 17 136 35
person 0.0054 259 3 296 87
person 0.0052 179 2 201 41
person 0.0046 262 0 289 58
person 0.0046 343 8 359 31
person 0.0034 112 32 123 56
person 0.0033 21 29 44 85
person 0.0032 138 9 158 28
person 0.0030 90 24 113 56
person 0.0030 103 22 117 41
person 0.0028 76 30 103 61
person 0.0028 0 31 9 63
person 0.0028 182 12 197 42
person 0.0025 159 8 173 30
person 0.0024 490 27 499 51
person 0.0022 230 3 259 38
person 0.0022 79 27 123 140
person 0.0020 114 20 127 39
person 0.0020 98 26 121 63
person 0.0020 479 29 495 47
person 0.0015 152 18 163 33
person 0.0014 233 2 286 78
person 0.0014 44 22 66 75
person 0.0012 130 3 149 20
person 0.0011 345 7 372 45
person 0.0011 75 19 87 43
person 0.0011 120 25 137 47
person 0.0010 457 29 474 42
person 0.0010 139 3 158 19
pottedplant 0.1445 23 29 67 94
pottedplant 0.0812 258 8 294 109
pottedplant 0.0186 472 -2 500 43
pottedplant 0.0080 262 16 286 78
pottedplant 0.0068 383 18 433 59
pottedplant 0.0065 370 0 452 77
pottedplant 0.0063 383 1 433 36
pottedplant 0.0051 51 25 85 93
pottedplant 0.0029 5 8 57 88
pottedplant 0.0026 271 14 292 80
pottedplant 0.0022 486 3 502 57
pottedplant 0.0019 40 29 65 85
pottedplant 0.0019 21 29 44 85
pottedplant 0.0016 233 2 286 78
pottedplant 0.0014 243 -6 305 133
pottedplant 0.0013 11 40 85 107
pottedplant 0.0013 490 15 500 46
pottedplant 0.0012 257 -2 296 59
pottedplant 0.0011 395 10 438 47
pottedplant 0.0010 0 12 13 67
