aeroplane 0.0072 0 -5 498 320
bottle 0.0022 95 25 483 361
bus 0.0026 144 40 499 392
car 0.9708 4 16 496 370
car 0.0167 2 26 261 357
car 0.0087 154 116 491 389
car 0.0071 0 23 8 54
car 0.0040 0 73 46 118
car 0.0038 20 8 480 206
car 0.0035 0 56 30 141
car 0.0031 29 19 107 101
car 0.0029 -4 27 62 99
car 0.0025 0 23 26 75
car 0.0020 108 19 152 56
car 0.0019 0 22 12 75
car 0.0018 0 60 24 210
car 0.0018 2 33 42 81
car 0.0014 -1 66 44 170
car 0.0014 0 25 58 332
horse 0.0010 0 41 46 121
motorbike 0.0961 0 -5 498 320
motorbike 0.0021 0 41 46 121
motorbike 0.0011 33 32 65 118
person 0.6512 58 9 101 83
person 0.4540 33 21 65 106
person 0.1435 -2 68 27 124
person 0.1414 95 15 124 61
person 0.0761 -1 62 13 128
person 0.0742 148 15 168 37
person 0.0627 31 21 52 92
person 0.0608 125 16 149 55
person 0.0489 0 63 28 173
person 0.0448 0 59 44 136
person 0.0386 29 19 107 101
person 0.0363 130 15 145 41
person 0.0343 3 24 49 101
person 0.0340 23 29 43 86
person 0.0290 115 17 162 54
person 0.0246 50 18 70 94
person 0.0185 91 22 146 67
person 0.0159 117 13 143 48
person 0.0120 105 17 132 59
person 0.0116 88 18 131 93
person 0.0113 132 6 145 33
person 0.0112 29 15 56 62
person 0.0107 0 23 26 75
person 0.0101 141 13 174 41
person 0.0097 77 21 126 69
person 0.0095 12 29 35 85
person 0.0091 146 12 171 58
person 0.0089 120 17 140 40
person 0.0084 0 23 8 54
person 0.0081 0 17 29 112
person 0.0072 0 83 45 122
person 0.0062 -2 54 25 102
person 0.0054 111 17 128 40
person 0.0051 67 4 93 54
person 0.0049 70 12 143 77
person 0.0048 20 70 47 118
person 0.0047 140 18 160 37
person 0.0045 128 23 146 47
person 0.0043 95 25 483 361
person 0.0042 0 22 12 75
person 0.0038 38 55 64 111
person 0.0037 9 72 38 118
person 0.0037 -1 85 7 122
person 0.0034 119 10 170 70
person 0.0032 9 16 34 61
person 0.0031 100 19 120 39
person 0.0028 22 16 47 63
person 0.0023 20 49 44 101
person 0.0023 -2 77 9 147
person 0.0023 122 10 140 29
person 0.0023 49 16 74 63
person 0.0021 0 71 44 202
person 0.0021 -1 47 19 264
person 0.0019 0 38 7 73
person 0.0018 20 23 64 73
person 0.0015 81 12 120 49
person 0.0014 0 33 11 99
person 0.0013 2 26 22 49
person 0.0013 33 25 52 48
person 0.0011 7 17 90 82
person 0.0011 25 33 41 61
person 0.0011 42 27 61 47
person 0.0010 0 10 26 51
person 0.0010 25 40 40 73
person 0.0010 -4 47 60 116
person 0.0010 110 25 128 48
person 0.0010 114 12 126 30
