bicycle 0.7846 111 283 223 374
bus 0.6335 1 123 179 303
bus 0.0420 275 158 325 205
bus 0.0034 232 167 258 197
bus 0.0011 407 168 465 195
car 0.9951 292 189 423 250
car 0.8885 232 167 258 197
car 0.8447 266 160 319 205
car 0.0094 400 169 456 195
car 0.0081 288 194 357 224
car 0.0058 400 180 415 197
car 0.0057 29 205 107 310
car 0.0045 266 158 287 203
car 0.0041 230 175 276 199
car 0.0035 3 214 53 301
car 0.0031 212 177 263 198
car 0.0021 228 179 248 195
car 0.0019 268 184 374 246
car 0.0018 223 160 265 192
car 0.0015 242 167 265 192
car 0.0013 226 170 250 193
car 0.0013 393 182 409 200
car 0.0013 300 192 381 214
car 0.0012 276 169 307 206
car 0.0012 269 179 283 203
car 0.0011 241 178 265 195
car 0.0011 177 183 215 216
car 0.0010 273 179 330 219
person 0.9692 39 196 104 334
person 0.0015 42 192 91 289
train 0.0026 275 158 325 205
tvmonitor 0.0014 275 158 325 205
