aeroplane 0.0021 35 59 175 109
aeroplane 0.0011 3 58 121 112
bird 0.0022 255 325 311 366
bird 0.0015 178 304 199 327
bird 0.0010 172 302 219 332
boat 0.2087 9 58 238 165
boat 0.0364 0 68 241 303
boat 0.0130 35 59 175 109
boat 0.0092 3 58 121 112
boat 0.0077 167 65 225 107
boat 0.0052 34 66 90 106
boat 0.0046 62 67 220 123
boat 0.0044 -4 36 217 129
boat 0.0039 74 66 145 106
boat 0.0031 96 57 227 108
boat 0.0026 44 61 99 94
boat 0.0024 258 100 308 129
boat 0.0019 163 80 212 109
boat 0.0019 179 82 233 108
boat 0.0018 292 108 333 138
boat 0.0017 77 77 246 196
boat 0.0013 -4 -5 221 234
boat 0.0013 135 67 231 132
boat 0.0013 302 113 322 136
boat 0.0013 165 90 227 119
boat 0.0011 282 103 324 131
boat 0.0010 27 76 77 110
boat 0.0010 270 107 317 139
boat 0.0010 70 81 130 108
bottle 0.0133 333 201 349 222
bottle 0.0046 346 163 355 199
bottle 0.0042 437 123 456 146
bottle 0.0037 429 122 446 147
bottle 0.0035 342 201 360 223
bottle 0.0032 172 302 219 332
bottle 0.0026 351 201 367 224
bottle 0.0021 437 98 454 115
bottle 0.0017 326 200 340 219
bottle 0.0016 343 114 358 136
bottle 0.0015 419 165 437 219
bottle 0.0011 314 164 325 188
bottle 0.0010 448 123 464 146
chair 0.0033 463 113 486 154
chair 0.0029 484 106 501 162
chair 0.0027 476 109 497 156
chair 0.0020 419 170 436 229
chair 0.0015 487 185 500 256
chair 0.0013 404 115 429 153
chair 0.0012 299 109 325 138
chair 0.0011 476 85 496 142
chair 0.0011 51 58 195 108
chair 0.0011 333 201 349 222
chair 0.0010 0 72 25 118
person 0.0072 346 163 355 199
person 0.0038 419 165 437 219
person 0.0014 425 166 443 219
person 0.0014 429 122 446 147
person 0.0013 302 113 322 136
person 0.0012 333 201 349 222
person 0.0010 413 159 446 238
person 0.0010 423 168 434 197
pottedplant 0.3630 252 322 336 373
pottedplant 0.2221 395 115 421 153
pottedplant 0.2161 404 115 429 153
pottedplant 0.1799 415 215 440 243
pottedplant 0.1572 377 116 403 151
pottedplant 0.1431 386 116 412 151
pottedplant 0.1037 180 305 232 347
pottedplant 0.0983 433 119 459 149
pottedplant 0.0803 359 108 399 141
pottedplant 0.0779 417 180 436 239
pottedplant 0.0693 429 122 446 147
pottedplant 0.0596 172 302 219 332
pottedplant 0.0531 333 201 349 222
pottedplant 0.0452 366 116 395 150
pottedplant 0.0441 350 118 389 148
pottedplant 0.0422 350 114 369 136
pottedplant 0.0413 379 113 399 138
pottedplant 0.0394 419 165 437 219
pottedplant 0.0357 349 122 369 143
pottedplant 0.0321 413 159 446 238
pottedplant 0.0317 463 113 486 154
pottedplant 0.0269 378 110 417 141
pottedplant 0.0248 358 123 382 143
pottedplant 0.0237 369 112 391 137
pottedplant 0.0226 331 113 352 135
pottedplant 0.0209 342 201 360 223
pottedplant 0.0201 252 324 297 366
pottedplant 0.0199 343 114 358 136
pottedplant 0.0162 358 113 381 135
pottedplant 0.0159 407 131 426 151
pottedplant 0.0153 399 131 417 152
pottedplant 0.0146 476 109 497 156
pottedplant 0.0144 388 114 409 138
pottedplant 0.0140 414 115 439 153
pottedplant 0.0138 389 132 408 151
pottedplant 0.0138 351 201 367 224
pottedplant 0.0135 379 133 400 151
pottedplant 0.0125 340 110 381 139
pottedplant 0.0122 484 106 501 162
pottedplant 0.0115 343 121 358 143
pottedplant 0.0112 409 220 431 240
pottedplant 0.0108 399 114 418 138
pottedplant 0.0099 339 195 364 227
pottedplant 0.0097 467 129 482 156
pottedplant 0.0096 322 109 360 138
pottedplant 0.0089 419 121 435 146
pottedplant 0.0089 476 85 496 142
pottedplant 0.0087 455 116 479 151
pottedplant 0.0069 396 110 437 143
pottedplant 0.0069 457 132 475 153
pottedplant 0.0068 418 209 436 235
pottedplant 0.0067 343 162 357 201
pottedplant 0.0067 458 122 475 146
pottedplant 0.0066 448 123 464 146
pottedplant 0.0065 272 328 331 364
pottedplant 0.0062 331 196 353 225
pottedplant 0.0062 302 113 322 136
pottedplant 0.0060 429 131 444 151
pottedplant 0.0057 347 195 371 228
pottedplant 0.0056 467 118 482 148
pottedplant 0.0052 388 126 428 158
pottedplant 0.0052 408 114 427 137
pottedplant 0.0049 425 170 444 229
pottedplant 0.0049 330 122 351 141
pottedplant 0.0048 425 157 468 242
pottedplant 0.0048 448 132 464 152
pottedplant 0.0045 436 131 455 151
pottedplant 0.0043 378 108 398 126
pottedplant 0.0042 408 179 430 238
pottedplant 0.0041 425 220 446 240
pottedplant 0.0040 304 172 323 189
pottedplant 0.0040 203 152 229 190
pottedplant 0.0035 344 113 445 152
pottedplant 0.0035 432 180 458 239
pottedplant 0.0035 366 189 392 234
pottedplant 0.0034 422 174 434 209
pottedplant 0.0033 433 210 460 246
pottedplant 0.0032 313 169 328 193
pottedplant 0.0032 311 113 329 135
pottedplant 0.0031 358 107 380 126
pottedplant 0.0030 368 107 389 127
pottedplant 0.0029 328 114 354 149
pottedplant 0.0029 326 200 340 219
pottedplant 0.0028 425 125 465 158
pottedplant 0.0028 347 103 390 131
pottedplant 0.0028 443 118 468 151
pottedplant 0.0027 304 122 319 141
pottedplant 0.0026 221 157 267 187
pottedplant 0.0025 185 305 208 328
pottedplant 0.0024 419 131 434 151
pottedplant 0.0024 385 185 412 235
pottedplant 0.0024 292 108 333 138
pottedplant 0.0024 437 98 454 115
pottedplant 0.0023 334 209 349 225
pottedplant 0.0022 370 127 407 156
pottedplant 0.0022 475 75 497 115
pottedplant 0.0022 485 69 499 141
pottedplant 0.0020 487 185 500 256
pottedplant 0.0020 329 102 425 144
pottedplant 0.0020 408 203 444 240
tvmonitor 0.0155 416 219 439 240
tvmonitor 0.0014 292 102 332 132
tvmonitor 0.0012 331 113 352 135
tvmonitor 0.0011 437 123 456 146
