aeroplane 0.0011 102 168 158 191
bicycle 0.0060 146 138 357 265
bicycle 0.0023 197 183 321 252
bicycle 0.0016 204 200 393 262
bicycle 0.0012 111 168 167 190
bird 0.0093 377 207 421 249
bird 0.0013 366 204 414 234
bottle 0.0017 139 209 159 229
cat 0.0116 377 207 421 249
cat 0.0049 275 184 430 249
cat 0.0016 366 204 414 234
cow 0.0082 275 184 430 249
cow 0.0054 110 194 264 270
cow 0.0031 146 138 357 265
cow 0.0010 107 188 393 268
dog 0.1595 275 184 430 249
dog 0.0653 110 194 264 270
dog 0.0154 146 138 357 265
dog 0.0128 377 207 421 249
dog 0.0061 145 180 293 250
dog 0.0057 107 188 393 268
dog 0.0023 366 204 414 234
dog 0.0021 156 203 319 260
horse 0.8095 146 138 357 265
horse 0.2478 107 188 393 268
horse 0.0232 216 151 417 255
horse 0.0159 110 194 264 270
horse 0.0062 275 184 430 249
horse 0.0059 95 157 274 256
horse 0.0021 167 180 311 251
horse 0.0011 49 112 385 275
motorbike 0.0075 154 139 403 262
person 0.8040 174 97 332 253
person 0.0523 154 139 403 262
person 0.0102 275 184 430 249
person 0.0019 110 194 264 270
person 0.0013 491 87 500 198
person 0.0012 95 157 274 256
person 0.0010 107 188 393 268
sheep 0.0018 275 184 430 249
sheep 0.0015 154 139 403 262
sheep 0.0010 107 188 393 268
sofa 0.0014 146 138 357 265
