aeroplane 0.0013 459 208 497 297
boat 0.0043 459 208 497 297
bus 0.9089 335 221 405 290
bus 0.8247 157 222 319 285
bus 0.0788 223 226 322 279
bus 0.0125 145 219 230 280
bus 0.0049 331 228 349 294
bus 0.0026 473 232 499 289
bus 0.0024 343 233 435 297
bus 0.0023 487 221 500 300
bus 0.0023 322 232 341 289
bus 0.0021 342 247 396 291
bus 0.0020 459 208 497 297
bus 0.0020 279 239 325 278
bus 0.0015 309 233 334 287
bus 0.0014 362 226 413 285
bus 0.0013 273 227 353 278
bus 0.0012 337 227 359 296
bus 0.0010 434 254 457 269
car 0.1791 157 222 319 285
car 0.0544 459 208 497 297
car 0.0318 434 254 457 269
car 0.0131 473 243 500 297
car 0.0121 335 228 409 301
car 0.0118 456 246 494 290
car 0.0053 473 219 497 281
car 0.0052 487 221 500 300
car 0.0044 471 199 498 344
car 0.0040 427 253 448 271
car 0.0040 399 249 436 289
car 0.0039 456 226 494 274
car 0.0034 446 254 466 269
car 0.0033 423 255 468 276
car 0.0031 335 260 345 282
car 0.0026 161 257 177 280
car 0.0024 378 279 398 290
car 0.0023 445 259 467 272
car 0.0022 380 272 398 288
car 0.0022 326 267 337 283
car 0.0020 458 257 474 276
car 0.0019 401 258 415 281
car 0.0019 369 279 389 290
car 0.0016 400 267 416 288
car 0.0016 473 207 500 254
car 0.0015 489 253 499 285
car 0.0012 431 247 458 272
car 0.0012 475 272 498 386
car 0.0011 159 241 180 279
car 0.0011 397 279 420 292
car 0.0011 340 228 398 274
person 0.0093 472 211 497 374
person 0.0056 326 267 337 283
person 0.0045 469 205 500 300
person 0.0034 335 260 345 282
person 0.0034 490 246 500 348
person 0.0031 487 209 499 293
person 0.0018 401 258 415 281
person 0.0017 475 252 499 302
person 0.0016 404 248 431 289
train 0.0348 459 208 497 297
train 0.0066 335 228 409 301
train 0.0014 473 219 497 281
train 0.0010 487 209 499 293
