bicycle 0.0013 89 317 198 372
bird 0.0029 398 -101 510 144
car 0.3960 431 238 498 305
car 0.0082 489 232 499 322
car 0.0074 422 241 508 277
car 0.0039 473 231 501 310
car 0.0016 443 265 506 306
car 0.0014 443 232 507 269
car 0.0014 490 250 500 285
car 0.0013 414 213 500 333
car 0.0012 229 231 244 251
car 0.0010 489 215 500 286
chair 0.0069 83 334 135 373
chair 0.0062 84 319 164 372
chair 0.0017 153 279 175 312
chair 0.0016 116 320 144 371
chair 0.0011 98 297 148 376
person 0.0070 150 277 172 315
person 0.0049 157 283 173 310
person 0.0021 491 205 499 235
person 0.0019 490 220 500 298
person 0.0016 489 242 499 330
person 0.0015 150 296 168 315
person 0.0013 490 167 499 256
person 0.0012 154 272 176 305
pottedplant 0.0712 56 0 361 210
pottedplant 0.0410 150 277 172 315
pottedplant 0.0240 201 299 282 367
pottedplant 0.0239 126 319 207 371
pottedplant 0.0128 139 238 183 310
pottedplant 0.0080 154 272 176 305
pottedplant 0.0062 157 283 173 310
pottedplant 0.0057 125 320 151 371
pottedplant 0.0048 164 238 190 278
pottedplant 0.0038 158 210 203 301
pottedplant 0.0034 86 -10 341 370
pottedplant 0.0034 154 240 183 276
pottedplant 0.0026 271 134 297 175
pottedplant 0.0024 134 316 181 355
pottedplant 0.0023 158 247 179 268
pottedplant 0.0020 153 253 181 303
pottedplant 0.0020 150 296 168 315
pottedplant 0.0017 145 248 189 287
pottedplant 0.0017 89 292 324 383
pottedplant 0.0016 167 247 188 269
pottedplant 0.0015 135 298 186 373
pottedplant 0.0015 202 298 266 335
pottedplant 0.0015 43 -2 297 89
pottedplant 0.0015 227 15 280 44
pottedplant 0.0014 142 228 193 268
pottedplant 0.0013 204 305 227 348
pottedplant 0.0011 201 307 249 347
