bicycle 0.0135 489 302 499 386
bicycle 0.0013 478 315 500 372
bird 0.0045 489 294 499 379
cow 0.0300 489 294 499 379
cow 0.0274 476 285 499 377
dog 0.0153 489 294 499 379
dog 0.0022 476 285 499 377
dog 0.0017 -9 -95 107 137
horse 0.0220 489 294 499 379
horse 0.0065 476 285 499 377
person 0.7632 254 88 376 375
person 0.1933 161 112 276 367
person 0.0499 489 294 499 379
person 0.0029 220 109 294 365
person 0.0019 492 261 500 358
person 0.0017 476 285 499 377
person 0.0011 162 320 239 372
person 0.0010 490 304 499 347
sheep 0.0178 489 294 499 379
sheep 0.0031 476 285 499 377
