bottle 0.0035 330 195 351 244
bottle 0.0018 318 198 345 242
bottle 0.0013 204 172 267 211
chair 0.0561 161 62 324 239
chair 0.0111 -1 89 178 242
chair 0.0025 476 128 498 263
chair 0.0017 0 59 21 255
chair 0.0013 16 34 341 227
chair 0.0013 -1 64 58 251
diningtable 0.0508 106 167 480 333
diningtable 0.0031 -1 89 178 242
diningtable 0.0015 329 175 484 327
diningtable 0.0010 161 62 324 239
dog 0.0039 187 171 296 218
dog 0.0020 161 62 324 239
person 0.9869 157 26 325 222
person 0.0148 16 34 341 227
person 0.0111 187 171 296 218
person 0.0055 136 24 425 283
person 0.0035 196 152 318 210
person 0.0018 231 117 321 200
person 0.0011 232 37 323 203
person 0.0010 478 194 500 239
sofa 0.0064 -1 89 178 242
sofa 0.0034 148 25 337 276
sofa 0.0033 16 34 341 227
