bicycle 0.0013 357 115 382 150
bottle 0.0036 362 119 378 145
bottle 0.0025 357 115 382 150
bottle 0.0023 361 128 377 154
bottle 0.0020 330 236 351 277
bottle 0.0019 346 112 375 154
bottle 0.0017 175 219 260 292
bottle 0.0016 111 94 129 115
bottle 0.0015 119 92 139 115
bottle 0.0013 131 91 147 112
bottle 0.0010 278 236 292 279
bottle 0.0010 296 130 307 154
cat 0.0012 361 128 377 154
cat 0.0011 357 115 382 150
chair 0.0089 357 115 382 150
chair 0.0054 196 70 298 306
chair 0.0036 362 119 378 145
chair 0.0028 361 128 377 154
chair 0.0027 0 81 10 142
chair 0.0016 95 52 205 338
chair 0.0013 175 219 260 292
chair 0.0012 0 57 10 128
chair 0.0011 48 100 74 143
chair 0.0011 346 112 375 154
chair 0.0010 45 93 61 113
chair 0.0010 8 106 57 138
diningtable 0.0043 140 232 365 321
dog 0.0017 361 128 377 154
dog 0.0012 357 115 382 150
dog 0.0010 196 70 298 306
person 0.6702 196 73 298 272
person 0.3862 89 46 207 275
person 0.2299 257 96 399 308
person 0.0061 346 112 375 154
person 0.0037 340 111 365 151
person 0.0031 262 98 287 144
person 0.0028 119 92 139 115
person 0.0027 198 101 212 122
person 0.0026 111 94 129 115
person 0.0025 280 96 305 149
person 0.0022 357 115 382 150
person 0.0021 206 82 377 266
person 0.0020 142 82 152 108
person 0.0020 216 80 232 127
person 0.0015 131 91 147 112
person 0.0013 199 93 213 117
person 0.0012 362 119 378 145
person 0.0010 491 147 499 253
pottedplant 0.1584 277 240 364 308
pottedplant 0.1254 175 219 260 292
pottedplant 0.0477 119 92 139 115
pottedplant 0.0416 110 88 148 118
pottedplant 0.0266 111 94 129 115
pottedplant 0.0130 118 85 140 108
pottedplant 0.0127 45 93 61 113
pottedplant 0.0081 357 115 382 150
pottedplant 0.0081 18 70 44 115
pottedplant 0.0071 131 91 147 112
pottedplant 0.0064 259 229 393 324
pottedplant 0.0062 13 68 33 116
pottedplant 0.0060 140 232 365 321
pottedplant 0.0038 111 86 129 108
pottedplant 0.0034 362 119 378 145
pottedplant 0.0028 29 42 63 120
pottedplant 0.0027 385 221 443 328
pottedplant 0.0026 9 42 51 120
pottedplant 0.0024 362 113 379 134
pottedplant 0.0023 0 71 11 133
pottedplant 0.0019 0 86 9 120
pottedplant 0.0018 42 87 64 117
pottedplant 0.0017 173 190 320 317
pottedplant 0.0017 379 104 398 123
pottedplant 0.0016 126 87 152 118
pottedplant 0.0016 290 244 352 288
pottedplant 0.0015 330 236 351 277
pottedplant 0.0013 280 107 305 155
pottedplant 0.0013 370 113 388 130
pottedplant 0.0013 45 85 61 107
pottedplant 0.0012 111 103 127 118
pottedplant 0.0011 306 254 357 297
pottedplant 0.0011 370 104 388 121
pottedplant 0.0010 358 93 381 132
pottedplant 0.0010 46 100 61 123
pottedplant 0.0010 361 102 378 123
pottedplant 0.0010 378 113 399 128
sofa 0.0023 196 70 298 306
