bicycle 0.0063 144 182 443 256
bicycle 0.0052 329 185 416 239
bicycle 0.0012 75 151 431 238
bottle 0.8556 192 176 234 253
bottle 0.2254 197 175 218 232
bottle 0.1995 304 188 408 242
bottle 0.0772 232 153 315 210
bottle 0.0716 253 154 278 209
bottle 0.0651 325 193 378 231
bottle 0.0584 292 185 312 220
bottle 0.0569 318 192 343 230
bottle 0.0486 144 166 190 230
bottle 0.0447 339 192 402 231
bottle 0.0439 249 160 298 207
bottle 0.0319 252 192 384 243
bottle 0.0294 144 167 171 214
bottle 0.0205 355 181 405 223
bottle 0.0192 174 174 197 228
bottle 0.0177 222 152 261 245
bottle 0.0168 315 201 367 239
bottle 0.0159 335 202 385 236
bottle 0.0157 339 192 365 231
bottle 0.0153 229 160 243 183
bottle 0.0135 234 152 284 234
bottle 0.0134 288 193 336 228
bottle 0.0129 327 191 354 231
bottle 0.0129 222 153 266 193
bottle 0.0118 315 200 331 223
bottle 0.0115 322 200 340 223
bottle 0.0114 329 178 419 229
bottle 0.0112 152 168 201 252
bottle 0.0106 204 183 442 260
bottle 0.0094 230 158 256 202
bottle 0.0093 256 154 270 178
bottle 0.0089 218 164 370 228
bottle 0.0088 164 177 191 224
bottle 0.0087 311 187 335 221
bottle 0.0084 226 153 247 190
bottle 0.0076 257 160 273 186
bottle 0.0076 370 184 428 221
bottle 0.0069 203 176 319 246
bottle 0.0064 365 187 394 231
bottle 0.0056 256 171 309 213
bottle 0.0051 314 193 332 215
bottle 0.0049 242 153 268 208
bottle 0.0048 282 186 323 220
bottle 0.0047 338 186 383 223
bottle 0.0043 191 172 209 230
bottle 0.0038 157 172 244 252
bottle 0.0037 316 188 365 222
bottle 0.0033 223 150 235 174
bottle 0.0030 244 155 285 193
bottle 0.0030 331 200 350 223
bottle 0.0030 342 201 361 223
bottle 0.0029 200 185 214 217
bottle 0.0028 292 184 309 206
bottle 0.0027 184 171 259 236
bottle 0.0026 196 188 223 246
bottle 0.0024 311 196 337 239
bottle 0.0023 151 152 432 239
bottle 0.0023 349 202 370 222
bottle 0.0022 261 181 408 227
bottle 0.0021 153 170 179 214
bottle 0.0021 234 161 252 184
bottle 0.0019 297 201 347 238
bottle 0.0019 302 199 320 221
bottle 0.0017 193 153 291 210
bottle 0.0016 235 168 251 192
bottle 0.0015 322 209 340 229
bottle 0.0012 178 197 193 223
bottle 0.0012 149 179 166 205
bottle 0.0011 306 209 357 248
bottle 0.0010 247 156 265 176
bottle 0.0010 175 178 220 227
bottle 0.0010 341 210 360 232
car 0.0025 89 177 419 258
cat 0.0098 360 181 417 222
cat 0.0040 339 192 402 231
cat 0.0030 140 160 171 206
chair 0.0017 329 185 416 239
diningtable 0.0079 139 172 226 250
diningtable 0.0042 89 177 419 258
diningtable 0.0040 213 156 309 231
diningtable 0.0031 203 179 350 245
diningtable 0.0027 183 171 296 250
diningtable 0.0018 304 188 408 242
diningtable 0.0015 309 193 354 229
dog 0.0172 355 181 405 223
dog 0.0132 339 192 402 231
dog 0.0030 370 184 428 221
dog 0.0021 335 202 385 236
dog 0.0014 140 160 171 206
dog 0.0010 315 192 367 231
motorbike 0.0072 304 188 408 242
motorbike 0.0068 144 182 443 256
person 0.0347 329 185 416 239
person 0.0123 355 181 405 223
person 0.0074 286 192 389 244
person 0.0038 337 193 384 230
person 0.0028 151 152 432 239
person 0.0024 309 193 354 229
person 0.0020 323 202 378 238
person 0.0018 140 160 171 206
person 0.0018 249 160 298 207
person 0.0012 198 179 220 241
person 0.0011 204 183 442 260
person 0.0010 370 184 428 221
pottedplant 0.0065 304 188 408 242
pottedplant 0.0032 136 170 180 213
pottedplant 0.0022 144 182 443 256
