bottle 0.0022 190 37 204 59
bottle 0.0018 491 140 499 161
chair 0.1377 213 176 272 264
chair 0.0138 224 97 298 254
chair 0.0032 230 145 282 256
chair 0.0013 217 117 266 243
diningtable 0.0042 208 177 280 263
person 0.0246 143 106 168 160
person 0.0066 99 89 148 186
person 0.0048 147 110 165 135
person 0.0040 114 90 171 185
person 0.0034 142 97 182 179
person 0.0021 190 37 204 59
pottedplant 0.7181 266 101 363 240
pottedplant 0.0463 332 73 421 156
pottedplant 0.0266 243 89 320 228
pottedplant 0.0230 224 97 298 254
pottedplant 0.0206 337 78 379 157
pottedplant 0.0137 287 144 339 233
pottedplant 0.0112 241 90 289 183
pottedplant 0.0045 190 37 204 59
pottedplant 0.0030 244 91 313 150
pottedplant 0.0028 250 111 296 234
pottedplant 0.0019 275 175 358 240
pottedplant 0.0015 490 131 499 158
pottedplant 0.0012 242 93 354 182
pottedplant 0.0010 262 91 366 149
sofa 0.0143 358 167 494 323
sofa 0.0025 335 154 495 257
sofa 0.0018 64 74 195 194
sofa 0.0014 362 153 500 200
sofa 0.0010 326 115 496 222
tvmonitor 0.0834 64 74 195 194
tvmonitor 0.0019 340 154 497 200
tvmonitor 0.0017 142 97 182 179
tvmonitor 0.0015 344 166 491 229
