bird 0.8153 206 60 303 291
bird 0.0014 199 6 476 325
bird 0.0012 33 5 284 325
cat 0.0069 197 68 299 276
dog 0.0021 211 62 302 320
pottedplant 0.9421 13 0 260 321
pottedplant 0.7053 238 -3 492 330
pottedplant 0.2550 366 -1 496 328
pottedplant 0.1813 1 159 61 340
pottedplant 0.0339 2 14 58 265
pottedplant 0.0070 -1 239 54 331
pottedplant 0.0033 -1 69 85 360
pottedplant 0.0031 0 -2 130 338
pottedplant 0.0021 1 72 48 206
pottedplant 0.0021 161 -8 411 283
pottedplant 0.0015 0 -16 93 222
pottedplant 0.0011 -3 169 130 323
pottedplant 0.0011 0 162 30 344
pottedplant 0.0010 2 32 26 246
sheep 0.0237 199 6 476 325
sheep 0.0022 33 5 284 325
sheep 0.0010 216 92 302 321
