bicycle 0.0133 319 65 363 102
bicycle 0.0055 1 156 42 274
bicycle 0.0039 0 57 27 254
bicycle 0.0034 330 74 370 108
bicycle 0.0033 319 72 345 111
bicycle 0.0025 362 67 373 96
bicycle 0.0023 90 59 129 86
bicycle 0.0020 0 93 49 287
bicycle 0.0019 101 30 252 159
bicycle 0.0018 139 28 355 152
bicycle 0.0016 355 67 367 97
bicycle 0.0015 435 92 500 257
bicycle 0.0015 95 45 142 81
bicycle 0.0014 298 65 345 100
bicycle 0.0013 1 65 42 205
bicycle 0.0013 292 63 378 123
bicycle 0.0010 450 65 501 167
bicycle 0.0010 97 62 119 81
bicycle 0.0010 22 161 189 307
bicycle 0.0010 144 17 190 54
boat 0.0013 285 -1 428 45
bottle 0.0145 1 185 41 275
bottle 0.0104 0 110 27 277
bottle 0.0052 7 206 36 264
bottle 0.0041 0 103 12 177
bottle 0.0039 0 50 27 221
bottle 0.0030 48 163 201 304
bottle 0.0022 108 301 171 327
bottle 0.0022 10 109 35 169
bottle 0.0020 140 24 155 50
bottle 0.0017 0 111 26 170
bottle 0.0017 132 16 145 37
bottle 0.0016 131 21 144 52
bottle 0.0014 22 97 42 166
bottle 0.0012 21 198 41 258
bottle 0.0012 179 -3 262 77
bottle 0.0011 24 69 38 96
bottle 0.0011 147 26 167 46
bottle 0.0011 362 67 373 96
bottle 0.0010 0 134 9 167
car 0.0516 329 67 352 84
car 0.0262 319 65 363 102
car 0.0234 90 59 129 86
car 0.0221 453 48 477 64
car 0.0195 340 66 360 85
car 0.0169 7 48 96 190
car 0.0119 0 50 27 221
car 0.0083 331 63 368 89
car 0.0081 323 67 343 84
car 0.0056 0 61 44 172
car 0.0048 95 45 142 81
car 0.0048 26 35 108 87
car 0.0047 310 65 354 88
car 0.0045 60 35 82 51
car 0.0037 98 55 119 76
car 0.0034 0 110 27 277
car 0.0032 24 36 41 52
car 0.0030 51 35 72 51
car 0.0028 355 60 368 90
car 0.0028 450 65 501 167
car 0.0025 330 74 370 108
car 0.0024 50 32 92 58
car 0.0023 -1 51 8 78
car 0.0023 7 48 92 114
car 0.0020 445 45 485 65
car 0.0019 298 65 345 100
car 0.0019 94 55 107 77
car 0.0019 473 56 499 173
car 0.0018 472 73 500 130
car 0.0018 42 35 62 50
car 0.0017 160 0 250 74
car 0.0017 0 47 50 261
car 0.0017 399 57 498 135
car 0.0016 52 57 91 92
car 0.0015 85 60 134 104
car 0.0015 449 42 498 70
car 0.0015 59 63 151 138
car 0.0012 340 71 359 96
car 0.0012 454 92 497 130
car 0.0012 48 36 94 76
car 0.0012 91 37 129 74
car 0.0012 0 61 28 125
car 0.0012 73 59 107 88
car 0.0011 449 49 501 83
car 0.0011 371 37 484 116
car 0.0011 331 63 349 75
car 0.0010 2 64 42 103
car 0.0010 287 60 339 90
car 0.0010 437 70 500 244
car 0.0010 331 71 350 96
car 0.0010 362 61 374 90
car 0.0010 92 63 108 82
car 0.0010 296 55 376 109
chair 0.0047 179 -3 262 77
chair 0.0023 251 33 296 77
chair 0.0013 0 103 12 177
chair 0.0011 1 185 41 275
chair 0.0010 0 110 27 277
cow 0.0013 85 60 134 104
dog 0.0011 179 -3 262 77
dog 0.0010 1 185 41 275
horse 0.0026 85 60 134 104
horse 0.0025 137 69 233 157
horse 0.0013 90 59 129 86
motorbike 0.8737 47 54 461 287
motorbike 0.3818 232 51 494 277
motorbike 0.2407 324 75 491 246
motorbike 0.1919 113 28 309 157
motorbike 0.1065 95 57 253 167
motorbike 0.0599 48 163 201 304
motorbike 0.0486 40 95 306 307
motorbike 0.0402 282 39 463 218
motorbike 0.0323 319 65 363 102
motorbike 0.0223 162 34 408 144
motorbike 0.0159 11 54 178 177
motorbike 0.0151 410 97 498 249
motorbike 0.0129 90 59 129 86
motorbike 0.0127 0 57 27 254
motorbike 0.0096 147 124 439 269
motorbike 0.0096 80 10 346 230
motorbike 0.0065 338 35 477 158
motorbike 0.0061 319 72 345 111
motorbike 0.0060 94 48 123 80
motorbike 0.0053 0 61 44 172
motorbike 0.0048 1 125 42 267
motorbike 0.0046 450 65 501 167
motorbike 0.0038 2 36 197 297
motorbike 0.0037 91 74 192 159
motorbike 0.0036 329 67 352 84
motorbike 0.0032 330 74 370 108
motorbike 0.0028 439 48 501 228
motorbike 0.0024 105 -6 249 113
motorbike 0.0022 7 48 96 190
motorbike 0.0022 355 60 368 90
motorbike 0.0020 331 63 368 89
motorbike 0.0020 97 62 119 81
motorbike 0.0019 362 67 373 96
motorbike 0.0018 292 63 378 123
motorbike 0.0018 340 66 360 85
motorbike 0.0017 86 93 255 234
motorbike 0.0017 135 57 233 140
motorbike 0.0016 160 0 250 74
motorbike 0.0016 474 54 499 215
motorbike 0.0016 78 63 171 137
motorbike 0.0016 298 65 345 100
motorbike 0.0015 171 -10 319 119
motorbike 0.0013 85 60 134 104
motorbike 0.0012 0 61 28 125
motorbike 0.0011 310 65 354 88
motorbike 0.0011 103 23 184 88
motorbike 0.0010 472 73 500 130
person 0.6676 23 49 103 180
person 0.4852 118 24 140 66
person 0.3792 331 34 487 227
person 0.2114 179 -3 262 77
person 0.1962 -1 58 29 178
person 0.1792 472 53 500 114
person 0.1331 72 63 89 83
person 0.1100 355 60 368 90
person 0.1031 64 56 108 149
person 0.0806 362 61 374 90
person 0.0584 0 47 50 261
person 0.0576 139 32 155 56
person 0.0571 128 22 147 66
person 0.0520 7 46 90 258
person 0.0470 94 55 107 77
person 0.0449 0 82 26 269
person 0.0427 94 48 123 80
person 0.0374 26 50 74 154
person 0.0372 131 21 144 52
person 0.0329 80 64 99 82
person 0.0299 356 57 367 77
person 0.0279 92 63 108 82
person 0.0258 122 23 138 51
person 0.0252 108 34 134 74
person 0.0248 232 51 494 277
person 0.0229 453 53 500 142
person 0.0224 327 65 354 102
person 0.0221 97 62 119 81
person 0.0220 90 59 129 86
person 0.0217 103 37 117 55
person 0.0215 287 33 458 152
person 0.0213 0 61 26 108
person 0.0212 407 0 429 37
person 0.0212 60 56 87 93
person 0.0197 136 18 158 56
person 0.0194 340 66 360 85
person 0.0185 329 67 352 84
person 0.0165 68 58 93 89
person 0.0164 474 49 500 87
person 0.0160 473 56 499 173
person 0.0143 361 35 489 155
person 0.0141 147 34 166 53
person 0.0139 0 54 13 114
person 0.0133 105 22 143 89
person 0.0133 100 44 118 67
person 0.0131 113 28 309 157
person 0.0130 113 33 130 56
person 0.0126 120 39 137 68
person 0.0122 139 -11 283 119
person 0.0119 0 58 10 87
person 0.0112 38 66 123 159
person 0.0094 132 16 145 37
person 0.0094 111 16 135 60
person 0.0094 0 34 26 134
person 0.0091 80 56 125 144
person 0.0090 134 19 182 53
person 0.0087 -1 51 8 78
person 0.0083 59 62 102 102
person 0.0082 85 60 134 104
person 0.0078 26 63 38 87
person 0.0077 323 67 343 84
person 0.0075 483 50 502 100
person 0.0068 15 65 31 85
person 0.0068 173 2 223 74
person 0.0068 24 69 38 96
person 0.0066 142 27 170 59
person 0.0065 147 26 167 46
person 0.0063 63 62 82 85
person 0.0063 331 71 350 96
person 0.0062 2 64 22 84
person 0.0061 95 57 253 167
person 0.0060 112 41 129 67
person 0.0059 115 39 140 83
person 0.0058 319 72 345 111
person 0.0057 82 56 100 77
person 0.0057 102 27 138 64
person 0.0056 73 55 90 79
person 0.0055 340 71 359 96
person 0.0055 60 35 82 51
person 0.0055 95 43 108 69
person 0.0054 362 55 373 78
person 0.0053 116 23 160 65
person 0.0052 1 156 42 274
person 0.0048 76 59 104 88
person 0.0047 0 103 12 177
person 0.0046 0 114 10 226
person 0.0046 453 56 498 95
person 0.0045 21 61 41 104
person 0.0044 91 37 129 74
person 0.0040 15 71 31 95
person 0.0040 108 64 128 81
person 0.0040 -1 50 45 117
person 0.0039 122 17 139 38
person 0.0038 95 37 107 57
person 0.0038 76 63 106 122
person 0.0037 62 55 82 77
person 0.0036 487 59 500 87
person 0.0036 11 54 178 177
person 0.0035 465 60 489 105
person 0.0032 476 62 496 85
pottedplant 0.0036 1 185 41 275
pottedplant 0.0012 24 36 41 52
sofa 0.0018 179 -3 262 77
