bicycle 0.0011 42 19 79 140
car 0.0037 3 -3 81 162
car 0.0018 234 -2 353 53
horse 0.0012 3 -3 81 162
motorbike 0.9992 2 1 499 372
motorbike 0.0252 49 -4 449 227
motorbike 0.0241 224 -13 510 304
motorbike 0.0162 42 19 79 140
motorbike 0.0080 57 1 212 132
motorbike 0.0071 275 -11 467 94
motorbike 0.0043 366 2 494 366
motorbike 0.0039 16 -4 254 290
motorbike 0.0039 222 0 440 129
motorbike 0.0035 234 -2 353 53
motorbike 0.0030 3 -3 81 162
motorbike 0.0029 315 -12 494 232
motorbike 0.0015 0 -20 121 309
motorbike 0.0013 2 19 189 182
person 0.8231 0 -5 63 166
person 0.1566 42 5 80 120
person 0.0669 320 -5 486 147
person 0.0491 308 -18 496 313
person 0.0179 21 -1 76 95
person 0.0134 -1 -2 27 164
person 0.0077 5 -17 85 119
person 0.0063 138 5 503 372
person 0.0059 237 -2 320 51
person 0.0059 175 26 218 67
person 0.0056 346 0 443 84
person 0.0045 175 15 203 62
person 0.0045 9 31 413 337
person 0.0045 0 -25 55 336
person 0.0043 275 -11 467 94
person 0.0037 -4 -33 39 201
person 0.0036 30 6 94 154
person 0.0036 0 -3 55 95
person 0.0032 0 25 9 146
person 0.0028 238 2 254 51
person 0.0028 440 -48 498 246
person 0.0027 0 46 49 187
person 0.0025 49 49 74 119
person 0.0023 451 -12 498 62
person 0.0021 58 0 83 36
person 0.0018 -2 2 123 146
person 0.0018 245 -26 495 179
person 0.0017 0 -20 121 309
person 0.0016 175 -4 198 40
person 0.0016 479 -33 500 232
person 0.0012 375 -35 491 233
person 0.0011 24 30 70 163
person 0.0011 0 11 19 265
