aeroplane 0.9962 9 136 497 308
aeroplane 0.2303 8 169 129 281
aeroplane 0.0130 0 259 46 286
aeroplane 0.0089 441 279 489 306
aeroplane 0.0066 -1 170 254 283
aeroplane 0.0026 0 262 13 285
aeroplane 0.0022 447 260 501 308
aeroplane 0.0021 443 289 487 316
aeroplane 0.0016 457 287 477 301
aeroplane 0.0014 0 221 100 286
aeroplane 0.0013 475 249 500 298
aeroplane 0.0011 373 271 489 330
aeroplane 0.0010 1 265 25 284
bicycle 0.0059 0 259 46 286
bicycle 0.0013 2 271 23 286
bird 0.0038 8 169 129 281
boat 0.0017 475 253 497 315
boat 0.0012 488 262 499 286
car 0.0099 1 265 25 284
car 0.0090 469 294 484 309
car 0.0056 0 262 13 285
car 0.0052 478 293 490 310
car 0.0048 456 293 478 308
car 0.0045 443 289 487 316
car 0.0031 0 269 11 290
car 0.0031 457 287 477 301
car 0.0024 433 289 480 333
car 0.0023 63 267 81 278
car 0.0022 70 266 91 279
car 0.0014 446 293 465 310
car 0.0014 468 286 486 303
car 0.0013 447 286 466 299
car 0.0010 44 273 57 286
horse 0.0032 8 169 129 281
motorbike 0.0038 -1 260 29 286
motorbike 0.0014 2 271 23 286
person 0.0104 124 279 136 305
person 0.0053 469 294 484 309
person 0.0040 437 287 457 333
person 0.0039 1 265 25 284
person 0.0037 478 293 490 310
person 0.0030 123 270 136 296
person 0.0025 104 298 116 321
person 0.0020 44 273 57 286
person 0.0016 443 288 468 334
person 0.0015 0 262 13 285
person 0.0014 129 279 145 306
person 0.0013 12 264 32 284
person 0.0012 111 265 128 283
train 0.0013 450 277 499 310
