bird 0.0034 232 203 332 377
bottle 0.0034 426 178 468 224
bottle 0.0012 23 228 42 288
cat 0.2034 229 177 334 372
cat 0.0045 256 198 338 275
cat 0.0033 255 230 337 319
cat 0.0030 253 145 342 324
cat 0.0016 259 233 309 349
chair 0.0180 214 153 351 368
chair 0.0170 138 141 230 391
chair 0.0140 254 212 340 367
chair 0.0080 337 194 382 268
chair 0.0045 343 197 378 243
chair 0.0027 223 220 419 374
chair 0.0027 323 192 394 325
chair 0.0027 155 228 354 371
chair 0.0026 443 284 500 374
chair 0.0014 44 234 213 375
chair 0.0010 439 206 500 380
diningtable 0.0012 223 220 419 374
dog 0.1161 229 177 334 372
dog 0.0058 256 198 338 275
dog 0.0052 253 145 342 324
dog 0.0027 255 230 337 319
dog 0.0012 261 215 307 332
person 0.6525 137 127 231 380
person 0.3544 221 150 339 363
person 0.0973 215 116 261 193
person 0.0353 116 128 311 373
person 0.0331 205 137 286 373
person 0.0308 250 122 342 308
person 0.0189 254 212 340 367
person 0.0176 228 104 402 371
person 0.0056 51 148 226 376
person 0.0050 252 118 308 198
person 0.0050 176 114 335 253
person 0.0049 256 198 338 275
person 0.0025 147 47 362 349
person 0.0021 182 133 260 348
person 0.0018 439 206 500 380
person 0.0014 210 91 309 231
person 0.0012 136 142 222 213
pottedplant 0.9357 17 168 92 228
pottedplant 0.2047 4 242 93 378
pottedplant 0.0373 0 286 29 372
pottedplant 0.0307 196 9 280 156
pottedplant 0.0264 3 233 172 376
pottedplant 0.0258 24 164 101 310
pottedplant 0.0223 36 233 67 284
pottedplant 0.0208 -1 265 48 367
pottedplant 0.0165 11 220 90 289
pottedplant 0.0156 330 247 387 341
pottedplant 0.0145 19 165 44 220
pottedplant 0.0125 -5 187 125 362
pottedplant 0.0108 426 178 468 224
pottedplant 0.0102 127 158 165 238
pottedplant 0.0095 69 173 94 227
pottedplant 0.0090 20 280 78 371
pottedplant 0.0084 175 9 327 202
pottedplant 0.0069 16 169 36 228
pottedplant 0.0059 45 174 98 224
pottedplant 0.0055 28 220 77 323
pottedplant 0.0049 23 228 42 288
pottedplant 0.0046 322 189 394 359
pottedplant 0.0035 136 179 163 225
pottedplant 0.0031 5 218 47 330
pottedplant 0.0031 -1 197 24 353
pottedplant 0.0030 194 4 276 81
pottedplant 0.0029 64 218 101 330
pottedplant 0.0029 4 312 96 375
pottedplant 0.0025 39 224 92 359
pottedplant 0.0023 13 136 94 255
pottedplant 0.0022 105 131 243 242
pottedplant 0.0022 80 164 167 233
pottedplant 0.0021 27 167 57 218
pottedplant 0.0021 80 91 168 261
pottedplant 0.0016 128 187 154 234
pottedplant 0.0016 66 251 106 369
pottedplant 0.0014 22 184 44 233
pottedplant 0.0014 119 -3 311 303
pottedplant 0.0014 200 -5 358 316
pottedplant 0.0014 214 109 262 178
pottedplant 0.0014 13 170 49 251
pottedplant 0.0014 16 189 68 230
pottedplant 0.0013 -2 194 64 356
pottedplant 0.0011 34 187 88 232
pottedplant 0.0011 297 145 338 249
pottedplant 0.0011 32 164 89 202
pottedplant 0.0011 334 194 384 312
pottedplant 0.0010 11 165 71 203
pottedplant 0.0010 37 167 68 218
sheep 0.0011 232 203 332 377
sofa 0.0147 158 126 352 379
sofa 0.0036 138 141 230 391
sofa 0.0016 220 134 414 374
sofa 0.0011 211 217 353 376
sofa 0.0011 17 84 484 421
