bicycle 0.0022 290 37 317 104
car 0.0013 0 40 61 80
horse 0.9966 66 32 254 193
horse 0.0365 117 79 291 181
horse 0.0278 290 37 317 104
horse 0.0060 76 29 200 132
horse 0.0049 42 -27 318 195
horse 0.0031 287 18 318 151
horse 0.0015 64 31 125 89
horse 0.0013 62 17 126 157
motorbike 0.0036 290 37 317 104
person 0.9762 129 8 175 116
person 0.8836 291 23 317 98
person 0.0707 78 3 231 176
person 0.0323 165 6 197 68
person 0.0160 85 41 316 188
person 0.0136 86 19 184 98
person 0.0058 301 33 320 111
person 0.0044 132 4 171 71
person 0.0040 109 31 177 142
person 0.0037 287 18 318 151
person 0.0032 291 29 305 78
person 0.0024 127 48 179 98
person 0.0020 137 3 195 47
