bottle 0.9985 107 -4 270 329
bottle 0.9959 259 -7 422 327
bottle 0.0159 404 79 497 318
bottle 0.0072 328 1 415 168
bottle 0.0033 253 5 274 72
bottle 0.0027 255 -4 424 157
bottle 0.0020 201 -7 271 327
bottle 0.0015 0 -22 17 221
bottle 0.0014 413 94 497 178
bottle 0.0014 118 61 212 334
bottle 0.0012 95 9 126 156
bottle 0.0011 325 -47 415 283
bottle 0.0011 483 75 499 355
bottle 0.0010 99 -1 266 154
car 0.0011 404 79 497 318
diningtable 0.0263 -12 257 511 367
diningtable 0.0017 78 160 508 360
person 0.0054 408 38 501 244
person 0.0019 -1 -87 53 323
person 0.0016 0 -80 28 315
person 0.0010 413 94 497 178
