bicycle 0.0107 112 141 136 187
bicycle 0.0014 123 144 143 185
car 0.0020 163 137 203 165
car 0.0012 136 129 171 155
cow 0.9099 147 157 203 245
cow 0.6117 244 158 342 284
cow 0.4495 110 134 138 184
cow 0.1311 138 131 168 169
cow 0.1276 162 138 203 177
cow 0.1231 121 136 145 183
cow 0.0725 180 137 223 177
cow 0.0559 307 193 358 276
cow 0.0555 134 135 154 181
cow 0.0387 151 135 195 165
cow 0.0384 151 147 194 186
cow 0.0339 146 134 210 191
cow 0.0137 188 141 213 189
cow 0.0122 105 127 130 177
cow 0.0104 169 141 212 224
cow 0.0095 324 188 367 263
cow 0.0066 138 137 188 176
cow 0.0060 162 129 204 156
cow 0.0055 176 137 209 167
cow 0.0051 153 133 170 148
cow 0.0050 140 132 166 148
cow 0.0045 125 137 164 177
cow 0.0044 141 141 189 225
cow 0.0039 168 140 200 159
cow 0.0035 243 158 303 257
cow 0.0033 105 125 143 159
cow 0.0027 121 127 169 157
cow 0.0025 111 130 155 173
cow 0.0025 186 140 234 191
cow 0.0023 138 141 150 175
cow 0.0017 177 144 206 188
cow 0.0017 153 138 170 159
cow 0.0016 160 140 189 157
cow 0.0014 190 141 214 160
cow 0.0012 192 144 211 172
cow 0.0010 155 171 208 222
cow 0.0010 154 157 209 195
cow 0.0010 169 133 198 148
dog 0.0068 110 134 138 184
dog 0.0047 243 164 356 283
dog 0.0036 138 131 168 169
dog 0.0022 162 138 203 177
dog 0.0018 121 136 145 183
dog 0.0018 180 137 223 177
dog 0.0011 151 143 204 231
horse 0.2152 110 134 138 184
horse 0.0732 147 157 203 245
horse 0.0470 121 136 145 183
horse 0.0451 139 132 164 181
horse 0.0411 180 137 223 177
horse 0.0410 162 138 203 177
horse 0.0176 134 135 154 181
horse 0.0069 151 147 194 186
horse 0.0056 188 141 213 189
horse 0.0041 151 135 195 165
horse 0.0039 146 134 210 191
horse 0.0022 105 127 130 177
horse 0.0014 186 140 234 191
horse 0.0013 138 137 188 176
horse 0.0011 136 129 171 155
motorbike 0.0015 112 141 136 187
person 0.0070 110 134 138 184
person 0.0039 188 137 215 177
person 0.0025 121 136 145 183
person 0.0021 139 132 164 181
person 0.0010 134 135 154 181
sheep 0.6241 244 158 342 284
sheep 0.1172 308 184 358 267
sheep 0.0457 163 137 203 165
sheep 0.0445 138 131 168 169
sheep 0.0340 110 134 138 184
sheep 0.0226 153 140 193 176
sheep 0.0177 151 143 204 231
sheep 0.0123 121 136 145 183
sheep 0.0058 134 135 154 181
sheep 0.0054 170 137 213 178
sheep 0.0050 105 127 130 177
sheep 0.0038 153 133 170 148
sheep 0.0038 189 138 230 176
sheep 0.0036 325 197 367 271
sheep 0.0033 140 132 166 148
sheep 0.0032 138 141 150 175
sheep 0.0031 243 158 303 257
sheep 0.0028 153 138 170 159
sheep 0.0026 160 140 189 157
sheep 0.0022 157 146 206 188
sheep 0.0020 180 140 206 160
sheep 0.0017 109 140 124 177
sheep 0.0013 105 125 143 159
sheep 0.0013 291 158 366 279
sheep 0.0011 192 144 211 172
sheep 0.0010 190 141 214 160
sheep 0.0010 169 133 198 148
sheep 0.0010 127 141 142 177
