cat 0.0144 344 216 475 280
chair 0.2121 5 -31 509 354
chair 0.0771 4 65 128 175
chair 0.0214 110 135 388 321
chair 0.0038 83 40 428 307
diningtable 0.0041 4 65 128 175
dog 0.9517 69 -22 508 250
dog 0.9377 118 121 385 306
dog 0.1139 344 216 475 280
dog 0.0200 333 192 492 301
dog 0.0061 72 13 430 151
dog 0.0037 0 65 182 176
dog 0.0023 152 78 488 326
dog 0.0020 73 67 270 174
dog 0.0013 191 139 456 270
person 0.0305 10 -33 506 290
person 0.0029 48 -22 467 154
person 0.0012 4 65 128 175
person 0.0010 73 -12 170 171
sofa 0.4047 5 -31 509 354
sofa 0.0103 77 126 375 300
sofa 0.0093 4 65 128 175
sofa 0.0020 41 -12 478 189
