bicycle 0.0290 138 3 180 87
bicycle 0.0167 253 150 345 284
bicycle 0.0011 135 56 341 340
bicycle 0.0011 325 51 496 182
bottle 0.0095 253 150 345 284
bottle 0.0017 442 64 497 335
bottle 0.0011 133 16 146 41
chair 0.0186 138 3 180 87
chair 0.0094 131 57 344 370
chair 0.0022 130 72 264 315
chair 0.0012 122 11 171 105
chair 0.0011 442 64 497 335
chair 0.0010 253 150 345 284
diningtable 0.0044 326 75 498 208
diningtable 0.0016 131 57 344 370
motorbike 0.0014 253 150 345 284
person 0.9899 128 57 266 368
person 0.0012 340 -2 382 42
pottedplant 0.2672 441 137 499 372
pottedplant 0.0083 450 150 500 285
pottedplant 0.0046 138 3 180 87
pottedplant 0.0042 408 66 502 329
pottedplant 0.0013 122 11 171 105
pottedplant 0.0013 253 150 345 284
pottedplant 0.0011 144 5 171 68
pottedplant 0.0010 477 118 500 313
pottedplant 0.0010 127 13 152 60
