bicycle 0.0144 254 -3 346 80
bicycle 0.0026 1 52 43 225
bicycle 0.0012 311 -1 354 77
bicycle 0.0012 136 77 177 205
bicycle 0.0011 290 -6 344 63
bicycle 0.0010 65 10 105 103
car 0.0406 0 8 45 222
car 0.0171 291 24 440 198
car 0.0166 132 9 430 293
car 0.0045 1 38 27 277
car 0.0040 62 -1 194 149
car 0.0025 216 -9 362 83
car 0.0018 31 2 71 84
car 0.0017 1 0 41 93
car 0.0014 28 22 178 189
car 0.0014 325 8 487 292
car 0.0014 85 -2 167 55
car 0.0011 122 4 314 128
car 0.0010 324 6 475 139
car 0.0010 90 19 169 206
horse 0.0017 65 10 105 103
horse 0.0011 0 8 45 344
motorbike 0.9988 110 54 413 380
motorbike 0.0825 130 1 377 228
motorbike 0.0620 0 24 46 244
motorbike 0.0221 226 13 429 271
motorbike 0.0219 254 -3 346 80
motorbike 0.0074 0 -9 32 359
motorbike 0.0072 107 54 177 209
motorbike 0.0068 154 3 345 121
motorbike 0.0065 294 46 435 233
motorbike 0.0043 136 77 177 205
motorbike 0.0042 31 2 71 84
motorbike 0.0037 65 10 105 103
motorbike 0.0025 0 72 21 325
motorbike 0.0020 253 0 399 128
motorbike 0.0020 146 3 215 234
motorbike 0.0015 38 13 90 101
motorbike 0.0014 330 18 486 346
motorbike 0.0012 -2 105 51 363
motorbike 0.0011 311 -1 354 77
person 0.9815 86 0 170 197
person 0.9164 0 -11 44 214
person 0.5581 159 1 206 80
person 0.4934 388 1 440 81
person 0.4389 403 -4 497 323
person 0.2139 66 1 102 89
person 0.0697 1 0 41 93
person 0.0445 185 -1 207 58
person 0.0411 67 -2 94 57
person 0.0391 162 2 192 55
person 0.0279 1 24 30 251
person 0.0264 148 -1 189 43
person 0.0235 391 8 443 141
person 0.0157 124 -1 394 304
person 0.0152 446 -6 496 59
person 0.0140 411 -9 496 178
person 0.0129 124 7 197 193
person 0.0126 107 54 177 209
person 0.0124 31 2 71 84
person 0.0100 42 -1 92 85
person 0.0088 146 3 215 234
person 0.0078 173 1 201 55
person 0.0076 460 -2 488 42
person 0.0066 381 -8 448 207
person 0.0064 402 0 430 40
person 0.0054 455 3 479 51
person 0.0052 7 -11 81 214
person 0.0051 166 0 188 18
person 0.0049 173 10 214 103
person 0.0049 164 -1 208 40
person 0.0047 405 -2 446 61
person 0.0046 81 0 169 78
person 0.0045 55 -10 120 176
person 0.0043 158 6 177 64
person 0.0042 179 0 196 20
person 0.0041 160 14 205 133
person 0.0038 188 4 206 29
person 0.0037 409 42 447 151
person 0.0036 192 -3 216 39
person 0.0034 157 0 179 17
person 0.0034 148 0 168 19
person 0.0032 470 -4 498 45
person 0.0032 416 1 495 77
person 0.0027 73 0 126 85
person 0.0027 65 12 107 141
person 0.0027 163 -3 190 27
person 0.0025 102 -4 182 58
person 0.0023 136 77 177 205
person 0.0022 0 72 21 325
person 0.0020 330 18 486 346
person 0.0019 137 -4 179 26
person 0.0019 -1 55 49 373
person 0.0019 30 3 104 197
person 0.0018 384 4 433 50
person 0.0017 167 6 187 27
person 0.0017 443 14 470 58
person 0.0016 68 -3 111 43
person 0.0016 146 12 191 103
person 0.0015 447 -3 497 120
person 0.0014 425 38 467 76
person 0.0014 354 1 446 129
person 0.0013 457 6 475 31
person 0.0013 253 0 303 80
person 0.0012 160 13 176 41
person 0.0012 32 4 65 152
person 0.0012 414 102 499 398
person 0.0012 226 13 429 271
person 0.0012 196 4 212 29
person 0.0012 33 22 52 89
person 0.0011 1 -1 27 44
person 0.0011 9 0 35 58
person 0.0011 68 -2 145 56
person 0.0011 456 26 474 48
person 0.0011 429 -3 479 58
person 0.0011 100 16 151 180
person 0.0010 195 0 215 21
person 0.0010 426 6 482 111
person 0.0010 473 -7 501 93
person 0.0010 30 17 104 97
