bottle 0.0010 127 46 149 84
chair 0.0264 405 173 488 289
chair 0.0017 287 186 386 320
chair 0.0010 442 185 489 289
diningtable 0.0041 387 169 491 292
person 0.0355 65 23 306 177
person 0.0030 94 60 121 106
person 0.0020 132 12 231 70
person 0.0013 94 2 303 121
person 0.0012 89 54 129 94
person 0.0012 252 38 276 90
person 0.0012 118 1 245 52
person 0.0010 91 122 105 143
sofa 0.0048 387 169 491 292
tvmonitor 0.9957 59 15 310 233
tvmonitor 0.5093 318 103 355 201
tvmonitor 0.0252 1 4 86 240
tvmonitor 0.0109 318 103 348 164
tvmonitor 0.0085 0 -3 20 240
tvmonitor 0.0052 320 148 361 195
tvmonitor 0.0040 212 19 306 187
tvmonitor 0.0039 68 5 299 117
tvmonitor 0.0016 404 149 469 171
tvmonitor 0.0013 488 200 500 277
tvmonitor 0.0013 72 -2 211 47
tvmonitor 0.0012 303 105 344 197
tvmonitor 0.0011 279 22 312 173
