aeroplane 0.0050 0 -1 501 375
aeroplane 0.0030 455 319 500 415
bicycle 0.0066 454 229 481 288
bird 0.0010 454 229 481 288
boat 0.0273 438 128 492 159
boat 0.0039 443 135 505 171
boat 0.0021 446 146 504 183
boat 0.0017 448 120 502 152
boat 0.0011 0 -1 501 375
boat 0.0010 444 120 500 196
boat 0.0010 474 138 501 187
bottle 0.0026 186 239 391 362
bottle 0.0025 302 248 415 363
bus 0.0043 45 101 122 165
car 0.1627 45 101 122 165
car 0.1254 62 105 121 145
car 0.0125 180 199 337 344
car 0.0109 0 120 11 190
car 0.0061 53 112 108 153
car 0.0057 46 134 61 156
car 0.0038 0 132 23 195
car 0.0035 296 126 311 141
car 0.0030 86 104 116 146
car 0.0028 64 253 199 372
car 0.0023 186 239 391 362
car 0.0022 24 111 115 196
car 0.0021 0 101 97 178
car 0.0021 -1 76 22 205
car 0.0016 0 134 9 171
car 0.0014 0 -1 501 375
car 0.0014 308 119 356 144
car 0.0012 312 125 330 141
car 0.0012 -5 103 357 354
car 0.0010 40 127 100 158
car 0.0010 295 119 312 135
cat 0.0022 454 229 481 288
chair 0.4606 305 252 407 343
chair 0.0240 186 239 391 362
chair 0.0053 180 199 337 344
chair 0.0039 454 229 481 288
chair 0.0038 444 120 500 196
chair 0.0022 438 128 492 159
chair 0.0021 183 271 289 356
chair 0.0017 487 143 500 201
chair 0.0014 474 125 499 229
chair 0.0013 448 141 500 250
chair 0.0011 474 149 500 193
chair 0.0011 490 158 500 187
cow 0.0195 454 229 481 288
diningtable 0.0083 186 239 391 362
diningtable 0.0010 305 260 408 351
diningtable 0.0010 180 199 337 344
dog 0.0207 454 229 481 288
horse 0.0098 454 229 481 288
motorbike 0.0014 0 130 11 197
person 0.0168 0 130 11 197
person 0.0079 1 126 22 185
person 0.0055 -1 76 22 205
person 0.0038 461 229 484 289
person 0.0025 0 139 9 222
person 0.0023 0 143 9 180
person 0.0023 12 121 30 186
person 0.0018 490 158 500 187
person 0.0014 0 99 24 173
person 0.0014 490 166 499 195
person 0.0013 0 85 44 198
person 0.0013 0 83 8 188
person 0.0013 487 143 500 201
person 0.0012 105 117 116 146
person 0.0011 265 124 279 144
person 0.0011 296 126 311 141
person 0.0010 452 220 491 289
person 0.0010 266 131 280 151
pottedplant 0.0016 490 158 500 187
pottedplant 0.0013 487 143 500 201
pottedplant 0.0010 490 166 499 195
sheep 0.0027 454 229 481 288
sheep 0.0017 455 319 500 415
sofa 0.0017 305 260 408 351
sofa 0.0012 438 128 492 159
train 0.0014 45 101 122 165
train 0.0010 77 94 209 144
tvmonitor 0.0038 190 198 370 348
tvmonitor 0.0010 96 254 190 322
tvmonitor 0.0010 64 253 199 372
