chair 0.0069 19 122 78 336
chair 0.0024 13 185 423 357
chair 0.0019 23 118 62 258
chair 0.0010 0 284 51 364
person 0.3261 80 204 485 346
person 0.0116 22 116 60 234
person 0.0114 29 171 330 363
person 0.0014 0 284 498 369
person 0.0014 19 116 79 269
person 0.0011 25 122 56 161
pottedplant 0.6252 317 29 421 191
pottedplant 0.0084 326 38 389 147
sofa 0.9972 -8 206 507 361
sofa 0.0157 53 287 515 365
sofa 0.0016 20 139 415 340
sofa 0.0010 281 318 506 366
tvmonitor 0.0069 456 157 483 187
tvmonitor 0.0031 454 154 495 202
