bottle 0.0029 420 15 434 42
bottle 0.0027 451 129 462 159
bottle 0.0019 289 175 299 210
bottle 0.0017 422 124 431 148
bottle 0.0016 442 131 455 157
bottle 0.0011 412 122 423 150
bottle 0.0011 44 7 64 53
bottle 0.0011 430 15 444 42
bottle 0.0011 449 122 463 165
chair 0.9186 6 264 209 371
chair 0.9168 199 279 401 374
chair 0.0286 390 168 469 235
chair 0.0195 476 244 500 379
chair 0.0159 4 285 430 373
chair 0.0045 0 235 23 355
chair 0.0027 221 258 336 323
chair 0.0021 -9 209 222 398
chair 0.0018 0 250 10 344
chair 0.0017 490 239 501 339
chair 0.0013 0 258 23 318
chair 0.0010 452 211 498 249
person 0.0092 87 87 97 110
person 0.0055 95 88 106 108
person 0.0043 105 85 115 111
person 0.0010 422 124 431 148
pottedplant 0.0116 37 13 87 60
pottedplant 0.0039 44 11 65 63
pottedplant 0.0018 70 8 90 53
sofa 0.0442 3 277 216 376
sofa 0.0215 203 266 401 372
sofa 0.0197 390 168 469 235
tvmonitor 0.9811 213 153 290 214
tvmonitor 0.0416 390 168 469 235
tvmonitor 0.0045 452 211 498 249
tvmonitor 0.0029 293 168 377 222
