bicycle 0.6226 60 80 366 375
bicycle 0.0230 144 152 428 363
bicycle 0.0080 6 139 272 377
bicycle 0.0034 124 -29 303 327
bicycle 0.0032 251 180 401 335
bicycle 0.0017 155 136 330 314
bird 0.0010 265 186 455 337
cat 0.0085 293 49 452 230
cat 0.0020 265 186 455 337
chair 0.0020 220 87 441 365
dog 0.1078 251 180 401 335
dog 0.0167 220 87 441 365
dog 0.0019 283 153 441 313
dog 0.0011 259 223 468 375
horse 0.0014 251 180 401 335
horse 0.0012 220 87 441 365
motorbike 0.0043 60 80 366 375
person 0.7670 279 14 463 289
person 0.0054 220 87 441 365
person 0.0046 265 186 455 337
person 0.0030 282 32 358 207
person 0.0012 368 13 500 350
person 0.0012 106 86 380 372
person 0.0011 286 150 500 380
person 0.0011 289 39 340 159
person 0.0010 285 0 473 156
pottedplant 0.0171 0 246 66 377
pottedplant 0.0140 170 -23 267 188
pottedplant 0.0079 124 -29 303 327
pottedplant 0.0065 180 90 219 184
pottedplant 0.0033 1 -37 265 324
pottedplant 0.0026 168 90 203 186
pottedplant 0.0020 163 36 243 201
pottedplant 0.0014 2 158 91 389
pottedplant 0.0010 70 -1 272 147
tvmonitor 0.9142 283 0 493 222
tvmonitor 0.0051 277 -4 473 89
tvmonitor 0.0048 370 52 495 221
tvmonitor 0.0041 208 0 463 310
tvmonitor 0.0022 476 70 499 209
tvmonitor 0.0017 283 2 430 51
