aeroplane 0.0015 0 224 44 255
boat 0.0592 0 218 31 260
boat 0.0189 1 172 29 280
boat 0.0055 -2 194 27 229
boat 0.0047 0 198 44 224
boat 0.0046 -4 211 48 255
boat 0.0045 0 188 26 344
boat 0.0044 0 197 10 226
boat 0.0043 0 234 43 258
boat 0.0039 83 168 433 256
boat 0.0035 0 201 25 221
boat 0.0027 0 186 12 237
boat 0.0026 -1 209 14 269
boat 0.0026 -1 200 43 288
boat 0.0026 12 238 33 256
boat 0.0021 0 116 25 261
boat 0.0019 0 166 44 252
boat 0.0018 0 235 9 264
boat 0.0015 11 203 34 219
boat 0.0010 0 242 6 274
car 0.0010 439 202 457 220
person 0.0026 439 202 457 220
person 0.0012 446 201 464 221
train 0.9492 83 168 433 256
train 0.0261 76 127 438 304
train 0.0018 53 144 384 221
train 0.0016 84 164 318 215
train 0.0011 267 193 441 260
train 0.0011 184 183 413 237
