boat 0.0797 57 165 81 212
boat 0.0076 51 150 75 212
boat 0.0042 61 175 79 203
boat 0.0023 44 159 63 216
boat 0.0023 54 175 72 204
boat 0.0022 0 126 51 227
boat 0.0010 56 185 69 211
boat 0.0010 63 183 76 213
bus 0.0094 57 165 81 212
bus 0.0043 51 150 75 212
bus 0.0029 0 126 51 227
bus 0.0013 44 159 63 216
person 0.0145 245 146 279 243
person 0.0012 252 146 300 244
person 0.0011 44 145 61 214
train 0.9469 111 136 393 242
train 0.1082 0 126 51 227
train 0.0952 231 122 410 259
train 0.0765 107 158 264 224
train 0.0233 57 165 81 212
train 0.0135 51 139 83 215
train 0.0132 -1 90 56 290
train 0.0016 179 153 295 231
train 0.0014 178 98 450 298
train 0.0012 0 100 29 253
train 0.0010 44 159 63 216
