car 0.0017 78 111 124 141
car 0.0015 0 154 11 211
person 0.8454 22 94 63 197
person 0.5402 15 100 48 201
person 0.1016 46 99 76 188
person 0.0715 47 104 61 187
person 0.0714 64 114 79 189
person 0.0413 54 107 71 185
person 0.0381 146 20 400 339
person 0.0214 16 103 29 207
person 0.0055 34 99 54 192
person 0.0035 41 89 63 160
person 0.0029 82 110 100 180
person 0.0029 302 230 318 248
person 0.0028 9 85 81 205
person 0.0025 73 115 87 192
person 0.0020 50 95 74 158
person 0.0019 295 230 310 246
person 0.0018 65 108 99 205
person 0.0018 -1 89 8 181
person 0.0018 1 100 28 191
person 0.0017 162 168 174 197
person 0.0015 285 222 301 244
person 0.0015 13 140 34 202
person 0.0012 0 154 11 211
person 0.0010 208 179 224 204
person 0.0010 178 103 197 164
person 0.0010 299 213 322 252
train 0.9993 83 23 406 338
train 0.0090 89 103 195 179
train 0.0045 78 91 176 159
train 0.0027 71 69 183 220
train 0.0026 176 -4 376 290
train 0.0018 114 86 207 159
train 0.0016 65 102 155 181
train 0.0013 94 71 194 139
