bicycle 0.0636 406 141 498 367
bicycle 0.0047 234 153 284 236
bicycle 0.0019 393 153 429 246
bicycle 0.0012 145 113 412 365
bicycle 0.0010 96 132 184 322
bottle 0.0020 64 108 79 161
bottle 0.0011 172 153 201 211
motorbike 0.9974 115 153 398 371
motorbike 0.0433 406 141 498 367
motorbike 0.0120 124 144 313 309
motorbike 0.0064 96 132 184 322
motorbike 0.0024 315 95 501 367
motorbike 0.0021 90 90 240 348
motorbike 0.0012 246 151 400 310
person 0.8532 88 81 194 312
person 0.0154 162 126 202 222
person 0.0042 99 111 334 351
person 0.0023 99 86 222 228
person 0.0012 406 141 498 367
person 0.0012 172 153 201 211
person 0.0011 116 136 206 325
person 0.0010 144 102 216 286
