bicycle 0.0022 452 94 500 212
bicycle 0.0010 223 75 246 126
bottle 0.0014 223 66 246 123
bus 0.0015 448 -19 499 213
car 0.8195 392 95 441 118
car 0.2137 452 94 500 212
car 0.1004 340 98 379 123
car 0.0787 360 100 400 122
car 0.0335 367 97 393 116
car 0.0257 394 96 424 115
car 0.0141 375 97 401 115
car 0.0108 338 101 363 123
car 0.0094 315 96 348 127
car 0.0055 184 73 230 119
car 0.0054 448 -19 499 213
car 0.0049 373 99 428 120
car 0.0040 167 88 209 117
car 0.0035 222 67 246 107
car 0.0026 471 41 499 195
car 0.0025 454 37 497 164
car 0.0024 0 89 14 142
car 0.0022 474 78 500 146
car 0.0021 410 95 443 112
car 0.0017 388 96 411 113
car 0.0015 316 92 368 121
car 0.0015 201 70 251 116
car 0.0015 358 98 383 114
car 0.0013 335 93 349 117
car 0.0011 428 96 445 113
cow 0.0022 123 120 454 336
cow 0.0013 -11 42 446 355
dog 0.0013 123 120 454 336
horse 0.9774 44 76 452 335
horse 0.0405 174 11 391 331
horse 0.0014 452 73 499 204
horse 0.0012 24 54 107 181
horse 0.0011 0 95 13 149
horse 0.0010 15 55 166 194
motorbike 0.0950 452 94 500 212
motorbike 0.0057 223 66 246 123
motorbike 0.0039 184 73 230 119
motorbike 0.0030 474 78 500 146
motorbike 0.0022 471 41 499 195
motorbike 0.0014 0 89 14 142
person 0.9867 238 11 324 235
person 0.2061 452 73 499 204
person 0.1413 223 66 246 123
person 0.0839 99 22 398 323
person 0.0439 200 70 228 120
person 0.0272 471 41 499 195
person 0.0260 0 89 14 142
person 0.0192 474 78 500 146
person 0.0162 193 122 452 338
person 0.0127 218 70 235 117
person 0.0118 214 56 310 293
person 0.0095 447 -72 499 222
person 0.0095 0 95 10 131
person 0.0088 2 100 19 142
person 0.0041 490 29 499 125
person 0.0037 485 68 499 160
person 0.0033 196 67 243 127
person 0.0029 173 -7 329 278
person 0.0020 233 68 252 121
person 0.0018 478 -31 500 156
person 0.0015 23 56 106 147
person 0.0013 192 78 221 123
person 0.0012 195 68 221 107
person 0.0011 220 74 260 156
person 0.0011 476 73 499 119
person 0.0011 454 25 499 139
person 0.0010 183 73 212 116
sheep 0.0021 193 122 452 338
