bicycle 0.0086 303 246 352 324
bicycle 0.0078 271 198 292 215
bicycle 0.0067 389 186 404 210
bicycle 0.0045 412 195 423 223
bicycle 0.0026 386 186 398 212
bicycle 0.0021 441 205 451 227
bicycle 0.0012 428 209 446 224
bottle 0.0020 412 195 423 223
bus 0.0230 203 178 230 210
bus 0.0070 271 194 292 212
bus 0.0025 180 181 237 220
car 0.5406 74 204 125 253
car 0.4932 141 197 193 242
car 0.4928 202 180 231 219
car 0.4549 0 221 45 274
car 0.4349 126 205 172 250
car 0.3767 37 215 85 262
car 0.2895 271 198 292 215
car 0.1160 163 194 209 242
car 0.0669 106 207 133 251
car 0.0394 67 214 95 263
car 0.0389 389 186 404 210
car 0.0365 116 209 141 249
car 0.0351 180 181 237 220
car 0.0283 141 206 172 239
car 0.0264 64 206 119 237
car 0.0256 297 230 364 312
car 0.0193 19 217 69 261
car 0.0172 0 221 13 276
car 0.0169 310 200 336 216
car 0.0155 266 193 286 212
car 0.0147 83 213 115 257
car 0.0119 323 191 340 209
car 0.0096 312 193 334 208
car 0.0081 58 211 106 250
car 0.0080 265 195 299 217
car 0.0079 286 188 336 211
car 0.0075 183 192 206 244
car 0.0068 302 200 343 221
car 0.0060 386 186 398 212
car 0.0050 332 187 343 209
car 0.0046 291 192 313 207
car 0.0043 39 221 67 268
car 0.0030 78 203 168 253
car 0.0030 305 197 352 284
car 0.0030 234 193 252 209
car 0.0027 324 185 341 201
car 0.0027 428 209 446 224
car 0.0026 -2 232 26 278
car 0.0024 385 178 408 209
car 0.0022 0 230 10 264
car 0.0022 299 191 326 206
car 0.0022 118 217 158 252
car 0.0021 155 207 178 242
car 0.0020 332 179 345 204
car 0.0018 -1 240 11 274
car 0.0017 401 186 414 213
car 0.0017 149 188 204 218
car 0.0017 291 199 313 213
car 0.0016 285 198 299 215
car 0.0015 109 214 131 241
car 0.0014 279 194 324 220
car 0.0013 129 213 151 241
car 0.0012 136 208 164 231
car 0.0011 292 186 311 200
car 0.0010 382 176 431 209
car 0.0010 121 223 138 252
car 0.0010 0 221 28 262
car 0.0010 301 185 322 199
car 0.0010 320 185 344 215
car 0.0010 131 195 183 230
car 0.0010 285 192 301 209
car 0.0010 301 201 327 214
cow 0.0014 386 186 398 212
cow 0.0013 389 186 404 210
horse 0.0015 389 186 404 210
horse 0.0013 386 186 398 212
motorbike 0.7662 302 212 356 327
motorbike 0.0304 271 198 292 215
motorbike 0.0185 389 186 404 210
motorbike 0.0051 386 186 398 212
motorbike 0.0017 412 195 423 223
motorbike 0.0016 411 177 426 221
motorbike 0.0013 135 205 180 246
person 0.9929 302 197 354 312
person 0.0941 389 186 404 210
person 0.0831 386 186 398 212
person 0.0680 411 177 426 221
person 0.0420 442 195 452 226
person 0.0317 450 196 459 225
person 0.0306 412 195 423 223
person 0.0102 415 177 435 221
person 0.0073 271 198 292 215
person 0.0069 401 186 414 213
person 0.0060 412 178 423 205
person 0.0059 429 198 445 222
person 0.0037 266 193 286 212
person 0.0033 183 192 206 244
person 0.0031 428 209 446 224
person 0.0029 365 190 375 209
person 0.0028 446 189 461 229
person 0.0027 426 190 450 226
person 0.0025 452 187 462 217
person 0.0023 303 246 352 324
person 0.0023 332 187 343 209
person 0.0021 439 180 457 225
person 0.0018 0 221 13 276
person 0.0018 442 187 454 216
person 0.0013 418 195 433 224
person 0.0012 332 179 345 204
train 0.0016 271 194 292 212
train 0.0012 203 178 230 210
