bus 0.9999 98 57 356 300
bus 0.0069 77 190 101 236
bus 0.0029 55 194 108 232
bus 0.0024 202 79 351 284
bus 0.0019 223 172 336 224
bus 0.0018 101 96 258 277
car 0.0028 57 213 72 234
car 0.0016 386 193 409 209
car 0.0014 379 193 401 208
car 0.0012 55 194 108 232
car 0.0010 -1 202 6 235
person 0.0899 261 183 289 220
person 0.0789 224 185 244 221
person 0.0224 142 201 154 220
person 0.0218 272 188 295 228
person 0.0193 134 202 146 220
person 0.0162 273 189 292 212
person 0.0130 290 191 312 228
person 0.0126 270 183 316 220
person 0.0079 227 194 240 223
person 0.0072 279 190 305 228
person 0.0066 264 189 285 211
person 0.0062 258 190 308 226
person 0.0061 254 177 294 211
person 0.0061 250 185 280 219
person 0.0055 218 184 238 222
person 0.0039 283 189 302 213
person 0.0034 283 197 301 221
person 0.0031 264 184 287 204
person 0.0031 242 184 266 221
person 0.0030 205 182 224 221
person 0.0025 233 184 253 222
person 0.0023 -1 192 6 229
person 0.0021 253 190 276 212
person 0.0018 209 181 221 206
person 0.0016 239 191 288 225
person 0.0015 222 182 268 223
person 0.0015 265 138 278 153
person 0.0014 150 201 164 221
person 0.0013 64 219 76 235
person 0.0013 313 105 328 128
person 0.0012 203 184 249 220
person 0.0012 57 213 72 234
person 0.0010 -1 159 7 245
train 0.0023 77 190 101 236
train 0.0013 55 194 108 232
