bird 0.0017 468 146 499 256
bird 0.0014 382 150 453 193
cat 0.3617 5 109 203 163
cat 0.2622 233 121 485 211
cat 0.2159 321 142 460 204
cat 0.0688 233 129 407 190
cat 0.0356 78 101 244 155
cat 0.0314 17 79 232 171
cat 0.0248 228 119 367 175
cat 0.0176 373 138 485 193
cat 0.0166 456 145 501 256
cat 0.0047 382 150 453 193
cat 0.0045 126 112 265 162
cat 0.0017 192 75 474 195
cat 0.0016 402 143 497 213
cat 0.0015 470 116 499 246
cat 0.0014 157 140 510 255
chair 0.0303 60 14 499 317
chair 0.0071 -3 114 513 277
chair 0.0037 456 145 501 256
chair 0.0026 233 121 485 211
chair 0.0014 470 116 499 246
chair 0.0011 -2 38 53 122
chair 0.0010 17 79 232 171
dog 0.1591 5 109 203 163
dog 0.0903 17 79 232 171
dog 0.0529 233 121 485 211
dog 0.0176 78 101 244 155
dog 0.0133 321 142 460 204
dog 0.0070 225 125 379 189
dog 0.0055 456 145 501 256
dog 0.0044 181 117 340 169
dog 0.0038 126 112 265 162
dog 0.0035 382 150 453 193
dog 0.0027 373 138 485 193
dog 0.0017 192 75 474 195
dog 0.0016 470 116 499 246
dog 0.0014 61 71 359 182
person 0.0275 100 114 485 219
person 0.0140 0 31 419 250
person 0.0054 43 79 295 175
person 0.0032 470 116 499 246
person 0.0022 443 70 499 250
person 0.0016 -16 134 519 264
person 0.0016 456 145 501 256
person 0.0013 192 75 474 195
pottedplant 0.0012 456 145 501 256
sofa 0.9910 -3 -18 501 289
sofa 0.0456 50 115 537 277
sofa 0.0039 14 3 416 183
sofa 0.0018 -7 -124 516 170
sofa 0.0018 233 121 485 211
sofa 0.0016 137 37 513 234
tvmonitor 0.0020 -2 38 53 122
