bottle 0.7817 409 86 465 195
bottle 0.0604 330 -4 354 55
bottle 0.0462 305 -2 322 54
bottle 0.0285 308 0 333 50
bottle 0.0148 370 89 388 151
bottle 0.0117 337 -1 362 52
bottle 0.0104 478 209 500 262
bottle 0.0088 320 -1 345 52
bottle 0.0077 363 91 393 198
bottle 0.0073 316 0 359 63
bottle 0.0042 345 0 373 50
bottle 0.0036 481 135 500 309
bottle 0.0032 485 198 499 276
bottle 0.0018 376 72 459 212
bottle 0.0017 487 46 501 119
bottle 0.0016 326 6 373 59
bottle 0.0016 395 87 439 196
bottle 0.0015 407 76 481 243
bottle 0.0010 299 10 343 57
cat 0.9867 86 5 314 241
cat 0.0104 358 -6 496 89
cat 0.0042 407 -1 499 70
cat 0.0036 343 1 450 62
cat 0.0014 200 -19 315 234
chair 0.0031 47 22 309 350
chair 0.0015 1 5 501 374
chair 0.0015 330 -7 491 88
chair 0.0012 79 -16 337 205
diningtable 0.0118 1 5 501 374
diningtable 0.0017 65 25 337 345
dog 0.0174 359 -2 505 69
dog 0.0118 343 1 450 62
person 0.0031 79 -16 337 205
person 0.0021 320 1 436 57
person 0.0010 1 18 59 310
sheep 0.0029 358 -6 496 89
sofa 0.0010 330 -7 491 88
tvmonitor 0.0018 79 -16 337 205
tvmonitor 0.0016 0 147 60 338
