bottle 0.0015 296 182 333 288
car 0.0028 0 112 164 382
chair 0.0143 0 112 164 382
chair 0.0057 237 127 420 373
chair 0.0013 490 215 500 322
chair 0.0012 141 128 350 374
chair 0.0011 339 170 492 364
horse 0.0122 0 112 164 382
person 0.9962 6 74 161 369
person 0.9504 259 67 398 370
person 0.9026 368 58 493 371
person 0.5069 172 86 311 372
person 0.0620 142 104 220 371
person 0.0143 86 88 276 371
person 0.0083 154 85 254 316
person 0.0061 232 74 325 370
person 0.0045 491 202 500 317
person 0.0032 149 129 430 369
person 0.0027 354 33 437 364
person 0.0023 472 202 500 345
person 0.0022 440 59 498 381
person 0.0019 0 95 59 378
person 0.0018 336 67 410 373
person 0.0016 479 98 499 336
person 0.0014 457 187 497 330
person 0.0013 -1 239 8 336
person 0.0013 0 216 24 374
person 0.0012 78 87 160 382
person 0.0010 189 86 277 279
sofa 0.1116 237 127 420 373
sofa 0.0481 141 128 350 374
sofa 0.0143 340 58 488 370
sofa 0.0099 0 112 164 382
sofa 0.0037 1 105 500 398
