bus 0.9982 86 145 367 281
bus 0.0176 2 177 44 211
bus 0.0058 10 184 38 217
bus 0.0039 15 192 34 213
bus 0.0029 63 194 81 207
bus 0.0029 71 172 92 217
bus 0.0027 58 175 85 213
bus 0.0017 5 170 93 220
bus 0.0017 0 183 31 218
bus 0.0014 13 184 35 205
bus 0.0014 34 177 89 211
bus 0.0013 78 191 88 213
bus 0.0011 54 194 70 209
bus 0.0010 75 184 89 204
car 0.0124 63 194 81 207
car 0.0104 15 192 34 213
car 0.0086 3 185 43 216
car 0.0058 54 194 70 209
car 0.0056 -1 262 12 314
car 0.0049 78 191 88 213
car 0.0037 -3 267 25 309
car 0.0027 2 193 28 211
car 0.0022 -4 277 35 317
car 0.0015 -1 190 9 211
car 0.0014 13 184 35 205
car 0.0012 0 199 9 223
car 0.0012 1 235 138 381
person 0.0911 315 207 328 233
person 0.0407 312 194 332 233
person 0.0322 301 194 324 231
person 0.0291 293 192 311 230
person 0.0141 78 191 88 213
person 0.0105 305 208 320 231
person 0.0070 322 208 336 232
person 0.0062 319 192 340 234
person 0.0053 54 194 70 209
person 0.0052 323 199 338 225
person 0.0045 294 207 309 230
person 0.0040 294 187 309 217
person 0.0031 263 188 283 232
person 0.0024 63 194 81 207
person 0.0022 303 190 321 215
person 0.0019 286 199 301 226
person 0.0019 285 188 303 231
person 0.0018 286 209 299 231
person 0.0018 -1 182 9 202
person 0.0018 75 184 89 204
person 0.0015 322 190 339 213
person 0.0014 333 197 346 223
person 0.0013 313 190 330 215
person 0.0013 281 193 324 228
person 0.0011 332 208 347 230
person 0.0011 54 186 69 205
person 0.0011 15 192 34 213
person 0.0010 150 196 166 212
person 0.0010 290 201 332 236
train 0.0077 2 177 44 211
train 0.0021 7 184 58 217
train 0.0016 50 177 93 211
train 0.0013 -1 185 32 218
train 0.0012 37 189 87 212
