bicycle 0.0022 65 118 284 327
bicycle 0.0015 164 121 277 307
cat 0.0231 225 241 328 371
cat 0.0063 126 102 277 280
chair 0.9811 283 109 358 251
chair 0.9483 392 94 501 300
chair 0.5228 65 118 284 327
chair 0.0697 477 78 500 277
chair 0.0536 43 181 230 332
chair 0.0279 362 79 470 273
chair 0.0182 14 86 120 313
chair 0.0107 478 146 499 323
chair 0.0098 343 39 415 241
chair 0.0097 164 121 277 307
chair 0.0093 435 80 502 252
chair 0.0068 430 137 500 321
chair 0.0058 474 100 501 148
chair 0.0053 119 149 237 314
chair 0.0035 128 105 276 209
chair 0.0034 -3 111 208 327
chair 0.0032 125 177 288 345
chair 0.0017 452 85 500 199
chair 0.0016 3 182 137 333
chair 0.0011 366 83 416 194
chair 0.0010 484 96 502 171
cow 0.0019 225 241 328 371
diningtable 0.0450 18 122 265 326
diningtable 0.0125 4 182 198 332
diningtable 0.0060 428 86 504 283
diningtable 0.0045 395 136 499 319
diningtable 0.0036 289 110 365 250
diningtable 0.0025 85 175 260 338
diningtable 0.0019 98 104 262 282
diningtable 0.0018 94 109 387 336
diningtable 0.0012 376 75 490 257
diningtable 0.0010 224 118 358 262
diningtable 0.0010 343 39 415 241
dog 0.4995 225 241 328 371
dog 0.3037 126 102 277 280
dog 0.0032 122 115 276 194
dog 0.0024 42 146 241 316
dog 0.0018 125 177 288 345
dog 0.0018 181 108 290 258
dog 0.0010 217 137 351 294
person 0.0086 71 90 284 305
person 0.0032 128 105 276 209
pottedplant 0.0272 75 17 131 97
pottedplant 0.0075 123 126 280 310
pottedplant 0.0075 0 63 45 107
pottedplant 0.0074 340 29 418 212
pottedplant 0.0051 0 44 23 233
pottedplant 0.0039 365 26 418 128
pottedplant 0.0034 348 22 437 101
pottedplant 0.0027 0 52 25 101
pottedplant 0.0027 86 14 134 60
pottedplant 0.0022 -2 -36 60 193
pottedplant 0.0021 1 4 53 117
pottedplant 0.0020 368 11 454 75
pottedplant 0.0019 128 105 276 209
pottedplant 0.0015 405 10 428 65
pottedplant 0.0014 392 7 437 78
pottedplant 0.0013 413 22 441 71
pottedplant 0.0012 8 75 36 113
pottedplant 0.0012 0 43 53 238
pottedplant 0.0012 0 69 26 120
pottedplant 0.0011 -1 115 24 173
pottedplant 0.0011 -2 -9 90 134
sheep 0.0047 225 241 328 371
sofa 0.0081 65 118 284 327
