bicycle 0.0045 198 323 309 378
bicycle 0.0016 129 210 221 377
bottle 0.0792 124 181 224 376
bottle 0.0341 119 221 209 299
bottle 0.0231 -1 453 22 499
bottle 0.0072 161 231 183 279
bottle 0.0061 207 330 231 370
bottle 0.0030 212 338 228 363
bottle 0.0030 228 328 254 372
bottle 0.0026 197 331 243 369
bottle 0.0024 132 229 187 324
bottle 0.0021 130 189 185 293
bottle 0.0013 106 155 210 300
bottle 0.0013 -6 455 43 499
bottle 0.0012 80 182 195 341
cat 0.0060 185 202 338 357
cat 0.0017 208 232 308 329
chair 0.0748 -4 293 92 496
chair 0.0363 163 175 367 477
chair 0.0051 113 156 345 362
chair 0.0034 185 202 338 357
chair 0.0012 27 122 424 520
chair 0.0011 -5 349 58 503
chair 0.0010 -2 363 144 500
cow 0.0017 174 158 340 340
diningtable 0.0038 96 219 365 500
diningtable 0.0034 -4 293 92 496
diningtable 0.0022 198 323 309 378
dog 0.2277 185 202 338 357
dog 0.1436 208 232 308 329
dog 0.0344 165 161 356 423
dog 0.0038 98 162 280 341
dog 0.0020 65 183 214 383
dog 0.0019 171 323 258 384
dog 0.0013 198 323 309 378
dog 0.0010 136 241 320 394
motorbike 0.0013 129 210 221 377
person 0.4440 65 183 214 383
person 0.1111 107 162 348 414
person 0.0487 174 158 340 340
person 0.0460 98 162 280 341
person 0.0409 8 208 208 508
person 0.0177 129 210 221 377
person 0.0055 -28 134 410 512
person 0.0051 43 239 72 288
person 0.0043 204 182 379 484
person 0.0030 205 208 373 356
person 0.0021 1 195 161 385
person 0.0017 171 323 258 384
person 0.0013 70 196 168 332
person 0.0010 198 323 309 378
sheep 0.0018 174 158 340 340
sofa 0.0172 95 172 362 471
sofa 0.0041 159 151 354 362
sofa 0.0028 -28 134 410 512
sofa 0.0010 -4 293 92 496
tvmonitor 0.0265 112 152 156 184
