bicycle 0.0016 50 186 120 249
bicycle 0.0013 -1 164 27 201
bicycle 0.0010 -4 184 96 257
bottle 0.2421 355 188 364 213
bottle 0.1273 305 171 319 194
bottle 0.1203 336 187 347 216
bottle 0.1014 343 187 355 214
bottle 0.0974 362 191 375 212
bottle 0.0724 333 165 348 213
bottle 0.0575 371 191 386 209
bottle 0.0215 303 150 325 193
bottle 0.0199 380 160 398 181
bottle 0.0198 313 171 329 192
bottle 0.0179 380 189 396 209
bottle 0.0156 340 169 357 211
bottle 0.0126 353 171 366 210
bottle 0.0116 362 181 375 206
bottle 0.0101 298 173 311 194
bottle 0.0095 438 152 452 172
bottle 0.0092 344 168 355 197
bottle 0.0084 351 155 369 205
bottle 0.0076 37 169 49 192
bottle 0.0076 325 168 340 194
bottle 0.0073 429 153 444 172
bottle 0.0071 321 157 344 202
bottle 0.0069 330 244 418 375
bottle 0.0060 306 159 321 188
bottle 0.0059 313 181 330 198
bottle 0.0057 121 191 137 212
bottle 0.0057 371 184 387 204
bottle 0.0057 328 188 340 213
bottle 0.0051 488 140 498 169
bottle 0.0048 131 190 145 209
bottle 0.0042 141 190 153 207
bottle 0.0042 15 179 30 199
bottle 0.0041 309 150 336 193
bottle 0.0039 25 172 42 191
bottle 0.0035 420 153 436 173
bottle 0.0034 480 143 494 167
bottle 0.0033 449 152 466 172
bottle 0.0033 36 161 50 185
bottle 0.0032 485 133 499 195
bottle 0.0030 438 145 453 165
bottle 0.0030 360 172 378 209
bottle 0.0030 370 162 389 180
bottle 0.0028 16 172 31 192
bottle 0.0027 0 177 9 205
bottle 0.0025 354 198 367 216
bottle 0.0024 469 149 481 174
bottle 0.0023 132 180 145 205
bottle 0.0022 314 158 329 187
bottle 0.0021 458 151 474 173
bottle 0.0021 347 143 375 197
bottle 0.0021 481 151 494 175
bottle 0.0020 123 182 137 204
bottle 0.0020 389 161 405 181
bottle 0.0020 459 144 475 165
bottle 0.0019 420 163 436 179
bottle 0.0019 361 170 376 192
bottle 0.0018 3 181 23 201
bottle 0.0017 342 198 357 217
bottle 0.0016 428 146 445 166
bottle 0.0016 326 180 340 204
bottle 0.0016 488 234 500 323
bottle 0.0015 343 157 356 186
bottle 0.0015 363 199 377 216
bottle 0.0015 26 162 42 186
bottle 0.0014 411 164 426 180
bottle 0.0014 413 155 425 173
bottle 0.0014 45 171 61 191
bottle 0.0014 24 180 42 198
bottle 0.0013 333 157 347 186
bottle 0.0013 469 142 482 166
bottle 0.0012 448 145 467 166
bottle 0.0012 371 171 388 190
bottle 0.0012 391 188 408 211
bottle 0.0011 381 169 397 192
bottle 0.0011 484 147 501 215
bottle 0.0011 324 159 339 186
bottle 0.0010 -1 164 27 201
bottle 0.0010 119 199 138 220
bottle 0.0010 113 198 129 224
car 0.0031 -1 164 27 201
car 0.0029 131 190 145 209
car 0.0022 3 171 23 194
car 0.0021 3 181 23 201
car 0.0017 121 191 137 212
car 0.0016 0 177 9 205
car 0.0015 44 34 456 383
car 0.0012 115 194 141 227
car 0.0010 119 199 138 220
car 0.0010 141 190 153 207
chair 0.5894 409 196 496 319
chair 0.2641 413 179 441 224
chair 0.2147 0 189 52 268
chair 0.1527 441 175 470 230
chair 0.1358 409 179 448 252
chair 0.1164 450 192 501 320
chair 0.1127 425 175 447 229
chair 0.1003 388 189 431 285
chair 0.0902 58 183 109 253
chair 0.0804 435 174 458 232
chair 0.0621 448 175 491 255
chair 0.0536 429 176 477 250
chair 0.0502 375 205 421 298
chair 0.0456 407 178 430 224
chair 0.0408 44 34 456 383
chair 0.0399 24 190 64 268
chair 0.0347 472 180 500 295
chair 0.0291 463 186 488 237
chair 0.0277 451 177 479 228
chair 0.0248 408 200 454 306
chair 0.0247 472 183 497 241
chair 0.0219 46 181 87 255
chair 0.0213 397 176 438 211
chair 0.0199 380 189 396 209
chair 0.0194 398 181 420 222
chair 0.0165 84 192 113 250
chair 0.0158 408 180 427 204
chair 0.0145 399 181 418 204
chair 0.0138 111 194 132 229
chair 0.0124 416 181 438 204
chair 0.0117 387 175 412 210
chair 0.0109 376 174 402 208
chair 0.0083 371 191 386 209
chair 0.0082 391 181 408 204
chair 0.0080 41 184 63 257
chair 0.0074 415 187 457 233
chair 0.0070 352 177 405 207
chair 0.0063 476 161 498 222
chair 0.0059 380 160 398 181
chair 0.0056 410 173 427 192
chair 0.0055 131 190 145 209
chair 0.0049 420 163 436 179
chair 0.0048 452 158 479 207
chair 0.0047 418 173 437 191
chair 0.0047 3 181 23 201
chair 0.0046 98 180 143 247
chair 0.0045 0 169 28 270
chair 0.0045 25 191 114 266
chair 0.0044 119 199 138 220
chair 0.0043 52 189 73 252
chair 0.0042 24 180 42 198
chair 0.0040 404 195 430 247
chair 0.0038 0 174 27 208
chair 0.0037 464 166 488 219
chair 0.0037 0 189 11 271
chair 0.0036 401 172 418 193
chair 0.0035 121 191 137 212
chair 0.0034 416 197 438 225
chair 0.0033 484 177 501 266
chair 0.0032 -4 177 102 373
chair 0.0031 389 161 405 181
chair 0.0031 386 226 432 309
chair 0.0031 429 180 445 204
chair 0.0031 411 164 426 180
chair 0.0030 409 185 426 216
chair 0.0030 397 190 439 232
chair 0.0029 375 176 418 263
chair 0.0028 417 186 437 216
chair 0.0027 448 172 465 191
chair 0.0026 484 147 501 215
chair 0.0026 336 187 347 216
chair 0.0025 305 171 319 194
chair 0.0025 371 184 387 204
chair 0.0024 113 204 127 234
chair 0.0024 439 179 454 204
chair 0.0024 328 209 423 296
chair 0.0023 114 199 141 238
chair 0.0022 391 170 407 193
chair 0.0022 405 166 432 201
chair 0.0021 0 177 9 205
chair 0.0020 381 169 397 192
chair 0.0020 430 173 445 193
chair 0.0019 396 166 422 202
chair 0.0018 141 190 153 207
chair 0.0018 429 185 444 218
chair 0.0018 446 180 467 203
chair 0.0018 444 163 470 204
chair 0.0018 414 165 441 202
chair 0.0017 364 205 416 254
chair 0.0017 367 174 392 207
chair 0.0016 86 195 134 244
chair 0.0016 382 205 494 369
chair 0.0015 354 199 433 275
chair 0.0015 1 165 54 387
chair 0.0015 401 164 416 181
chair 0.0014 25 172 42 191
chair 0.0014 438 192 453 230
chair 0.0014 42 166 65 216
chair 0.0014 440 172 454 192
chair 0.0014 33 184 54 256
diningtable 0.0635 337 192 485 338
diningtable 0.0468 414 179 489 248
diningtable 0.0452 409 196 496 319
diningtable 0.0306 0 190 93 269
diningtable 0.0231 24 186 113 253
diningtable 0.0221 328 198 424 272
diningtable 0.0144 57 185 149 248
diningtable 0.0130 409 179 448 252
diningtable 0.0129 2 227 136 378
diningtable 0.0104 448 175 491 255
diningtable 0.0101 336 282 490 378
diningtable 0.0059 373 194 421 280
diningtable 0.0054 374 184 449 253
diningtable 0.0041 291 188 426 253
diningtable 0.0040 396 181 441 223
diningtable 0.0039 393 189 479 281
diningtable 0.0038 387 203 430 301
diningtable 0.0038 58 189 109 265
diningtable 0.0037 393 174 469 228
diningtable 0.0034 365 174 411 208
diningtable 0.0033 24 190 64 268
diningtable 0.0033 2 179 55 260
diningtable 0.0031 0 163 135 293
diningtable 0.0024 448 212 501 326
diningtable 0.0023 444 188 487 233
diningtable 0.0023 321 175 425 220
diningtable 0.0022 441 175 470 230
diningtable 0.0021 408 191 444 229
diningtable 0.0020 471 192 498 319
diningtable 0.0018 427 187 468 232
diningtable 0.0018 425 175 447 229
diningtable 0.0017 46 190 86 267
diningtable 0.0015 298 150 344 194
diningtable 0.0014 387 177 428 210
diningtable 0.0013 408 177 444 210
diningtable 0.0013 352 189 404 210
diningtable 0.0012 473 166 500 268
diningtable 0.0012 115 194 141 227
diningtable 0.0011 42 285 460 381
diningtable 0.0011 435 174 458 232
person 0.9990 79 7 422 370
person 0.4103 319 154 346 192
person 0.3919 347 143 376 186
person 0.1012 331 155 349 206
person 0.0921 309 150 336 193
person 0.0601 380 160 398 181
person 0.0428 303 150 325 193
person 0.0331 333 157 347 186
person 0.0281 331 154 349 176
person 0.0272 324 159 339 186
person 0.0263 141 190 153 207
person 0.0161 322 152 340 178
person 0.0156 452 138 487 220
person 0.0133 301 131 344 193
person 0.0108 131 190 145 209
person 0.0103 485 139 500 206
person 0.0101 352 132 382 177
person 0.0079 0 168 8 197
person 0.0077 345 148 391 192
person 0.0065 132 180 145 205
person 0.0064 305 171 319 194
person 0.0056 340 146 360 196
person 0.0056 334 165 346 198
person 0.0052 325 168 340 194
person 0.0052 310 135 333 172
person 0.0049 342 150 358 176
person 0.0049 313 141 330 164
person 0.0049 454 144 478 182
person 0.0047 313 150 330 178
person 0.0045 351 150 369 176
person 0.0045 37 169 49 192
person 0.0043 -1 164 27 201
person 0.0043 352 144 370 165
person 0.0043 121 191 137 212
person 0.0041 3 171 23 194
person 0.0041 314 158 329 187
person 0.0040 0 160 8 187
person 0.0039 389 161 405 181
person 0.0036 458 151 474 173
person 0.0035 372 158 406 184
person 0.0034 355 155 402 186
person 0.0033 376 162 402 200
person 0.0032 3 181 23 201
person 0.0032 338 131 380 190
person 0.0031 306 159 321 188
person 0.0031 475 145 499 251
person 0.0029 343 157 356 186
person 0.0029 313 140 351 204
person 0.0028 459 144 475 165
person 0.0028 25 172 42 191
person 0.0027 469 149 481 174
person 0.0024 370 162 389 180
person 0.0024 464 141 484 185
person 0.0022 16 172 31 192
person 0.0022 324 147 377 196
person 0.0022 45 171 61 191
person 0.0020 123 182 137 204
person 0.0020 448 175 491 255
person 0.0019 115 194 141 227
person 0.0016 0 158 13 208
person 0.0016 373 194 421 280
person 0.0015 299 163 342 196
person 0.0015 313 171 329 192
person 0.0014 469 142 482 166
person 0.0013 438 152 452 172
person 0.0013 322 148 356 183
person 0.0013 26 162 42 186
person 0.0013 119 199 138 220
person 0.0013 334 150 413 200
person 0.0012 352 159 368 185
person 0.0012 129 174 148 209
person 0.0012 15 179 30 199
person 0.0011 437 143 474 216
person 0.0011 358 151 377 174
person 0.0010 113 198 129 224
person 0.0010 149 190 164 206
person 0.0010 42 166 65 216
person 0.0010 359 161 377 182
person 0.0010 420 153 436 173
person 0.0010 478 140 497 187
person 0.0010 316 137 343 175
pottedplant 0.1135 81 126 164 193
pottedplant 0.0983 22 155 47 193
pottedplant 0.0970 25 172 42 191
pottedplant 0.0534 48 153 95 194
pottedplant 0.0532 26 162 42 186
pottedplant 0.0319 420 153 436 173
pottedplant 0.0311 20 147 64 183
pottedplant 0.0287 438 152 452 172
pottedplant 0.0278 429 153 444 172
pottedplant 0.0275 41 155 67 193
pottedplant 0.0251 45 162 62 185
pottedplant 0.0249 37 169 49 192
pottedplant 0.0247 45 171 61 191
pottedplant 0.0246 45 136 127 190
pottedplant 0.0219 53 172 71 192
pottedplant 0.0216 58 141 106 209
pottedplant 0.0209 66 164 96 198
pottedplant 0.0199 36 161 50 185
pottedplant 0.0196 420 163 436 179
pottedplant 0.0191 23 152 43 177
pottedplant 0.0184 14 166 52 198
pottedplant 0.0169 98 128 150 219
pottedplant 0.0165 24 180 42 198
pottedplant 0.0160 146 152 171 195
pottedplant 0.0149 31 154 55 195
pottedplant 0.0141 449 152 466 172
pottedplant 0.0139 36 144 88 184
pottedplant 0.0123 -1 164 27 201
pottedplant 0.0122 69 182 92 198
pottedplant 0.0112 60 174 83 193
pottedplant 0.0105 68 138 95 187
pottedplant 0.0086 50 163 75 200
pottedplant 0.0081 87 147 112 195
pottedplant 0.0080 121 191 137 212
pottedplant 0.0078 2 148 97 203
pottedplant 0.0073 3 181 23 201
pottedplant 0.0070 61 183 81 197
pottedplant 0.0066 16 172 31 192
pottedplant 0.0066 3 171 23 194
pottedplant 0.0061 131 190 145 209
pottedplant 0.0059 438 145 453 165
pottedplant 0.0056 44 152 62 176
pottedplant 0.0052 429 161 444 180
pottedplant 0.0052 19 173 47 207
pottedplant 0.0051 26 154 66 241
pottedplant 0.0051 5 151 53 245
pottedplant 0.0049 46 152 90 241
pottedplant 0.0048 428 146 445 166
pottedplant 0.0048 459 144 475 165
pottedplant 0.0048 52 160 71 186
pottedplant 0.0047 444 146 472 180
pottedplant 0.0045 98 102 154 184
pottedplant 0.0043 -1 157 49 191
pottedplant 0.0042 15 179 30 199
pottedplant 0.0036 83 117 162 272
pottedplant 0.0035 411 164 426 180
pottedplant 0.0035 81 151 126 243
pottedplant 0.0034 448 145 467 166
pottedplant 0.0033 123 182 137 204
pottedplant 0.0033 417 148 441 177
pottedplant 0.0032 435 146 458 179
pottedplant 0.0030 355 188 364 213
pottedplant 0.0030 56 135 105 171
pottedplant 0.0028 0 177 9 205
pottedplant 0.0028 305 171 319 194
pottedplant 0.0028 55 179 69 199
pottedplant 0.0027 3 163 22 184
pottedplant 0.0027 82 72 166 209
pottedplant 0.0027 17 163 32 184
pottedplant 0.0026 437 139 476 172
pottedplant 0.0026 418 147 436 166
pottedplant 0.0025 413 155 425 173
pottedplant 0.0024 55 162 151 235
pottedplant 0.0024 78 138 105 187
pottedplant 0.0023 7 117 166 253
pottedplant 0.0023 454 144 478 182
pottedplant 0.0023 91 112 148 153
pottedplant 0.0023 33 152 53 177
pottedplant 0.0022 55 111 163 176
pottedplant 0.0022 90 172 110 192
pottedplant 0.0020 150 151 168 179
pottedplant 0.0018 116 118 170 198
pottedplant 0.0018 60 161 83 186
pottedplant 0.0017 117 185 141 217
pottedplant 0.0017 89 182 111 197
pottedplant 0.0017 119 199 138 220
pottedplant 0.0017 141 190 153 207
pottedplant 0.0016 58 183 109 253
pottedplant 0.0016 63 177 98 201
pottedplant 0.0015 0 160 8 187
pottedplant 0.0015 380 160 398 181
pottedplant 0.0015 -1 127 24 231
pottedplant 0.0015 371 191 386 209
pottedplant 0.0015 141 98 185 186
pottedplant 0.0014 140 147 161 200
pottedplant 0.0014 24 145 69 205
pottedplant 0.0014 458 151 474 173
pottedplant 0.0014 38 178 49 200
pottedplant 0.0014 47 132 119 259
pottedplant 0.0014 42 166 65 216
sofa 0.0100 44 34 456 383
sofa 0.0042 397 176 438 211
sofa 0.0035 407 181 445 224
sofa 0.0034 405 222 496 318
sofa 0.0018 328 198 424 272
sofa 0.0016 471 192 498 319
sofa 0.0015 414 179 489 248
sofa 0.0014 449 160 488 240
train 0.0014 -1 164 27 201
tvmonitor 0.0051 380 160 398 181
tvmonitor 0.0023 25 172 42 191
tvmonitor 0.0023 39 -11 462 341
tvmonitor 0.0021 478 152 498 213
tvmonitor 0.0020 24 180 42 198
tvmonitor 0.0020 121 191 137 212
tvmonitor 0.0019 420 163 436 179
tvmonitor 0.0016 485 139 500 206
tvmonitor 0.0015 3 181 23 201
tvmonitor 0.0015 480 143 494 167
tvmonitor 0.0013 131 190 145 209
tvmonitor 0.0013 458 151 474 173
tvmonitor 0.0012 420 153 436 173
tvmonitor 0.0011 481 151 494 175
tvmonitor 0.0011 488 140 498 169
tvmonitor 0.0011 449 152 466 172
