bus 0.0157 464 130 502 235
bus 0.0026 45 43 377 324
car 0.9792 457 141 498 251
car 0.0768 45 43 377 324
car 0.0161 130 39 361 166
car 0.0056 457 115 494 212
car 0.0027 264 42 359 125
car 0.0017 142 31 422 269
car 0.0013 314 57 358 136
car 0.0011 274 53 355 189
car 0.0010 188 40 380 125
car 0.0010 71 70 354 207
car 0.0010 474 135 499 192
motorbike 0.0013 458 162 497 254
person 0.1066 121 50 199 115
person 0.0377 259 72 306 119
person 0.0351 122 73 174 116
person 0.0179 257 46 340 124
person 0.0145 204 48 316 117
person 0.0071 248 66 299 108
person 0.0061 270 64 316 111
person 0.0052 143 63 192 111
person 0.0045 132 68 164 108
person 0.0044 98 60 190 129
person 0.0029 122 40 369 122
person 0.0021 416 180 434 260
person 0.0018 131 48 275 108
person 0.0017 290 68 314 120
person 0.0014 317 83 346 128
person 0.0011 200 41 372 166
person 0.0010 476 127 499 179
