boat 0.0032 -2 60 498 390
bottle 0.0044 488 92 499 157
bottle 0.0026 489 115 498 150
bottle 0.0016 216 182 233 204
bottle 0.0012 225 181 241 204
bottle 0.0011 492 191 500 230
bottle 0.0010 490 173 500 247
bottle 0.0010 490 259 500 355
bottle 0.0010 490 100 499 134
car 0.0115 -2 60 498 390
chair 0.7344 378 70 491 249
chair 0.1054 97 80 319 361
chair 0.1042 0 120 276 380
chair 0.0580 -10 37 430 402
chair 0.0286 399 124 497 305
chair 0.0218 133 124 287 307
chair 0.0118 308 156 488 305
chair 0.0104 380 132 487 226
chair 0.0103 412 72 494 182
chair 0.0071 260 166 417 346
chair 0.0055 346 72 412 124
chair 0.0055 7 122 187 315
chair 0.0054 435 68 497 249
chair 0.0037 378 112 457 275
chair 0.0036 291 112 436 260
chair 0.0035 377 132 420 225
chair 0.0035 452 135 498 258
chair 0.0033 370 80 417 201
chair 0.0028 161 97 329 279
chair 0.0020 285 230 436 358
chair 0.0018 127 90 292 210
chair 0.0015 379 102 439 220
chair 0.0014 476 128 499 303
chair 0.0014 217 89 366 204
chair 0.0014 257 79 346 309
chair 0.0014 488 92 499 157
chair 0.0013 448 184 500 288
chair 0.0013 377 173 494 255
chair 0.0012 401 193 495 278
chair 0.0011 370 186 498 329
diningtable 0.0136 378 70 491 249
diningtable 0.0063 308 156 488 305
diningtable 0.0048 291 112 436 260
diningtable 0.0022 259 136 411 320
diningtable 0.0011 399 124 497 305
diningtable 0.0010 6 202 490 381
diningtable 0.0010 133 104 448 344
dog 0.0037 288 170 432 340
dog 0.0018 133 124 287 307
person 0.7261 2 80 266 371
person 0.5795 288 170 432 340
person 0.5719 94 84 317 313
person 0.5272 261 70 341 246
person 0.2951 190 125 286 309
person 0.1277 288 129 386 310
person 0.0586 118 85 239 270
person 0.0398 195 91 246 176
person 0.0296 195 133 282 218
person 0.0246 308 156 488 305
person 0.0239 165 100 273 262
person 0.0223 127 90 292 210
person 0.0196 217 89 366 204
person 0.0170 5 93 189 287
person 0.0160 133 104 448 344
person 0.0129 258 110 403 260
person 0.0111 -10 37 430 402
person 0.0096 203 93 248 139
person 0.0081 273 76 333 169
person 0.0077 198 94 276 154
person 0.0046 160 94 247 155
person 0.0042 230 96 326 295
person 0.0039 119 85 208 153
person 0.0038 79 101 210 328
person 0.0029 319 196 423 278
person 0.0029 272 58 453 331
person 0.0027 289 132 378 216
person 0.0026 96 82 202 239
person 0.0025 187 140 392 300
person 0.0023 288 86 444 214
person 0.0021 255 133 343 336
person 0.0017 490 259 500 355
person 0.0016 128 89 231 178
person 0.0015 179 110 261 199
person 0.0013 285 93 339 216
person 0.0013 370 186 498 329
person 0.0013 209 118 300 198
sofa 0.4997 -1 125 346 375
sofa 0.0375 0 31 494 348
sofa 0.0147 94 84 317 313
sofa 0.0126 106 149 479 366
sofa 0.0117 406 71 496 217
sofa 0.0110 3 85 198 367
sofa 0.0015 379 104 490 285
sofa 0.0015 232 112 433 339
sofa 0.0011 420 71 485 169
tvmonitor 0.0145 356 75 406 116
tvmonitor 0.0058 417 -4 494 55
tvmonitor 0.0034 411 66 493 170
tvmonitor 0.0020 488 92 499 157
tvmonitor 0.0014 489 107 499 142
tvmonitor 0.0014 371 76 496 235
