car 0.9989 98 63 371 255
car 0.0090 300 25 489 149
car 0.0010 312 40 402 121
person 0.0426 173 82 220 126
person 0.0345 182 96 229 128
person 0.0201 195 105 216 124
person 0.0149 240 96 288 132
person 0.0061 193 96 257 129
person 0.0053 203 104 226 123
person 0.0046 185 104 207 126
person 0.0040 217 96 272 130
person 0.0039 188 106 242 134
person 0.0035 175 90 202 131
person 0.0029 189 88 241 119
person 0.0029 178 72 300 129
person 0.0028 178 80 210 110
person 0.0027 191 105 219 134
person 0.0023 97 59 350 224
person 0.0019 203 112 226 131
person 0.0015 181 85 209 102
person 0.0014 152 69 251 130
person 0.0013 194 94 217 114
person 0.0011 202 96 227 113
person 0.0010 253 103 276 126
