aeroplane 0.0015 408 69 427 80
bicycle 0.0209 385 213 428 282
bicycle 0.0162 56 186 70 214
bicycle 0.0064 224 208 251 264
bicycle 0.0050 64 194 76 218
bicycle 0.0036 477 210 499 263
bicycle 0.0014 484 190 500 266
bicycle 0.0012 80 206 101 267
bicycle 0.0010 474 177 498 256
bird 0.0015 408 69 427 80
boat 0.0015 298 182 347 212
bus 0.9598 66 126 270 264
bus 0.0121 222 140 266 256
bus 0.0089 67 173 184 226
bus 0.0028 167 136 274 253
bus 0.0025 258 173 309 212
bus 0.0014 109 180 151 263
bus 0.0012 245 159 316 223
car 0.1426 298 182 347 212
car 0.0314 476 197 499 260
car 0.0200 307 181 337 198
car 0.0044 290 178 338 202
car 0.0043 258 173 309 212
car 0.0041 253 164 339 220
car 0.0018 223 193 256 263
car 0.0018 56 186 70 214
car 0.0016 306 186 339 207
car 0.0016 451 205 501 248
car 0.0013 374 192 445 279
car 0.0013 64 188 76 215
car 0.0013 429 179 446 236
car 0.0012 89 189 133 230
car 0.0012 67 173 184 226
car 0.0011 385 213 428 282
car 0.0011 315 181 366 217
car 0.0010 98 187 189 254
chair 0.0012 385 213 428 282
cow 0.0381 56 186 70 214
cow 0.0048 64 188 76 215
dog 0.0023 56 186 70 214
horse 0.0244 56 186 70 214
horse 0.0078 385 213 428 282
horse 0.0035 64 188 76 215
horse 0.0012 224 208 251 264
horse 0.0011 476 197 499 260
horse 0.0010 80 206 101 267
motorbike 0.1497 223 193 256 263
motorbike 0.0577 476 197 499 260
motorbike 0.0548 385 213 428 282
motorbike 0.0298 56 186 70 214
motorbike 0.0052 64 188 76 215
motorbike 0.0029 304 179 355 216
motorbike 0.0017 80 206 101 267
motorbike 0.0016 420 178 437 236
motorbike 0.0014 429 179 446 236
motorbike 0.0013 394 167 428 272
motorbike 0.0011 381 182 416 280
person 0.8503 157 191 189 288
person 0.8502 116 195 148 282
person 0.8365 363 173 382 243
person 0.8289 388 185 426 284
person 0.7804 445 178 463 236
person 0.6649 79 192 100 267
person 0.4923 56 186 70 214
person 0.4792 476 186 498 252
person 0.4185 419 169 435 232
person 0.2742 223 193 256 263
person 0.1789 64 188 76 215
person 0.1075 428 174 444 230
person 0.0968 378 177 399 244
person 0.0843 378 176 411 263
person 0.0530 484 190 500 266
person 0.0526 397 194 419 264
person 0.0379 439 174 469 250
person 0.0300 436 187 459 245
person 0.0238 447 181 461 219
person 0.0214 390 191 407 267
person 0.0201 131 194 198 283
person 0.0171 368 183 388 249
person 0.0143 410 176 430 226
person 0.0143 479 187 496 214
person 0.0139 401 190 415 212
person 0.0136 484 177 500 229
person 0.0124 391 187 405 213
person 0.0124 81 182 99 239
person 0.0108 487 184 497 216
person 0.0107 222 140 266 256
person 0.0101 75 190 89 213
person 0.0099 413 179 427 204
person 0.0093 478 195 495 223
person 0.0090 398 145 433 251
person 0.0084 109 204 181 287
person 0.0081 412 171 443 257
person 0.0077 406 193 426 260
person 0.0077 381 200 400 272
person 0.0075 431 181 442 219
person 0.0074 419 176 434 205
person 0.0072 89 191 106 268
person 0.0070 387 182 408 223
person 0.0068 441 183 455 218
person 0.0062 455 183 474 234
person 0.0055 82 188 97 211
person 0.0052 392 193 404 223
person 0.0047 152 205 165 232
person 0.0044 353 177 372 239
person 0.0044 422 190 433 226
person 0.0041 76 184 93 253
person 0.0040 155 191 180 252
person 0.0036 121 191 143 251
person 0.0036 382 185 396 212
person 0.0035 50 188 62 212
person 0.0033 381 181 396 202
person 0.0031 416 164 439 205
person 0.0027 231 183 253 240
person 0.0026 150 199 170 256
person 0.0024 390 180 405 204
person 0.0024 60 190 79 223
person 0.0022 410 195 425 221
person 0.0022 370 176 383 202
person 0.0022 362 182 396 271
person 0.0022 470 206 481 230
person 0.0021 124 193 149 233
person 0.0021 470 196 481 224
person 0.0020 92 195 160 276
person 0.0020 397 184 418 221
person 0.0019 387 210 411 282
person 0.0019 163 185 186 253
person 0.0018 479 219 498 269
person 0.0018 219 159 230 185
person 0.0017 468 186 486 234
person 0.0017 478 183 497 203
person 0.0016 143 205 156 232
person 0.0016 365 180 379 216
person 0.0016 120 184 163 259
person 0.0014 401 182 416 203
person 0.0014 99 190 120 266
person 0.0013 445 200 467 252
person 0.0013 371 183 384 214
person 0.0013 459 192 470 227
person 0.0012 358 188 434 278
person 0.0012 71 184 92 222
person 0.0012 342 196 355 220
person 0.0012 476 175 500 213
person 0.0011 434 186 475 229
person 0.0011 336 198 350 217
person 0.0010 487 198 498 238
person 0.0010 78 178 118 264
person 0.0010 379 219 442 282
sheep 0.0028 56 186 70 214
train 0.0012 298 182 347 212
