bicycle 0.0166 97 216 121 244
bicycle 0.0013 108 219 127 241
bird 0.0054 101 218 118 243
bus 0.0023 318 181 437 230
bus 0.0021 189 176 283 238
car 0.9880 190 171 283 237
car 0.8744 -1 186 72 259
car 0.7638 344 188 439 233
car 0.1513 450 191 502 234
car 0.0843 0 190 28 273
car 0.0361 305 190 415 235
car 0.0226 13 206 71 251
car 0.0188 378 187 483 235
car 0.0064 329 204 373 234
car 0.0054 441 207 492 235
car 0.0036 472 196 500 241
car 0.0033 375 185 442 223
car 0.0033 -1 178 8 264
car 0.0030 359 187 420 218
car 0.0029 163 189 211 230
car 0.0021 457 220 476 234
car 0.0020 435 354 477 374
car 0.0017 14 189 70 230
car 0.0017 455 212 477 231
car 0.0016 -1 183 24 242
car 0.0016 437 195 504 259
car 0.0015 472 184 498 221
car 0.0014 0 198 10 300
car 0.0012 488 181 501 242
car 0.0012 64 217 75 244
car 0.0010 188 189 213 231
cow 0.0302 101 218 118 243
cow 0.0047 91 215 129 244
cow 0.0024 108 219 127 241
dog 0.0118 97 216 121 244
horse 0.0159 97 216 121 244
motorbike 0.0079 97 216 121 244
motorbike 0.0013 13 206 71 251
person 0.0630 101 218 118 243
person 0.0055 -1 178 8 264
person 0.0049 108 219 127 241
person 0.0031 298 168 319 216
person 0.0030 0 190 28 273
person 0.0028 95 218 111 242
person 0.0025 91 215 129 244
person 0.0011 64 217 75 244
pottedplant 0.0018 139 218 159 259
sheep 0.0033 101 218 118 243
