cat 0.0010 14 242 170 467
chair 0.6777 2 312 170 496
chair 0.0591 9 207 220 497
chair 0.0039 23 381 308 494
chair 0.0020 -32 439 279 499
chair 0.0010 -28 301 364 494
diningtable 0.0938 146 332 324 496
diningtable 0.0051 -28 301 364 494
diningtable 0.0030 23 381 308 494
diningtable 0.0021 10 327 222 487
diningtable 0.0020 153 261 315 385
diningtable 0.0011 115 303 306 435
person 0.9895 7 200 178 481
person 0.2438 185 261 212 305
person 0.1088 195 252 271 313
person 0.0325 153 257 238 312
person 0.0148 126 236 289 340
person 0.0094 16 224 309 501
person 0.0073 137 265 216 328
person 0.0061 35 214 193 370
person 0.0057 202 256 235 310
person 0.0044 204 247 252 302
person 0.0031 188 252 231 299
person 0.0029 205 263 296 325
person 0.0026 190 270 208 297
person 0.0026 171 262 220 321
person 0.0016 89 231 186 407
person 0.0014 222 263 274 302
person 0.0011 125 282 263 351
person 0.0010 139 263 184 304
sofa 0.0156 9 207 220 497
sofa 0.0020 126 236 289 340
sofa 0.0012 2 312 170 496
