bicycle 0.0013 355 173 404 279
bottle 0.0087 74 197 86 223
bus 0.0034 53 168 152 226
bus 0.0016 328 165 371 203
bus 0.0015 318 140 432 188
bus 0.0014 465 159 500 245
bus 0.0010 0 158 9 246
bus 0.0010 40 147 137 217
bus 0.0010 309 117 444 165
car 0.9221 149 177 329 229
car 0.9061 389 157 486 224
car 0.7395 456 159 499 240
car 0.1647 232 169 353 223
car 0.1538 320 163 365 207
car 0.1247 474 147 501 182
car 0.0690 343 167 410 235
car 0.0322 447 150 506 181
car 0.0238 235 168 254 180
car 0.0169 486 149 501 176
car 0.0153 390 154 445 190
car 0.0141 129 179 244 229
car 0.0138 428 149 505 218
car 0.0122 293 132 351 159
car 0.0121 226 168 245 179
car 0.0119 468 141 501 224
car 0.0118 393 162 436 229
car 0.0108 344 158 440 207
car 0.0102 488 145 500 167
car 0.0099 425 152 487 174
car 0.0089 371 154 426 192
car 0.0085 435 149 456 162
car 0.0082 398 148 417 162
car 0.0075 477 145 498 163
car 0.0070 338 170 362 195
car 0.0069 381 149 436 175
car 0.0063 332 162 387 205
car 0.0062 486 143 500 200
car 0.0061 471 192 499 247
car 0.0058 281 161 391 207
car 0.0055 466 153 504 192
car 0.0047 243 166 264 179
car 0.0038 488 157 500 184
car 0.0037 430 149 444 164
car 0.0036 397 153 419 168
car 0.0035 415 153 439 168
car 0.0034 188 166 207 182
car 0.0033 355 173 404 279
car 0.0032 196 167 213 180
car 0.0031 219 169 270 194
car 0.0030 448 163 503 199
car 0.0029 403 151 451 174
car 0.0028 234 172 257 188
car 0.0027 406 172 497 243
car 0.0026 427 153 446 167
car 0.0025 215 168 235 179
car 0.0024 406 153 430 169
car 0.0024 0 158 9 246
car 0.0022 223 173 248 186
car 0.0021 180 169 232 194
car 0.0019 189 174 261 190
car 0.0018 417 150 438 163
car 0.0018 398 129 504 236
car 0.0017 434 153 458 166
car 0.0016 42 172 60 228
car 0.0015 405 179 469 223
car 0.0014 204 173 227 186
car 0.0014 32 172 54 218
car 0.0014 212 175 237 186
car 0.0014 424 155 489 190
car 0.0013 205 168 225 179
car 0.0013 332 175 354 203
car 0.0012 442 148 468 161
car 0.0012 398 159 455 203
car 0.0012 427 145 483 165
car 0.0011 394 160 422 205
car 0.0011 187 170 206 192
car 0.0011 215 172 273 208
car 0.0010 221 179 287 219
motorbike 0.0130 355 173 404 279
motorbike 0.0034 42 172 60 228
motorbike 0.0025 458 170 499 249
motorbike 0.0012 473 149 500 194
motorbike 0.0010 33 178 54 222
person 0.9983 355 156 404 273
person 0.1253 74 197 86 223
person 0.0750 42 172 60 228
person 0.0565 343 167 410 235
person 0.0290 235 168 254 180
person 0.0103 33 178 54 222
person 0.0073 226 168 245 179
person 0.0065 398 148 417 162
person 0.0056 26 176 42 222
person 0.0049 430 149 444 164
person 0.0041 28 185 39 216
person 0.0038 35 186 50 216
person 0.0033 456 159 499 240
person 0.0032 0 158 9 246
person 0.0031 187 170 206 192
person 0.0027 391 147 407 162
person 0.0027 188 166 207 182
person 0.0027 45 194 59 227
person 0.0022 359 157 396 189
person 0.0022 243 166 264 179
person 0.0022 367 161 388 179
person 0.0018 358 156 383 208
person 0.0018 51 171 68 229
person 0.0017 234 172 257 188
person 0.0014 346 158 395 205
person 0.0014 349 167 367 232
person 0.0013 427 153 446 167
person 0.0013 68 197 91 237
person 0.0013 361 161 415 206
person 0.0013 435 149 456 162
person 0.0012 215 168 235 179
person 0.0012 389 154 408 169
person 0.0011 361 162 380 180
person 0.0011 54 197 65 227
person 0.0010 30 177 40 208
person 0.0010 490 164 500 260
