bottle 0.3675 26 -36 118 270
bottle 0.0215 1 -56 51 328
bottle 0.0137 1 -6 25 162
bottle 0.0091 7 0 167 320
bottle 0.0047 123 -1 136 17
bottle 0.0041 0 0 44 124
bottle 0.0041 38 -12 125 148
bottle 0.0025 2 -21 94 224
bottle 0.0018 265 -3 282 13
bottle 0.0017 50 11 74 62
bottle 0.0016 0 -15 8 125
bottle 0.0015 10 -8 495 340
bottle 0.0013 84 -3 116 159
bottle 0.0012 81 -2 122 89
bottle 0.0012 88 2 401 242
bottle 0.0010 42 4 90 79
bus 0.0039 161 217 475 332
bus 0.0038 10 -8 495 340
car 0.0871 161 217 475 332
car 0.0014 10 -8 495 340
person 0.0046 237 133 274 216
tvmonitor 0.0640 161 217 475 332
tvmonitor 0.0115 10 -8 495 340
