bird 0.0019 444 168 495 266
bottle 0.0072 234 105 251 144
bottle 0.0021 227 86 248 141
cat 0.0185 444 168 495 266
cat 0.0011 410 152 502 279
chair 0.9395 269 106 442 265
chair 0.0133 9 103 196 253
chair 0.0105 33 98 279 214
chair 0.0058 364 115 501 265
chair 0.0046 246 107 383 172
chair 0.0026 272 99 508 330
diningtable 0.0025 274 115 505 270
person 0.0111 272 103 445 223
person 0.0013 33 98 279 214
pottedplant 0.1975 250 112 333 174
pottedplant 0.0685 444 168 495 266
pottedplant 0.0342 256 130 310 176
pottedplant 0.0175 437 70 498 250
pottedplant 0.0127 251 123 298 166
pottedplant 0.0066 253 132 277 176
pottedplant 0.0063 266 114 318 157
pottedplant 0.0044 475 88 500 230
pottedplant 0.0042 479 23 500 178
pottedplant 0.0037 448 74 500 169
pottedplant 0.0034 240 134 288 174
pottedplant 0.0027 475 116 499 170
pottedplant 0.0023 441 -32 498 195
pottedplant 0.0019 252 117 339 240
pottedplant 0.0018 249 143 299 182
pottedplant 0.0017 410 123 502 274
pottedplant 0.0016 489 26 500 127
pottedplant 0.0016 259 141 285 186
pottedplant 0.0014 471 163 499 268
pottedplant 0.0014 412 9 503 224
pottedplant 0.0013 451 31 498 137
pottedplant 0.0012 288 121 316 163
pottedplant 0.0012 259 103 422 222
pottedplant 0.0012 478 43 498 107
sofa 0.9646 21 95 262 223
sofa 0.0298 255 104 426 262
sofa 0.0017 21 86 259 345
sofa 0.0015 -10 102 408 275
