bottle 0.0022 158 153 176 172
bottle 0.0019 113 150 126 173
bottle 0.0018 111 125 134 177
bottle 0.0014 332 134 351 191
bottle 0.0014 119 121 153 169
car 0.0013 0 128 29 181
chair 0.8707 111 162 179 300
chair 0.8339 -1 159 67 310
chair 0.7607 270 239 413 370
chair 0.3098 25 222 150 361
chair 0.1035 51 177 161 336
chair 0.0510 117 148 167 255
chair 0.0464 138 170 180 269
chair 0.0386 102 168 155 269
chair 0.0247 172 170 220 261
chair 0.0154 1 135 61 255
chair 0.0122 197 116 288 272
chair 0.0117 405 296 455 375
chair 0.0082 1 186 28 319
chair 0.0063 -2 225 83 315
chair 0.0054 99 224 154 326
chair 0.0048 250 154 428 367
chair 0.0046 119 121 153 169
chair 0.0039 200 132 247 260
chair 0.0037 202 133 359 258
chair 0.0035 263 166 341 371
chair 0.0032 79 171 123 263
chair 0.0025 16 176 116 329
chair 0.0024 0 207 65 367
chair 0.0022 61 170 109 264
chair 0.0018 109 124 149 226
chair 0.0013 292 258 409 337
chair 0.0012 0 171 9 308
chair 0.0012 87 159 113 223
chair 0.0011 264 235 302 358
chair 0.0011 82 205 168 305
chair 0.0010 44 167 89 267
chair 0.0010 161 175 197 289
diningtable 0.0326 105 170 181 265
diningtable 0.0306 21 193 154 350
diningtable 0.0194 274 230 427 371
diningtable 0.0061 0 158 78 313
diningtable 0.0037 53 157 189 308
diningtable 0.0019 195 133 322 263
diningtable 0.0019 117 121 159 169
diningtable 0.0017 90 162 167 237
diningtable 0.0013 107 148 149 247
diningtable 0.0011 172 170 220 261
diningtable 0.0010 -2 144 68 245
dog 0.0013 6 148 59 279
person 0.9298 275 163 430 371
person 0.7726 0 133 67 297
person 0.0854 195 133 322 263
person 0.0555 1 134 59 224
person 0.0457 108 123 150 182
person 0.0283 286 151 347 239
person 0.0277 114 120 162 236
person 0.0221 280 157 386 318
person 0.0175 0 134 27 297
person 0.0127 203 114 249 236
person 0.0104 0 128 29 181
person 0.0083 107 148 149 247
person 0.0064 256 156 347 352
person 0.0040 202 119 281 204
person 0.0033 183 117 265 270
person 0.0027 92 125 167 279
person 0.0026 428 175 460 229
person 0.0025 -7 111 41 324
person 0.0022 248 137 403 253
person 0.0018 0 124 13 184
person 0.0017 16 155 161 316
person 0.0017 24 127 70 186
person 0.0016 96 43 123 92
person 0.0016 340 243 449 307
person 0.0015 235 142 289 251
person 0.0013 108 120 173 165
person 0.0011 -1 126 8 218
person 0.0011 446 31 468 87
person 0.0010 226 58 247 96
pottedplant 0.0011 25 222 150 361
sofa 0.0690 1 137 79 296
sofa 0.0136 197 116 288 272
sofa 0.0046 274 230 427 371
sofa 0.0041 11 127 74 185
sofa 0.0030 0 135 66 221
sofa 0.0022 405 296 455 375
sofa 0.0017 117 121 159 169
sofa 0.0013 202 133 359 258
sofa 0.0010 95 128 159 182
tvmonitor 0.9497 349 126 412 212
tvmonitor 0.8403 422 154 464 245
tvmonitor 0.4850 25 122 78 165
tvmonitor 0.2056 111 121 151 170
tvmonitor 0.0253 65 122 114 164
tvmonitor 0.0195 0 128 29 181
tvmonitor 0.0176 11 127 74 185
tvmonitor 0.0061 411 106 467 256
tvmonitor 0.0055 142 112 221 163
tvmonitor 0.0049 281 146 346 215
tvmonitor 0.0041 18 135 72 220
tvmonitor 0.0030 334 127 376 201
tvmonitor 0.0026 149 99 223 128
tvmonitor 0.0024 62 133 102 172
tvmonitor 0.0023 405 296 455 375
tvmonitor 0.0017 143 99 255 148
tvmonitor 0.0017 426 176 467 227
tvmonitor 0.0017 111 125 134 177
tvmonitor 0.0015 321 123 360 201
tvmonitor 0.0011 74 136 123 168
tvmonitor 0.0010 361 144 415 197
tvmonitor 0.0010 1 135 61 255
tvmonitor 0.0010 341 123 357 199
tvmonitor 0.0010 77 142 105 180
