boat 0.0773 172 62 420 262
boat 0.0030 49 183 93 216
boat 0.0027 436 184 494 215
boat 0.0020 433 194 481 229
boat 0.0017 428 200 468 237
bus 0.3083 236 64 411 260
car 0.0029 139 190 176 226
car 0.0022 236 64 411 260
car 0.0020 214 248 240 264
car 0.0015 46 180 95 205
car 0.0013 436 184 457 196
chair 0.0597 450 200 498 265
chair 0.0208 474 198 498 255
chair 0.0082 485 192 501 265
chair 0.0037 442 198 490 239
chair 0.0022 443 200 467 253
chair 0.0017 42 184 84 217
chair 0.0017 43 182 89 244
chair 0.0011 427 200 475 261
diningtable 0.0085 450 200 498 265
person 0.0627 183 186 207 234
person 0.0348 360 127 380 161
person 0.0297 176 191 199 240
person 0.0229 367 124 387 161
person 0.0105 194 173 217 226
person 0.0092 202 168 225 210
person 0.0075 303 123 320 161
person 0.0065 188 188 204 213
person 0.0065 183 164 222 237
person 0.0061 193 194 217 240
person 0.0055 308 123 330 162
person 0.0042 350 126 371 162
person 0.0041 207 169 222 193
person 0.0035 401 124 416 177
person 0.0033 306 123 318 146
person 0.0032 187 195 203 222
person 0.0027 180 188 196 211
person 0.0027 171 194 190 238
person 0.0025 247 148 260 172
person 0.0024 236 64 411 260
person 0.0022 177 181 200 220
person 0.0019 22 127 41 195
person 0.0017 363 125 379 146
person 0.0017 200 170 216 191
person 0.0017 199 176 215 202
person 0.0016 198 216 214 242
person 0.0015 232 149 259 190
person 0.0014 340 123 362 164
person 0.0013 407 144 425 215
person 0.0013 216 154 265 240
person 0.0013 204 195 225 241
person 0.0012 371 124 386 146
person 0.0012 10 131 45 217
person 0.0011 183 205 210 244
person 0.0011 335 131 384 167
person 0.0010 42 184 84 217
pottedplant 0.0016 49 183 93 216
pottedplant 0.0013 203 164 225 200
pottedplant 0.0011 489 197 499 223
sofa 0.0091 450 200 498 265
sofa 0.0012 442 198 490 239
sofa 0.0010 42 184 84 217
train 0.1944 172 62 420 262
tvmonitor 0.1034 221 58 421 265
