boat 0.0021 90 152 336 371
boat 0.0011 33 42 468 393
bottle 0.0064 102 283 146 375
bottle 0.0036 98 276 121 323
bottle 0.0022 118 305 143 365
bottle 0.0018 125 316 149 376
bottle 0.0017 106 285 132 326
bottle 0.0016 103 294 117 321
bottle 0.0015 144 122 288 319
bottle 0.0013 94 273 113 323
chair 0.0713 205 79 471 350
chair 0.0625 110 156 383 370
chair 0.0142 159 231 411 373
chair 0.0080 220 199 445 333
chair 0.0076 368 230 498 372
chair 0.0046 164 131 323 316
chair 0.0029 247 238 481 375
chair 0.0027 398 131 501 378
chair 0.0023 191 173 295 336
chair 0.0020 232 132 444 303
chair 0.0020 67 285 438 375
chair 0.0014 129 77 300 364
chair 0.0012 449 168 500 254
chair 0.0010 314 191 493 340
diningtable 0.0019 368 230 498 372
diningtable 0.0017 110 156 383 370
diningtable 0.0014 205 79 471 350
person 0.9900 235 67 486 321
person 0.9828 -12 7 254 385
person 0.4228 137 56 287 334
person 0.0257 166 64 265 253
person 0.0214 90 152 336 371
person 0.0053 164 131 323 316
person 0.0051 363 68 495 385
person 0.0048 398 125 503 343
person 0.0047 17 11 480 367
person 0.0028 0 34 145 387
person 0.0024 265 118 284 169
person 0.0022 0 -7 31 404
person 0.0022 437 118 459 165
person 0.0022 -1 -25 59 381
person 0.0018 133 92 235 307
person 0.0016 94 125 189 346
person 0.0013 447 107 462 161
person 0.0011 272 117 293 171
person 0.0011 173 70 258 168
person 0.0011 190 150 470 369
person 0.0010 299 129 492 300
pottedplant 0.0270 131 116 187 200
pottedplant 0.0096 122 130 171 223
pottedplant 0.0095 107 82 182 272
pottedplant 0.0040 124 62 191 219
pottedplant 0.0038 147 144 170 202
pottedplant 0.0035 105 107 187 176
pottedplant 0.0028 139 141 161 188
pottedplant 0.0028 136 79 189 170
pottedplant 0.0024 98 276 121 323
pottedplant 0.0012 94 273 113 323
sofa 0.0020 400 206 501 383
sofa 0.0018 205 79 471 350
