bicycle 0.0015 330 182 351 247
bottle 0.0035 389 87 409 132
bottle 0.0021 377 197 400 270
bottle 0.0013 393 92 405 124
bottle 0.0013 320 171 354 244
bottle 0.0012 285 39 300 63
cat 0.0055 226 218 352 327
cat 0.0010 377 197 400 270
chair 0.0259 289 161 313 228
chair 0.0056 256 128 303 213
chair 0.0046 283 156 304 215
chair 0.0043 320 171 354 244
chair 0.0026 294 155 343 233
chair 0.0015 298 164 322 225
chair 0.0012 251 163 295 206
chair 0.0011 306 174 336 234
chair 0.0011 332 167 370 253
chair 0.0011 277 125 309 217
dog 0.7600 226 218 352 327
dog 0.0021 235 219 327 289
dog 0.0013 377 197 400 270
pottedplant 0.9663 29 145 106 230
pottedplant 0.9450 166 71 229 154
pottedplant 0.9164 292 83 349 184
pottedplant 0.9042 344 111 405 204
pottedplant 0.8527 397 157 451 234
pottedplant 0.2375 242 60 309 202
pottedplant 0.1626 260 82 286 135
pottedplant 0.1341 85 81 121 187
pottedplant 0.1194 237 68 314 129
pottedplant 0.1166 223 72 262 155
pottedplant 0.1148 231 6 259 56
pottedplant 0.0665 270 34 296 69
pottedplant 0.0549 232 68 286 157
pottedplant 0.0352 241 78 265 138
pottedplant 0.0349 27 59 102 215
pottedplant 0.0308 196 71 236 150
pottedplant 0.0303 276 79 318 183
pottedplant 0.0279 205 69 229 109
pottedplant 0.0277 96 103 120 151
pottedplant 0.0271 368 116 410 218
pottedplant 0.0270 239 1 268 44
pottedplant 0.0270 256 128 303 213
pottedplant 0.0251 85 92 115 145
pottedplant 0.0246 232 81 257 138
pottedplant 0.0245 260 24 286 60
pottedplant 0.0212 285 39 300 63
pottedplant 0.0190 263 26 302 58
pottedplant 0.0189 273 31 293 55
pottedplant 0.0175 389 87 409 132
pottedplant 0.0170 257 39 271 62
pottedplant 0.0153 391 142 458 271
pottedplant 0.0145 125 78 165 152
pottedplant 0.0135 254 19 274 64
pottedplant 0.0132 341 106 437 232
pottedplant 0.0130 293 77 373 224
pottedplant 0.0123 387 121 410 172
pottedplant 0.0114 267 72 297 126
pottedplant 0.0104 208 76 225 101
pottedplant 0.0101 281 34 304 69
pottedplant 0.0094 262 0 304 65
pottedplant 0.0093 208 68 226 92
pottedplant 0.0091 256 28 270 56
pottedplant 0.0087 264 38 283 63
pottedplant 0.0086 249 66 297 114
pottedplant 0.0085 377 197 400 270
pottedplant 0.0083 476 228 500 347
pottedplant 0.0078 400 72 463 236
pottedplant 0.0077 239 19 267 62
pottedplant 0.0076 183 205 213 243
pottedplant 0.0073 393 106 437 202
pottedplant 0.0072 230 -1 259 31
pottedplant 0.0070 245 69 348 161
pottedplant 0.0069 274 72 358 128
pottedplant 0.0064 235 99 279 199
pottedplant 0.0064 225 85 246 152
pottedplant 0.0062 313 122 350 218
pottedplant 0.0057 233 29 257 53
pottedplant 0.0057 444 138 498 356
pottedplant 0.0054 252 77 276 138
pottedplant 0.0054 289 161 313 228
pottedplant 0.0053 178 147 222 242
pottedplant 0.0051 251 0 274 47
pottedplant 0.0048 232 -10 274 56
pottedplant 0.0047 393 155 442 196
pottedplant 0.0045 118 85 138 150
pottedplant 0.0045 329 170 350 242
pottedplant 0.0044 321 172 344 235
pottedplant 0.0042 277 125 309 217
pottedplant 0.0041 87 111 114 161
pottedplant 0.0041 167 70 223 107
pottedplant 0.0040 71 79 107 189
pottedplant 0.0039 208 63 225 81
pottedplant 0.0038 366 97 409 178
pottedplant 0.0037 373 163 407 256
pottedplant 0.0035 295 40 310 61
pottedplant 0.0034 224 1 299 59
pottedplant 0.0034 87 48 123 151
pottedplant 0.0033 176 3 272 57
pottedplant 0.0032 162 -6 245 48
pottedplant 0.0032 339 114 362 160
pottedplant 0.0032 271 127 296 187
pottedplant 0.0032 104 76 145 151
pottedplant 0.0031 476 263 499 321
pottedplant 0.0031 285 48 301 69
pottedplant 0.0028 202 63 249 96
pottedplant 0.0027 97 82 121 137
pottedplant 0.0027 25 83 107 151
pottedplant 0.0027 336 119 382 212
pottedplant 0.0027 350 114 406 160
pottedplant 0.0026 370 203 393 264
pottedplant 0.0026 1 72 47 159
pottedplant 0.0026 271 60 318 135
pottedplant 0.0025 376 140 451 215
pottedplant 0.0025 165 64 267 137
pottedplant 0.0025 224 66 244 132
pottedplant 0.0025 294 61 344 137
pottedplant 0.0024 216 69 234 90
pottedplant 0.0024 250 125 296 170
pottedplant 0.0024 335 141 413 228
pottedplant 0.0023 406 54 504 253
