bottle 0.0014 392 297 420 354
cat 0.0028 392 297 420 354
chair 0.0738 0 215 168 373
chair 0.0109 446 296 495 371
chair 0.0079 109 127 320 380
chair 0.0067 384 290 432 367
chair 0.0060 383 293 483 367
chair 0.0019 450 334 500 375
chair 0.0017 471 316 498 375
chair 0.0015 0 250 24 376
chair 0.0013 407 311 499 376
chair 0.0013 361 311 470 378
chair 0.0011 277 292 388 377
chair 0.0011 268 125 411 379
chair 0.0010 -1 285 49 370
chair 0.0010 488 300 500 391
diningtable 0.0011 407 295 496 370
dog 0.0027 392 297 420 354
person 0.9973 113 31 320 372
person 0.6316 272 94 404 377
person 0.0137 162 77 419 377
person 0.0010 19 6 401 384
pottedplant 0.0424 310 61 399 213
pottedplant 0.0209 303 64 395 139
pottedplant 0.0059 267 32 407 359
pottedplant 0.0028 269 39 402 184
sofa 0.1310 0 215 168 373
sofa 0.0090 96 128 389 376
tvmonitor 0.0010 4 198 163 360
