bird 0.0029 57 62 118 123
cow 0.0022 330 101 395 274
cow 0.0015 57 62 118 123
cow 0.0012 352 49 400 299
dog 0.0013 57 62 118 123
person 0.0122 -2 42 37 121
person 0.0041 0 46 21 142
person 0.0040 57 62 118 123
person 0.0017 -1 29 48 161
person 0.0014 55 58 122 200
sheep 0.9980 87 47 325 247
sheep 0.3667 51 60 120 218
sheep 0.0647 57 62 118 123
sheep 0.0286 82 83 256 216
sheep 0.0135 297 -29 402 277
sheep 0.0073 76 63 185 187
sheep 0.0053 4 7 345 285
sheep 0.0049 225 18 354 273
sheep 0.0039 351 122 399 278
sheep 0.0026 330 62 396 286
sheep 0.0022 -2 42 37 121
sheep 0.0021 0 53 71 231
sheep 0.0017 297 138 358 269
sheep 0.0017 362 233 398 296
sheep 0.0016 313 137 347 208
sheep 0.0014 264 143 385 289
sheep 0.0013 59 109 105 205
sheep 0.0012 44 48 177 248
sheep 0.0011 196 46 324 194
sheep 0.0011 265 47 332 178
sheep 0.0011 -3 45 110 308
sheep 0.0010 46 94 306 306
sheep 0.0010 294 -1 398 117
sheep 0.0010 316 106 376 272
