bottle 0.0051 404 168 415 194
bottle 0.0032 286 158 299 187
bottle 0.0031 342 302 358 353
bottle 0.0022 405 162 430 220
bottle 0.0021 331 303 354 352
bottle 0.0020 286 179 299 203
bottle 0.0018 283 146 302 192
bottle 0.0016 219 209 250 297
bottle 0.0015 222 232 245 288
bottle 0.0012 492 349 500 380
bottle 0.0010 49 257 74 317
chair 0.0063 412 124 497 303
chair 0.0028 455 195 500 313
chair 0.0024 312 124 422 297
chair 0.0024 377 178 419 292
chair 0.0022 471 158 498 314
chair 0.0012 405 169 430 232
chair 0.0011 388 171 433 269
chair 0.0010 0 108 64 316
diningtable 0.3731 35 256 470 370
diningtable 0.0021 413 159 495 307
diningtable 0.0013 294 325 492 378
person 0.9929 74 75 240 275
person 0.8267 0 97 63 296
person 0.7139 298 121 411 283
person 0.1986 183 89 229 179
person 0.1883 280 125 307 183
person 0.1839 238 142 268 199
person 0.1076 213 123 240 165
person 0.0832 258 136 287 189
person 0.0751 413 74 501 325
person 0.0683 233 141 259 187
person 0.0420 52 140 87 258
person 0.0364 221 141 260 216
person 0.0309 163 97 242 267
person 0.0292 221 136 249 189
person 0.0173 234 141 282 245
person 0.0155 226 144 296 209
person 0.0150 442 -79 500 361
person 0.0118 272 127 296 178
person 0.0108 240 138 266 174
person 0.0108 473 124 499 306
person 0.0103 283 146 302 192
person 0.0103 288 128 314 194
person 0.0094 -2 35 90 250
person 0.0090 247 142 279 196
person 0.0084 244 133 314 194
person 0.0082 214 137 240 183
person 0.0078 0 39 24 199
person 0.0072 200 125 246 230
person 0.0069 436 148 499 311
person 0.0061 -4 12 35 308
person 0.0061 264 140 282 163
person 0.0058 470 30 500 364
person 0.0052 224 133 242 155
person 0.0046 481 13 500 302
person 0.0043 0 77 26 277
person 0.0042 188 125 255 271
person 0.0041 217 131 236 158
person 0.0039 455 195 500 313
person 0.0037 190 103 219 164
person 0.0037 255 140 272 163
person 0.0032 183 118 213 169
person 0.0031 244 141 264 165
person 0.0028 235 149 256 207
person 0.0028 41 132 66 209
person 0.0027 236 141 254 165
person 0.0025 286 158 299 187
person 0.0024 3 119 79 380
person 0.0023 3 92 53 222
person 0.0023 191 121 240 165
person 0.0023 237 149 254 175
person 0.0022 252 143 303 246
person 0.0021 181 113 230 241
person 0.0021 46 121 86 206
person 0.0021 251 138 275 172
person 0.0020 219 153 256 278
person 0.0018 313 125 483 304
person 0.0018 217 140 236 165
person 0.0017 179 77 256 201
person 0.0017 473 211 499 332
person 0.0017 289 127 336 189
person 0.0016 83 92 172 175
person 0.0015 58 145 86 218
person 0.0014 135 69 237 218
person 0.0014 277 140 316 252
person 0.0014 244 149 262 174
person 0.0014 207 118 230 166
person 0.0013 0 -28 55 235
person 0.0013 304 144 320 200
person 0.0013 49 142 75 204
person 0.0013 34 125 101 275
person 0.0013 274 143 297 195
person 0.0012 25 110 71 212
person 0.0012 226 140 243 164
person 0.0012 202 133 279 194
person 0.0012 225 134 263 175
person 0.0012 216 152 236 173
person 0.0011 275 138 290 166
person 0.0010 59 87 156 271
person 0.0010 276 125 366 267
person 0.0010 -2 74 51 166
sofa 0.0016 413 159 495 307
