bird 0.0029 402 -86 505 132
bus 0.0040 369 123 494 243
bus 0.0032 132 69 408 315
bus 0.0012 406 157 496 237
bus 0.0011 0 158 26 192
car 0.9989 119 68 379 319
car 0.6309 0 158 26 192
car 0.0837 102 137 137 166
car 0.0438 0 158 15 204
car 0.0355 369 123 494 243
car 0.0197 0 160 45 188
car 0.0156 406 157 496 237
car 0.0071 369 159 417 244
car 0.0039 451 160 498 242
car 0.0026 24 168 43 191
car 0.0023 12 165 53 193
car 0.0014 0 154 10 227
car 0.0013 13 161 35 185
car 0.0011 101 70 186 286
car 0.0011 0 156 24 176
car 0.0010 364 160 459 237
person 0.0056 489 157 500 267
person 0.0028 475 154 498 247
person 0.0026 451 160 498 242
person 0.0020 218 105 271 145
person 0.0010 178 103 235 143
