bottle 0.0091 56 -1 106 42
bottle 0.0089 51 0 159 47
bottle 0.0076 30 -4 54 43
bottle 0.0049 86 2 134 35
bottle 0.0043 101 -1 183 52
bottle 0.0030 40 0 63 55
bottle 0.0029 23 0 44 38
bottle 0.0026 88 -1 114 38
bottle 0.0025 98 2 161 36
bottle 0.0022 1 0 52 82
bottle 0.0018 101 7 119 31
bottle 0.0017 26 4 41 31
bottle 0.0017 90 10 150 46
bottle 0.0017 58 4 84 48
bottle 0.0013 77 -4 124 30
bottle 0.0012 52 2 73 53
bottle 0.0011 19 0 110 52
bottle 0.0010 34 0 49 23
bottle 0.0010 98 -4 122 29
bottle 0.0010 109 7 129 31
bottle 0.0010 37 0 90 43
cat 0.0017 208 175 425 352
chair 0.0509 191 110 441 365
chair 0.0061 184 -14 259 280
chair 0.0030 440 33 498 282
chair 0.0016 196 169 396 310
chair 0.0010 71 30 505 417
diningtable 0.0023 191 110 441 365
diningtable 0.0011 242 82 414 202
dog 0.9905 201 173 400 349
dog 0.0037 207 94 494 370
dog 0.0018 188 180 329 296
person 0.5020 177 -19 258 215
person 0.0800 174 114 421 362
person 0.0112 139 2 280 233
person 0.0074 101 -1 183 52
person 0.0059 152 -19 216 213
person 0.0050 106 -7 249 158
person 0.0032 51 0 159 47
person 0.0022 175 -12 316 307
person 0.0020 445 -76 499 320
person 0.0016 196 169 396 310
person 0.0015 480 -5 501 168
person 0.0010 127 -11 200 178
pottedplant 0.0036 73 -1 176 49
pottedplant 0.0026 98 2 161 36
pottedplant 0.0010 90 10 150 46
sofa 0.0301 191 110 441 365
sofa 0.0020 71 30 505 417
sofa 0.0019 184 -14 259 280
tvmonitor 0.0023 478 -27 500 117
tvmonitor 0.0012 481 0 500 200
