bicycle 0.0023 44 121 203 381
bicycle 0.0018 373 221 498 376
bicycle 0.0012 394 288 502 377
bottle 0.0032 410 182 427 199
bottle 0.0029 194 272 214 342
bottle 0.0015 432 180 443 205
bottle 0.0013 194 291 293 376
car 0.0019 370 154 497 318
car 0.0015 44 121 203 381
car 0.0014 487 168 500 235
car 0.0011 489 188 500 216
car 0.0011 362 163 435 231
car 0.0010 476 178 500 226
chair 0.1511 393 195 503 383
chair 0.0713 394 288 502 377
chair 0.0285 -1 287 44 373
chair 0.0258 44 121 203 381
chair 0.0173 0 98 48 402
chair 0.0108 445 290 500 371
chair 0.0081 200 289 309 376
chair 0.0047 -3 240 57 377
chair 0.0037 2 288 88 375
chair 0.0032 0 173 25 374
chair 0.0031 372 210 462 374
chair 0.0030 477 208 500 377
chair 0.0026 290 148 382 390
chair 0.0023 0 162 90 382
chair 0.0022 363 294 465 373
chair 0.0021 41 248 138 372
chair 0.0020 373 187 423 234
chair 0.0020 40 258 86 373
chair 0.0020 372 167 443 199
chair 0.0016 450 241 500 349
chair 0.0015 365 156 430 188
chair 0.0015 14 224 188 382
chair 0.0014 59 292 151 375
chair 0.0010 357 167 434 351
chair 0.0010 410 182 427 199
diningtable 0.0114 394 288 502 377
diningtable 0.0082 393 195 503 383
diningtable 0.0025 -1 287 44 373
diningtable 0.0024 2 249 91 371
diningtable 0.0018 200 289 309 376
diningtable 0.0015 340 157 491 371
diningtable 0.0010 0 108 88 396
dog 0.0017 194 291 293 376
dog 0.0010 0 98 48 402
horse 0.0010 0 98 48 402
motorbike 0.0016 44 121 203 381
person 0.9964 42 53 202 371
person 0.7602 389 147 502 358
person 0.7379 284 53 379 378
person 0.5821 180 56 298 380
person 0.4564 0 73 48 360
person 0.2503 41 104 64 162
person 0.0874 37 103 66 210
person 0.0255 474 94 498 224
person 0.0232 1 98 45 255
person 0.0180 40 101 77 179
person 0.0175 0 90 29 304
person 0.0148 47 102 71 150
person 0.0138 4 92 85 306
person 0.0129 474 83 497 148
person 0.0104 32 117 57 170
person 0.0087 453 141 503 222
person 0.0068 171 43 236 387
person 0.0061 45 109 61 138
person 0.0060 475 134 500 296
person 0.0052 266 51 334 374
person 0.0051 32 131 54 193
person 0.0046 486 82 500 166
person 0.0044 -1 -25 55 258
person 0.0040 0 63 28 215
person 0.0037 458 78 495 165
person 0.0029 194 291 293 376
person 0.0028 -6 62 140 371
person 0.0026 430 148 500 299
person 0.0019 474 131 499 192
person 0.0019 199 54 370 347
person 0.0019 477 175 499 369
person 0.0017 -1 97 10 189
person 0.0017 486 111 499 197
person 0.0017 51 105 68 128
person 0.0015 240 36 314 396
person 0.0015 465 83 488 147
person 0.0014 -2 106 25 165
person 0.0014 1 73 42 175
person 0.0012 34 105 57 149
person 0.0011 182 236 305 377
person 0.0011 31 115 65 276
person 0.0011 370 161 460 354
person 0.0010 271 92 295 140
pottedplant 0.0013 182 236 305 377
sofa 0.0481 379 162 498 381
sofa 0.0015 0 98 48 402
sofa 0.0013 -1 287 44 373
tvmonitor 0.0066 365 156 430 188
tvmonitor 0.0065 370 181 425 226
tvmonitor 0.0024 372 167 443 199
