bottle 0.0016 256 141 268 168
chair 0.1873 104 75 420 351
chair 0.0398 41 142 236 377
chair 0.0066 166 187 422 337
chair 0.0064 189 128 396 306
chair 0.0015 -1 128 93 381
chair 0.0014 287 122 395 188
chair 0.0013 176 68 261 163
chair 0.0010 214 76 261 159
person 0.9957 167 68 417 337
person 0.0122 172 70 334 226
person 0.0100 176 68 261 163
person 0.0078 168 65 278 323
person 0.0054 59 150 452 355
person 0.0045 204 189 432 332
person 0.0033 166 75 246 209
person 0.0012 156 132 362 305
person 0.0012 43 90 295 366
sofa 0.1095 104 75 420 351
sofa 0.0015 40 150 290 374
tvmonitor 0.0010 176 68 261 163
