boat 0.3802 74 216 229 351
boat 0.3759 213 313 373 356
boat 0.2377 42 146 259 354
boat 0.1635 54 168 147 236
boat 0.0673 75 90 372 344
boat 0.0631 -5 171 140 334
boat 0.0615 69 149 235 277
boat 0.0374 67 223 379 346
boat 0.0336 26 154 137 218
boat 0.0225 162 177 367 329
boat 0.0195 70 191 140 223
boat 0.0187 86 152 365 275
boat 0.0182 9 111 142 241
boat 0.0167 117 -4 338 278
boat 0.0145 73 180 135 213
boat 0.0143 200 1 275 165
boat 0.0128 179 287 362 362
boat 0.0114 149 155 244 215
boat 0.0103 8 132 110 199
boat 0.0096 277 176 338 218
boat 0.0096 94 111 286 240
boat 0.0094 55 171 135 203
boat 0.0089 2 169 121 234
boat 0.0061 50 134 145 200
boat 0.0059 92 172 180 241
boat 0.0058 168 206 262 268
boat 0.0054 46 161 105 194
boat 0.0053 64 159 170 217
boat 0.0051 39 111 120 180
boat 0.0043 -1 150 90 215
boat 0.0042 223 327 360 367
boat 0.0041 47 133 104 164
boat 0.0041 33 45 273 306
boat 0.0040 10 66 111 216
boat 0.0038 170 136 260 200
boat 0.0038 46 141 105 177
boat 0.0035 52 132 150 264
boat 0.0031 150 6 306 171
boat 0.0031 50 120 102 156
boat 0.0031 95 281 217 349
boat 0.0029 124 165 231 241
boat 0.0026 55 273 311 355
boat 0.0025 1 236 111 324
boat 0.0025 185 -1 341 127
boat 0.0025 149 183 243 261
boat 0.0024 148 95 246 270
boat 0.0023 119 169 161 243
boat 0.0021 194 127 239 205
boat 0.0020 94 244 223 316
boat 0.0019 36 98 87 188
boat 0.0019 181 155 239 198
boat 0.0019 110 181 199 255
boat 0.0018 46 181 105 211
boat 0.0017 166 148 261 288
boat 0.0017 284 189 349 222
boat 0.0017 158 265 224 303
boat 0.0017 271 151 357 217
boat 0.0017 16 92 106 165
boat 0.0016 102 156 211 217
boat 0.0016 192 150 278 216
boat 0.0016 51 188 119 225
boat 0.0016 85 199 144 234
boat 0.0016 167 313 312 360
boat 0.0016 4 166 52 207
boat 0.0015 77 164 134 192
boat 0.0015 -2 107 91 184
boat 0.0014 53 122 105 204
boat 0.0014 72 167 167 347
boat 0.0014 54 151 116 185
boat 0.0014 40 26 115 178
boat 0.0014 292 125 342 172
boat 0.0013 281 172 378 228
boat 0.0013 125 133 231 197
boat 0.0013 -9 257 146 371
boat 0.0013 219 148 385 283
boat 0.0013 -4 113 93 289
boat 0.0012 3 143 47 221
boat 0.0011 117 185 157 286
boat 0.0011 52 201 153 274
boat 0.0011 78 210 133 241
boat 0.0010 146 342 179 353
car 0.0015 5 315 29 330
person 0.0620 237 215 261 270
person 0.0364 119 177 159 253
person 0.0279 235 179 273 269
person 0.0178 134 175 175 257
person 0.0079 125 194 146 255
person 0.0070 92 172 180 241
person 0.0066 232 144 276 222
person 0.0043 244 196 270 253
person 0.0034 246 214 269 270
person 0.0031 207 131 256 204
person 0.0029 194 127 239 205
person 0.0028 236 206 271 304
person 0.0028 212 130 292 279
person 0.0027 192 150 278 216
person 0.0025 153 177 173 233
person 0.0020 110 181 199 255
person 0.0018 142 181 166 251
person 0.0018 37 152 56 200
person 0.0018 209 206 292 269
person 0.0013 263 365 274 374
person 0.0013 153 192 171 255
