bicycle 0.0024 123 142 205 207
bicycle 0.0010 106 128 366 340
boat 0.0010 471 175 499 298
car 0.0483 66 141 142 210
car 0.0099 470 186 498 326
car 0.0019 66 132 113 172
car 0.0018 72 149 127 197
car 0.0015 473 156 499 280
car 0.0015 108 144 321 327
car 0.0015 65 124 146 307
car 0.0013 61 133 181 196
car 0.0013 123 142 205 207
car 0.0011 288 143 448 249
car 0.0011 452 148 499 360
car 0.0010 487 176 499 249
car 0.0010 477 196 500 247
car 0.0010 117 150 160 196
motorbike 0.9950 96 148 334 352
motorbike 0.0095 123 142 205 207
motorbike 0.0085 117 134 311 260
motorbike 0.0082 190 145 376 311
motorbike 0.0060 66 141 142 210
motorbike 0.0020 68 127 210 251
motorbike 0.0020 283 162 448 281
motorbike 0.0014 109 143 217 326
motorbike 0.0013 137 153 220 235
motorbike 0.0010 68 121 108 202
person 0.0539 294 141 312 184
person 0.0320 183 140 210 184
person 0.0172 123 142 205 207
person 0.0095 135 135 160 190
person 0.0076 478 177 499 227
person 0.0060 176 141 199 183
person 0.0036 167 138 188 185
person 0.0035 486 171 499 238
person 0.0034 123 145 153 198
person 0.0034 108 144 321 327
person 0.0033 68 113 96 158
person 0.0031 170 141 185 166
person 0.0024 284 138 307 189
person 0.0023 295 137 323 174
person 0.0023 139 137 157 154
person 0.0022 68 121 108 202
person 0.0021 136 148 190 236
person 0.0020 118 137 141 188
person 0.0020 179 142 194 168
person 0.0019 116 136 212 296
person 0.0019 124 138 173 187
person 0.0015 133 146 183 197
person 0.0015 151 137 165 153
person 0.0014 122 133 135 155
person 0.0012 155 137 184 189
person 0.0011 283 141 324 183
person 0.0010 148 141 166 160
train 0.0023 471 175 499 298
