bird 0.0018 77 147 119 211
car 0.0023 205 232 226 247
cow 0.9493 143 234 235 308
cow 0.8805 61 222 146 299
cow 0.8089 355 214 400 301
cow 0.6276 225 215 373 306
cow 0.0482 281 221 385 296
cow 0.0333 281 211 343 235
cow 0.0289 217 203 336 276
cow 0.0243 220 232 305 309
cow 0.0153 219 237 262 308
cow 0.0122 173 237 261 306
cow 0.0052 199 240 245 304
cow 0.0039 332 217 386 298
cow 0.0029 77 147 119 211
cow 0.0026 265 208 363 267
cow 0.0020 141 239 188 305
cow 0.0018 273 217 332 241
cow 0.0013 225 198 366 243
cow 0.0012 129 225 292 310
dog 0.0057 61 222 146 299
dog 0.0055 77 147 119 211
dog 0.0015 355 214 400 301
dog 0.0012 225 215 373 306
horse 0.1504 59 226 146 305
horse 0.0464 235 232 358 306
horse 0.0307 355 214 400 301
horse 0.0217 143 234 235 308
horse 0.0055 281 221 385 296
horse 0.0017 281 211 343 235
horse 0.0017 217 203 336 276
horse 0.0012 220 232 305 309
sheep 0.0245 281 211 343 235
sheep 0.0146 355 214 400 301
sheep 0.0101 146 234 242 307
sheep 0.0050 225 215 373 306
sheep 0.0042 52 221 136 298
sheep 0.0033 77 147 119 211
sheep 0.0011 217 203 336 276
