bird 0.0010 312 160 328 183
bottle 0.0019 121 0 132 26
bottle 0.0019 81 135 100 153
bottle 0.0018 114 0 128 26
bottle 0.0017 93 -5 110 33
bottle 0.0015 312 160 328 183
bottle 0.0012 97 0 107 37
chair 0.9172 -3 164 111 379
chair 0.5989 355 166 420 224
chair 0.5743 269 172 363 263
chair 0.4446 138 182 262 361
chair 0.2767 403 172 502 376
chair 0.1184 64 166 150 349
chair 0.0455 265 144 320 256
chair 0.0266 311 177 363 259
chair 0.0171 261 133 303 220
chair 0.0113 78 173 133 298
chair 0.0110 94 170 190 346
chair 0.0106 69 153 111 194
chair 0.0089 304 173 413 230
chair 0.0085 394 214 437 335
chair 0.0061 319 185 363 219
chair 0.0056 242 226 493 373
chair 0.0047 312 160 328 183
chair 0.0046 300 157 326 187
chair 0.0037 0 155 22 396
chair 0.0033 336 177 364 228
chair 0.0033 235 287 430 377
chair 0.0030 440 151 500 243
chair 0.0030 137 167 186 268
chair 0.0029 287 157 341 249
chair 0.0028 348 167 370 223
chair 0.0027 431 148 498 332
chair 0.0026 328 184 355 201
chair 0.0026 99 165 148 305
chair 0.0025 374 163 422 208
chair 0.0021 119 162 170 268
chair 0.0019 394 179 440 225
chair 0.0018 295 201 367 241
chair 0.0018 268 128 317 193
chair 0.0017 264 149 298 198
chair 0.0017 81 158 171 288
chair 0.0017 345 175 396 227
chair 0.0016 388 162 427 224
chair 0.0015 306 179 356 209
chair 0.0015 381 216 450 368
chair 0.0015 80 159 129 237
chair 0.0014 64 157 109 239
chair 0.0014 356 167 382 223
chair 0.0014 340 183 361 203
chair 0.0013 40 203 127 370
chair 0.0012 477 169 499 377
chair 0.0012 80 166 175 231
chair 0.0012 98 164 161 203
chair 0.0011 65 192 150 277
diningtable 0.2586 42 180 225 363
diningtable 0.1000 269 172 363 263
diningtable 0.0270 63 186 154 359
diningtable 0.0198 344 170 412 224
diningtable 0.0083 397 196 503 382
diningtable 0.0081 94 170 190 346
diningtable 0.0072 21 173 165 296
diningtable 0.0051 -1 178 133 365
diningtable 0.0040 246 162 486 386
diningtable 0.0038 269 171 457 270
diningtable 0.0033 73 194 175 277
diningtable 0.0018 80 166 175 231
diningtable 0.0013 293 174 373 233
diningtable 0.0011 135 185 265 360
person 0.0018 312 160 328 183
pottedplant 0.0255 312 160 328 183
pottedplant 0.0066 261 125 301 195
pottedplant 0.0051 300 157 326 187
pottedplant 0.0048 260 87 283 141
pottedplant 0.0038 81 135 100 153
pottedplant 0.0036 245 82 282 161
pottedplant 0.0030 308 152 330 180
pottedplant 0.0028 246 80 262 149
pottedplant 0.0022 304 154 323 177
pottedplant 0.0019 249 76 275 137
pottedplant 0.0010 56 132 105 155
pottedplant 0.0010 444 136 467 153
sofa 0.0080 269 172 363 263
sofa 0.0070 397 196 503 382
sofa 0.0021 344 170 412 224
sofa 0.0012 365 163 415 207
tvmonitor 0.0067 69 153 111 194
tvmonitor 0.0043 53 133 92 156
tvmonitor 0.0013 81 135 100 153
tvmonitor 0.0011 87 158 136 194
