bicycle 0.0055 277 157 362 306
bicycle 0.0032 290 152 382 240
bicycle 0.0030 30 229 76 267
bicycle 0.0017 199 160 231 310
bicycle 0.0014 454 274 495 317
bicycle 0.0013 68 141 139 313
bicycle 0.0011 70 170 112 302
bicycle 0.0010 277 146 320 278
bicycle 0.0010 285 147 427 281
bottle 0.0219 416 216 438 260
bottle 0.0103 420 234 434 262
bottle 0.0069 425 216 446 260
bottle 0.0053 446 216 473 261
bottle 0.0052 417 210 436 228
bottle 0.0043 419 215 436 237
bottle 0.0040 353 136 368 167
bottle 0.0037 420 224 434 252
bottle 0.0036 353 148 371 171
bottle 0.0032 35 236 51 262
bottle 0.0031 429 224 443 250
bottle 0.0031 411 234 425 261
bottle 0.0030 428 235 443 259
bottle 0.0030 426 209 445 227
bottle 0.0026 413 225 425 253
bottle 0.0023 134 150 160 211
bottle 0.0022 428 216 444 237
bottle 0.0017 461 272 488 317
bottle 0.0015 412 216 426 240
bottle 0.0015 359 150 377 170
bottle 0.0014 4 110 21 134
bottle 0.0014 406 219 448 258
bottle 0.0014 485 228 500 307
bottle 0.0014 349 140 375 177
bottle 0.0013 0 112 11 133
bottle 0.0013 321 146 336 175
bottle 0.0012 449 186 462 214
bottle 0.0011 444 222 454 252
bottle 0.0011 315 158 332 181
bottle 0.0010 140 191 156 265
car 0.0052 290 152 382 240
car 0.0050 219 135 293 315
car 0.0031 136 101 205 302
car 0.0027 217 140 369 290
car 0.0020 454 274 495 317
car 0.0019 330 169 420 252
car 0.0012 4 110 21 134
car 0.0011 362 237 468 316
car 0.0011 449 224 493 317
car 0.0010 309 148 395 281
chair 0.0232 449 224 493 317
chair 0.0042 446 216 473 261
chair 0.0020 461 272 488 317
chair 0.0019 472 227 498 314
chair 0.0013 382 255 482 321
chair 0.0012 472 272 497 318
chair 0.0010 435 210 477 303
cow 0.0013 78 203 126 308
diningtable 0.0109 381 233 485 316
diningtable 0.0060 360 257 468 323
diningtable 0.0057 449 224 493 317
diningtable 0.0043 317 174 488 317
diningtable 0.0022 411 219 494 296
diningtable 0.0016 382 206 484 259
diningtable 0.0010 356 223 473 288
dog 0.0024 78 203 126 308
dog 0.0017 449 224 493 317
horse 0.0096 78 203 126 308
horse 0.0065 68 141 139 313
horse 0.0021 97 203 150 305
horse 0.0013 139 125 201 324
motorbike 0.1922 283 152 380 307
motorbike 0.0171 257 147 343 313
motorbike 0.0088 219 135 293 315
motorbike 0.0081 310 152 396 237
motorbike 0.0072 277 146 320 278
motorbike 0.0069 279 186 360 283
motorbike 0.0053 199 160 231 310
motorbike 0.0025 40 228 85 268
motorbike 0.0024 183 169 338 313
motorbike 0.0022 278 153 359 240
motorbike 0.0019 326 159 380 260
motorbike 0.0017 454 274 495 317
motorbike 0.0014 298 145 381 211
motorbike 0.0011 317 174 488 317
motorbike 0.0011 68 141 139 313
person 0.9955 143 105 207 320
person 0.9916 70 92 134 297
person 0.9847 221 120 293 310
person 0.6838 23 104 63 248
person 0.6137 431 168 460 215
person 0.5085 202 115 236 308
person 0.4962 204 117 238 201
person 0.4105 404 173 430 223
person 0.3376 370 163 419 237
person 0.2004 108 95 146 183
person 0.1463 270 132 315 257
person 0.1344 391 161 425 231
person 0.0883 103 99 142 253
person 0.0859 270 131 298 176
person 0.0618 7 117 53 264
person 0.0578 267 132 301 226
person 0.0575 449 224 493 317
person 0.0496 417 161 458 225
person 0.0449 351 133 371 170
person 0.0429 288 144 382 284
person 0.0391 81 97 132 220
person 0.0369 269 127 312 195
person 0.0337 355 156 399 239
person 0.0321 22 106 47 177
person 0.0292 317 142 339 180
person 0.0256 430 163 464 254
person 0.0231 234 117 261 169
person 0.0223 310 152 396 237
person 0.0206 131 100 147 164
person 0.0202 476 146 499 286
person 0.0196 219 122 264 273
person 0.0186 0 101 24 252
person 0.0178 164 109 242 313
person 0.0178 121 98 155 214
person 0.0173 473 206 498 305
person 0.0164 263 132 334 292
person 0.0156 395 162 421 204
person 0.0151 118 94 145 151
person 0.0149 485 228 500 307
person 0.0127 428 166 453 202
person 0.0121 67 102 112 216
person 0.0120 0 107 22 177
person 0.0119 31 105 51 162
person 0.0119 392 168 408 192
person 0.0114 463 228 489 288
person 0.0106 197 190 231 316
person 0.0098 312 150 337 188
person 0.0093 386 166 414 214
person 0.0084 298 145 381 211
person 0.0084 442 170 465 213
person 0.0083 218 117 259 199
person 0.0083 437 177 472 290
person 0.0079 330 169 420 252
person 0.0077 446 216 473 261
person 0.0071 33 109 49 134
person 0.0070 44 115 79 239
person 0.0068 4 110 21 134
person 0.0060 326 159 380 260
person 0.0060 286 157 343 270
person 0.0059 278 135 302 188
person 0.0057 134 150 160 211
person 0.0056 113 90 128 113
person 0.0056 78 203 126 308
person 0.0054 455 179 494 298
person 0.0051 255 138 297 286
person 0.0046 437 177 454 204
person 0.0044 236 121 257 142
person 0.0042 408 176 424 203
person 0.0041 356 158 384 202
person 0.0041 399 168 417 192
person 0.0040 321 141 337 166
person 0.0039 354 129 366 159
person 0.0037 62 128 80 213
person 0.0036 118 79 152 168
person 0.0035 230 184 284 316
person 0.0035 359 150 377 170
person 0.0034 157 107 184 139
person 0.0034 41 108 62 176
person 0.0033 70 170 112 302
person 0.0033 160 111 180 131
person 0.0032 0 112 11 133
person 0.0032 315 158 332 181
person 0.0031 449 186 462 214
person 0.0031 26 109 43 133
person 0.0028 425 184 452 228
person 0.0028 231 126 280 232
person 0.0027 28 108 105 282
person 0.0027 0 106 24 141
person 0.0026 409 169 424 193
person 0.0026 490 185 499 294
person 0.0025 0 116 11 188
person 0.0025 353 144 380 176
person 0.0024 19 110 31 133
person 0.0024 369 184 417 268
person 0.0023 437 187 454 214
person 0.0023 84 88 124 159
person 0.0023 461 272 488 317
person 0.0023 293 142 341 212
person 0.0022 417 210 436 228
person 0.0021 153 174 197 328
pottedplant 0.0106 394 28 499 124
pottedplant 0.0064 4 110 21 134
pottedplant 0.0056 0 106 24 141
pottedplant 0.0036 0 112 11 133
pottedplant 0.0022 399 5 502 232
pottedplant 0.0018 0 106 11 126
pottedplant 0.0012 0 107 22 177
pottedplant 0.0012 351 133 371 170
sofa 0.0030 449 224 493 317
sofa 0.0011 410 230 498 316
tvmonitor 0.0315 446 216 473 261
tvmonitor 0.0015 22 66 69 142
tvmonitor 0.0010 119 102 144 164
