bicycle 0.2506 137 216 272 329
bicycle 0.2057 88 145 259 332
bicycle 0.0233 347 201 388 261
bicycle 0.0177 367 213 386 257
bicycle 0.0042 335 156 376 262
bicycle 0.0021 42 219 249 335
bicycle 0.0013 334 230 384 262
bird 0.0011 367 200 385 258
boat 0.0030 69 38 222 319
car 0.0025 348 178 386 259
car 0.0018 335 156 376 262
chair 0.0084 88 145 259 332
chair 0.0071 335 156 376 262
chair 0.0023 347 201 388 261
chair 0.0014 322 153 357 261
diningtable 0.0010 335 156 376 262
dog 0.0028 367 200 385 258
horse 0.0022 367 200 385 258
horse 0.0019 88 145 259 332
motorbike 0.0390 88 145 259 332
motorbike 0.0133 347 201 388 261
motorbike 0.0125 367 200 385 258
motorbike 0.0093 335 156 376 262
motorbike 0.0021 137 216 272 329
person 0.8897 327 140 375 257
person 0.7914 89 73 249 334
person 0.0909 82 123 173 306
person 0.0630 367 200 385 258
person 0.0516 322 153 357 261
person 0.0199 124 161 272 332
person 0.0141 348 178 386 259
person 0.0103 136 107 228 324
person 0.0082 93 38 193 274
person 0.0065 95 123 144 164
person 0.0020 89 124 128 191
person 0.0019 323 155 340 246
