boat 0.0116 -1 124 501 343
bottle 0.4475 290 80 311 127
bottle 0.0223 283 86 306 135
bottle 0.0128 411 131 440 175
bottle 0.0103 437 112 459 174
bottle 0.0103 474 84 499 139
bottle 0.0095 288 89 303 119
bottle 0.0054 283 81 317 156
bottle 0.0029 487 133 498 209
bottle 0.0021 294 96 308 124
bottle 0.0018 477 147 499 193
bottle 0.0016 279 90 323 132
bottle 0.0014 58 49 109 107
bottle 0.0010 485 87 500 156
car 0.0050 -1 124 501 343
car 0.0018 26 44 109 107
chair 0.0058 -1 124 501 343
chair 0.0044 249 132 305 226
chair 0.0025 269 128 321 227
chair 0.0015 289 110 340 207
chair 0.0014 248 110 341 238
chair 0.0013 104 144 393 272
chair 0.0013 270 136 363 219
chair 0.0013 26 44 109 107
chair 0.0010 235 135 286 220
chair 0.0010 281 84 318 184
diningtable 0.0022 -12 216 507 330
diningtable 0.0018 248 134 343 224
diningtable 0.0016 412 122 497 189
diningtable 0.0011 69 122 437 226
person 0.7434 136 136 280 269
person 0.6315 92 148 496 327
person 0.1712 334 7 408 149
person 0.0792 26 44 109 107
person 0.0775 5 96 265 324
person 0.0742 104 144 393 272
person 0.0638 6 22 52 100
person 0.0484 22 30 67 100
person 0.0178 0 26 86 329
person 0.0146 331 46 384 152
person 0.0118 1 50 45 99
person 0.0114 368 12 411 145
person 0.0108 31 36 71 77
person 0.0091 1 -30 183 302
person 0.0074 123 172 210 256
person 0.0069 7 82 180 257
person 0.0064 299 17 435 156
person 0.0057 188 114 243 148
person 0.0050 162 176 189 224
person 0.0049 8 27 37 85
person 0.0049 17 41 49 93
person 0.0046 3 19 131 162
person 0.0040 80 114 269 241
person 0.0038 29 36 101 273
person 0.0037 193 110 255 135
person 0.0030 29 43 57 100
person 0.0027 0 15 28 106
person 0.0023 290 80 311 127
person 0.0023 183 146 286 306
person 0.0021 281 84 318 184
person 0.0021 37 43 84 85
person 0.0019 38 60 66 103
person 0.0018 -3 229 268 323
person 0.0016 441 75 502 323
person 0.0016 81 163 206 238
person 0.0015 20 29 64 67
person 0.0014 69 122 437 226
person 0.0014 154 49 506 296
person 0.0013 473 79 498 130
person 0.0013 11 13 52 59
person 0.0013 348 73 400 154
person 0.0013 144 187 192 230
person 0.0012 -1 116 61 344
person 0.0012 301 157 500 328
person 0.0011 150 148 207 248
person 0.0011 473 67 498 169
person 0.0011 0 15 10 97
person 0.0011 63 55 355 291
person 0.0010 479 76 500 274
person 0.0010 455 79 497 161
person 0.0010 4 49 54 136
person 0.0010 24 52 70 132
person 0.0010 2 56 98 129
sofa 0.0629 13 149 487 330
sofa 0.0011 26 44 109 107
tvmonitor 0.0076 46 49 114 107
