car 0.0016 0 165 8 196
person 0.2089 294 129 329 231
person 0.0233 297 131 324 174
person 0.0082 298 138 323 201
person 0.0082 476 109 498 159
person 0.0055 296 138 312 164
person 0.0033 282 125 324 201
person 0.0031 462 109 489 158
person 0.0029 206 135 229 191
person 0.0028 0 165 8 196
person 0.0023 486 101 499 166
person 0.0021 133 13 492 337
person 0.0021 300 169 321 230
person 0.0018 300 139 321 161
person 0.0016 258 136 304 224
person 0.0015 295 137 314 185
person 0.0015 312 127 351 228
person 0.0015 489 172 499 285
person 0.0014 291 182 315 234
person 0.0013 388 119 413 166
person 0.0013 400 120 416 163
person 0.0012 274 170 291 229
person 0.0011 297 146 310 172
person 0.0010 240 139 281 217
train 0.9998 8 40 498 343
