car 0.0043 5 13 494 384
chair 0.1010 233 73 477 379
chair 0.0404 7 12 419 384
chair 0.0283 31 128 320 376
chair 0.0106 397 83 503 314
chair 0.0040 227 27 441 265
chair 0.0033 364 162 500 363
chair 0.0030 331 76 480 219
chair 0.0028 251 142 405 373
chair 0.0015 410 87 458 183
chair 0.0015 477 135 499 335
chair 0.0012 489 175 500 285
chair 0.0010 434 107 500 368
person 0.9444 236 72 420 377
person 0.9417 36 46 312 377
person 0.1826 227 27 441 265
person 0.0800 31 141 472 370
person 0.0165 220 30 370 186
person 0.0051 297 137 504 379
person 0.0046 74 22 251 198
person 0.0031 193 160 389 363
person 0.0025 110 26 387 277
person 0.0020 331 76 480 219
person 0.0016 141 -8 502 393
sofa 0.8720 2 64 496 390
sofa 0.2616 153 127 431 376
sofa 0.0355 31 128 320 376
sofa 0.0038 225 41 483 354
sofa 0.0021 297 137 504 379
