bottle 0.4976 157 250 199 333
bottle 0.1554 159 262 178 329
bottle 0.0996 143 226 191 330
bottle 0.0276 175 255 197 325
bottle 0.0082 153 217 204 299
bottle 0.0079 136 237 219 317
bottle 0.0070 165 255 187 324
bottle 0.0048 132 163 225 340
bottle 0.0018 171 229 223 273
bottle 0.0017 147 223 246 289
bottle 0.0013 277 181 390 251
bottle 0.0010 171 250 223 329
car 0.0027 3 95 494 368
chair 0.0924 39 115 309 360
chair 0.0435 3 95 494 368
chair 0.0369 206 112 440 366
chair 0.0072 84 138 263 318
chair 0.0052 8 93 189 372
chair 0.0052 2 223 140 376
chair 0.0040 276 137 507 375
chair 0.0013 189 146 385 315
chair 0.0011 153 185 492 386
dog 0.0025 246 138 403 328
person 0.7775 206 112 440 366
person 0.7640 55 134 367 374
person 0.1552 276 137 507 375
person 0.0618 84 138 263 318
person 0.0522 234 152 325 313
person 0.0301 189 146 385 315
person 0.0071 1 32 501 364
person 0.0039 111 225 456 372
person 0.0030 5 67 260 333
person 0.0016 278 175 402 369
person 0.0014 238 145 325 240
person 0.0013 36 168 232 344
person 0.0010 23 116 239 256
sofa 0.9666 5 136 493 382
sofa 0.1246 276 137 507 375
sofa 0.0555 206 112 440 366
sofa 0.0162 39 115 309 360
sofa 0.0025 73 223 427 374
