aeroplane 0.8835 84 107 419 214
aeroplane 0.1109 24 111 243 209
aeroplane 0.0119 126 110 239 175
aeroplane 0.0077 100 128 158 155
aeroplane 0.0059 38 192 104 209
aeroplane 0.0049 246 112 470 206
aeroplane 0.0040 304 127 357 155
aeroplane 0.0036 82 131 139 153
aeroplane 0.0033 196 133 324 212
aeroplane 0.0029 303 136 323 149
aeroplane 0.0028 110 137 132 151
aeroplane 0.0026 305 132 479 177
aeroplane 0.0022 175 126 237 155
aeroplane 0.0022 143 125 209 158
aeroplane 0.0021 24 116 185 160
aeroplane 0.0019 268 115 439 164
aeroplane 0.0019 131 135 236 210
aeroplane 0.0018 59 193 121 209
aeroplane 0.0017 217 132 236 151
aeroplane 0.0016 312 135 332 150
aeroplane 0.0016 320 135 341 150
aeroplane 0.0016 118 135 140 150
aeroplane 0.0015 100 136 123 149
aeroplane 0.0014 146 142 423 233
aeroplane 0.0013 79 196 103 207
aeroplane 0.0012 259 139 372 213
aeroplane 0.0012 267 120 398 193
aeroplane 0.0010 267 136 318 167
car 0.0077 79 196 103 207
car 0.0048 89 196 113 207
car 0.0023 58 195 84 207
car 0.0020 38 192 104 209
car 0.0020 68 196 93 207
car 0.0010 98 196 119 207
person 0.0255 249 183 260 218
person 0.0246 179 167 196 215
person 0.0017 308 160 330 219
