bottle 0.3147 117 9 169 110
bottle 0.1434 155 141 183 185
bottle 0.0356 98 7 151 110
bottle 0.0228 101 0 118 19
bottle 0.0209 109 5 130 66
bottle 0.0151 83 3 171 157
bottle 0.0145 148 122 180 202
bottle 0.0076 108 1 127 19
bottle 0.0069 147 139 172 185
bottle 0.0056 109 26 131 82
bottle 0.0053 80 1 135 82
bottle 0.0052 164 148 185 192
bottle 0.0050 118 39 168 151
bottle 0.0037 101 -5 124 57
bottle 0.0035 145 72 176 207
bottle 0.0034 106 -2 130 38
bottle 0.0033 121 111 135 132
bottle 0.0020 138 21 171 129
bottle 0.0019 160 147 177 177
bottle 0.0016 113 101 127 124
bottle 0.0014 86 -1 134 36
bottle 0.0014 138 129 158 176
bottle 0.0012 116 17 139 75
bottle 0.0011 92 0 111 19
bottle 0.0010 167 156 182 185
cat 0.0016 106 163 261 376
chair 0.0048 350 -19 501 369
dog 0.7412 151 166 261 370
dog 0.0012 12 163 269 364
person 0.8867 337 -40 500 360
person 0.0036 67 1 149 80
person 0.0031 81 2 171 195
person 0.0013 106 163 261 376
pottedplant 0.0023 121 111 135 132
pottedplant 0.0017 149 141 188 185
pottedplant 0.0013 113 101 127 124
sofa 0.0010 97 153 265 367
