bicycle 0.1851 245 94 493 356
bicycle 0.0991 -2 0 495 369
bicycle 0.0289 258 120 477 257
bicycle 0.0097 184 23 323 190
bicycle 0.0085 358 111 504 263
bicycle 0.0067 63 -1 145 41
bicycle 0.0041 192 -3 245 85
bicycle 0.0040 357 71 507 373
bicycle 0.0038 251 144 416 290
bicycle 0.0037 229 62 317 213
bicycle 0.0031 319 8 499 293
bicycle 0.0024 147 78 432 371
bicycle 0.0020 51 0 92 37
bicycle 0.0020 378 145 493 212
bicycle 0.0016 327 76 497 223
bicycle 0.0010 129 254 380 373
bicycle 0.0010 201 11 452 285
boat 0.0219 -2 0 495 369
bottle 0.0381 291 206 314 256
bottle 0.0032 306 154 395 240
bottle 0.0027 285 139 388 291
bottle 0.0014 289 213 334 249
car 0.0350 284 26 321 68
car 0.0223 342 0 491 147
car 0.0183 51 0 92 37
car 0.0111 0 -3 55 84
car 0.0089 2 -4 84 55
car 0.0071 288 9 330 75
car 0.0051 28 -2 78 40
car 0.0050 16 -2 324 326
car 0.0031 336 18 350 35
car 0.0029 191 -1 240 39
car 0.0024 -2 54 496 378
car 0.0022 402 92 495 152
car 0.0016 185 5 317 144
car 0.0015 281 11 322 48
car 0.0012 232 10 324 79
car 0.0011 69 0 131 34
car 0.0010 473 94 501 137
car 0.0010 219 19 303 101
car 0.0010 350 -1 398 92
cat 0.0024 272 287 361 375
chair 0.0975 20 49 382 372
chair 0.0094 219 46 303 195
chair 0.0053 0 63 49 368
chair 0.0049 6 21 205 363
chair 0.0042 0 85 21 348
chair 0.0041 243 131 494 383
chair 0.0040 235 83 291 191
chair 0.0037 351 22 501 180
chair 0.0027 129 254 380 373
chair 0.0025 63 -1 145 41
chair 0.0017 185 5 317 144
chair 0.0016 -1 46 21 234
chair 0.0013 192 -3 245 85
cow 0.0041 77 3 142 30
diningtable 0.0183 16 -2 324 326
diningtable 0.0040 -2 54 496 378
diningtable 0.0014 354 0 496 150
diningtable 0.0013 105 285 404 374
dog 0.0140 272 287 361 375
dog 0.0025 129 254 380 373
dog 0.0016 77 3 142 30
horse 0.0012 77 3 142 30
horse 0.0012 -2 54 496 378
motorbike 0.0130 245 94 493 356
motorbike 0.0114 51 0 92 37
motorbike 0.0055 -2 0 495 369
person 0.9858 8 17 280 371
person 0.0058 342 0 491 147
person 0.0051 51 0 92 37
person 0.0039 0 -20 55 216
person 0.0031 121 22 369 351
person 0.0024 77 3 142 30
person 0.0020 70 1 94 33
person 0.0019 0 49 30 380
person 0.0018 243 131 494 383
person 0.0017 237 3 317 166
person 0.0014 27 139 384 378
person 0.0014 287 53 506 328
person 0.0013 129 254 380 373
person 0.0012 191 -1 240 39
person 0.0012 0 -3 55 84
person 0.0011 0 81 22 314
person 0.0011 0 9 124 364
person 0.0010 1 -8 84 139
pottedplant 0.0037 288 150 387 238
pottedplant 0.0010 192 -3 245 85
sofa 0.0297 18 34 318 382
sofa 0.0034 354 0 496 150
sofa 0.0028 2 126 497 384
tvmonitor 0.0038 473 94 501 137
tvmonitor 0.0031 342 0 491 147
tvmonitor 0.0014 483 93 502 155
