bicycle 0.0015 313 -15 500 224
chair 0.1631 324 -12 492 160
chair 0.0954 176 -5 332 150
chair 0.0682 5 -8 183 151
chair 0.0305 45 100 325 302
chair 0.0222 254 -8 485 219
chair 0.0148 219 -5 438 151
chair 0.0087 355 -118 502 194
chair 0.0050 51 -4 291 141
chair 0.0041 -4 -7 99 171
chair 0.0039 167 -8 406 218
chair 0.0031 194 -21 391 103
chair 0.0023 265 -28 484 106
chair 0.0022 401 -95 505 112
chair 0.0018 172 -1 224 85
chair 0.0015 3 -22 186 313
diningtable 0.0121 5 -8 183 151
diningtable 0.0069 313 -15 500 224
diningtable 0.0048 176 -5 332 150
diningtable 0.0039 51 -4 291 141
diningtable 0.0017 202 -7 450 219
diningtable 0.0011 270 -7 474 152
dog 0.9962 62 137 343 310
dog 0.0070 42 147 238 293
dog 0.0031 216 133 337 293
person 0.0068 45 100 325 302
sofa 0.0086 45 100 325 302
