bicycle 0.0085 24 261 45 312
bicycle 0.0026 24 280 61 314
bottle 0.0010 27 283 42 311
car 0.4904 301 283 487 346
car 0.0115 455 248 495 267
car 0.0064 395 276 492 341
car 0.0023 22 253 44 306
car 0.0021 474 249 496 265
car 0.0018 12 256 39 303
car 0.0013 452 249 499 286
car 0.0011 287 289 395 346
motorbike 0.0102 24 261 45 312
person 0.0353 24 261 45 312
person 0.0070 29 250 51 306
person 0.0022 27 283 42 311
person 0.0017 379 291 401 306
person 0.0014 27 271 41 303
pottedplant 0.0110 0 170 25 299
pottedplant 0.0023 0 199 23 261
pottedplant 0.0020 3 199 42 309
pottedplant 0.0013 0 175 12 264
