bottle 0.0047 43 123 60 200
bottle 0.0030 91 124 110 201
bottle 0.0029 60 218 83 279
bottle 0.0018 60 211 82 251
bottle 0.0014 159 16 180 61
bottle 0.0012 300 205 323 253
car 0.0015 77 115 333 379
chair 0.0378 72 123 298 376
chair 0.0184 -1 189 48 235
chair 0.0062 1 94 59 255
chair 0.0019 0 177 13 245
chair 0.0018 0 153 53 241
chair 0.0015 2 183 89 246
chair 0.0015 -2 197 26 242
chair 0.0010 -2 240 92 379
diningtable 0.0032 -3 179 136 365
diningtable 0.0021 72 123 298 376
diningtable 0.0020 -1 189 48 235
dog 0.0012 77 115 333 379
person 0.9974 81 68 325 374
person 0.9741 225 138 427 375
person 0.7062 373 -11 493 391
person 0.0121 264 0 459 385
person 0.0031 314 126 429 349
person 0.0023 27 43 469 359
person 0.0021 1 73 60 242
person 0.0015 300 205 323 253
person 0.0011 0 177 13 245
person 0.0011 224 154 327 355
pottedplant 0.0019 27 4 69 70
sofa 0.0062 77 115 333 379
sofa 0.0033 1 73 60 242
sofa 0.0025 -1 189 48 235
tvmonitor 0.0010 3 81 55 197
