aeroplane 0.0179 25 34 476 350
bicycle 0.0026 25 34 476 350
bird 0.0018 73 40 367 330
boat 0.0491 17 49 487 390
bottle 0.0021 30 271 44 326
bottle 0.0019 343 214 362 265
bottle 0.0014 73 40 367 330
bottle 0.0013 314 232 335 286
bottle 0.0011 327 107 353 145
bottle 0.0010 136 147 266 211
car 0.0418 17 49 487 390
chair 0.0439 17 49 487 390
chair 0.0037 113 42 454 269
diningtable 0.0072 253 252 482 370
diningtable 0.0013 69 66 432 367
diningtable 0.0010 79 288 427 377
horse 0.0061 17 49 487 390
motorbike 0.0096 25 34 476 350
person 0.9124 103 43 463 327
person 0.0401 217 214 328 369
person 0.0150 15 41 345 269
person 0.0110 125 61 373 234
person 0.0101 143 228 361 376
person 0.0095 104 153 393 373
person 0.0076 94 157 186 239
person 0.0056 181 205 383 336
person 0.0052 461 169 487 211
person 0.0050 183 15 455 232
person 0.0028 321 174 500 281
person 0.0024 113 148 317 289
person 0.0012 316 105 493 266
person 0.0010 472 169 496 213
pottedplant 0.0010 472 169 496 213
sofa 0.0640 17 49 487 390
tvmonitor 0.0022 19 9 482 300
