aeroplane 0.0016 211 43 309 111
boat 0.0039 211 43 309 111
bottle 0.0010 301 105 320 121
bus 0.0069 -3 21 138 293
car 0.9993 178 127 454 336
car 0.4556 1 91 138 292
car 0.2962 451 151 500 191
car 0.0751 20 75 233 292
car 0.0390 355 58 403 93
car 0.0047 489 136 499 205
car 0.0037 211 43 309 111
car 0.0036 -3 81 68 274
car 0.0035 402 131 500 187
car 0.0024 273 60 314 94
car 0.0023 472 140 499 185
car 0.0022 490 154 499 187
car 0.0018 -2 8 48 49
car 0.0011 -59 22 409 344
car 0.0011 32 110 140 164
car 0.0011 232 127 325 186
car 0.0010 20 96 66 132
person 0.9910 116 68 208 316
person 0.0076 209 93 225 119
person 0.0057 283 96 301 117
person 0.0043 216 94 231 119
person 0.0032 280 75 307 118
person 0.0031 257 126 274 143
person 0.0025 123 76 141 118
person 0.0023 301 105 320 121
person 0.0018 130 91 145 116
person 0.0018 127 84 148 123
person 0.0016 276 96 291 118
person 0.0014 276 87 325 122
person 0.0014 211 43 309 111
person 0.0013 291 105 313 119
person 0.0011 141 92 153 114
person 0.0011 124 92 137 117
person 0.0010 252 124 277 161
pottedplant 0.0028 211 43 309 111
pottedplant 0.0012 5 41 94 114
train 0.0059 211 43 309 111
