bicycle 0.0015 120 39 321 338
car 0.0018 120 39 321 338
chair 0.1878 120 39 321 338
chair 0.0111 18 43 159 338
chair 0.0066 286 82 389 337
chair 0.0036 33 -44 468 329
chair 0.0020 179 -3 384 341
chair 0.0011 5 63 90 322
diningtable 0.0056 136 39 348 337
diningtable 0.0014 286 82 389 337
dog 0.0023 125 -13 358 303
motorbike 0.0013 120 39 321 338
person 0.9806 114 7 324 340
person 0.9061 20 0 155 329
person 0.7143 271 -2 386 332
person 0.0754 0 -111 51 353
person 0.0107 177 42 392 337
person 0.0103 0 -55 30 335
person 0.0100 6 25 88 315
person 0.0067 13 1 158 169
person 0.0059 279 -1 387 170
person 0.0049 -1 -31 20 231
person 0.0040 33 -44 468 329
person 0.0019 97 27 188 330
person 0.0016 242 47 265 103
person 0.0014 -4 -13 95 187
person 0.0011 257 41 341 284
sofa 0.0199 136 39 348 337
sofa 0.0039 33 -44 468 329
sofa 0.0018 18 43 159 338
