bus 0.0027 -1 0 26 89
car 0.9997 4 57 497 383
car 0.7238 -6 60 275 243
car 0.2682 96 52 320 161
car 0.1768 59 67 352 210
car 0.0736 0 56 52 141
car 0.0437 -1 66 206 176
car 0.0241 -2 70 48 117
car 0.0148 71 35 128 75
car 0.0143 144 60 300 134
car 0.0094 157 41 279 115
car 0.0072 8 46 87 111
car 0.0043 0 44 29 154
car 0.0038 55 52 199 106
car 0.0036 56 37 106 78
car 0.0034 76 48 143 81
car 0.0034 -1 53 68 228
car 0.0033 81 32 176 85
car 0.0030 0 51 44 95
car 0.0029 70 67 215 128
car 0.0028 66 47 116 83
car 0.0027 95 41 142 70
car 0.0026 29 52 75 98
car 0.0025 212 52 500 339
car 0.0023 5 62 59 107
car 0.0020 400 32 501 90
car 0.0017 -1 11 27 109
car 0.0016 -1 60 28 111
car 0.0015 0 28 13 87
car 0.0013 3 35 23 83
car 0.0012 72 62 147 87
car 0.0012 104 28 156 66
car 0.0011 39 63 82 103
car 0.0010 40 51 135 104
car 0.0010 -2 67 22 210
motorbike 0.0109 0 56 52 141
motorbike 0.0037 -1 61 46 107
motorbike 0.0018 71 35 128 75
person 0.6788 256 -1 291 77
person 0.5949 132 27 162 64
person 0.3785 49 37 75 78
person 0.3353 20 35 46 82
person 0.1935 13 36 34 82
person 0.1572 44 32 78 96
person 0.1392 202 31 228 62
person 0.0993 3 35 23 83
person 0.0809 48 62 292 217
person 0.0660 0 16 12 81
person 0.0589 207 34 225 56
person 0.0522 3 41 49 119
person 0.0484 192 29 235 98
person 0.0464 108 45 219 119
person 0.0451 140 27 157 53
person 0.0416 16 35 30 62
person 0.0412 29 37 54 94
person 0.0356 143 42 260 113
person 0.0346 256 -2 271 74
person 0.0315 96 30 191 89
person 0.0296 23 39 41 59
person 0.0291 222 31 246 63
person 0.0262 215 35 234 57
person 0.0204 10 42 52 90
person 0.0199 40 49 66 100
person 0.0186 56 37 106 78
person 0.0153 123 66 240 132
person 0.0135 153 26 180 66
person 0.0132 210 31 237 63
person 0.0132 122 24 169 89
person 0.0120 5 54 21 80
person 0.0113 28 41 72 111
person 0.0105 53 38 73 61
person 0.0096 1 36 11 75
person 0.0093 77 28 125 70
person 0.0092 119 22 207 73
person 0.0089 -1 0 26 89
person 0.0087 132 75 185 118
person 0.0086 104 28 156 66
person 0.0084 145 21 190 60
person 0.0084 16 53 31 79
person 0.0083 197 34 252 74
person 0.0079 143 26 172 65
person 0.0076 6 41 21 73
person 0.0069 0 -9 10 67
person 0.0068 96 52 320 161
person 0.0068 57 38 84 89
person 0.0062 -1 23 27 136
person 0.0056 9 34 86 96
person 0.0056 0 50 28 98
person 0.0050 32 38 53 58
person 0.0050 195 31 223 79
person 0.0048 43 39 64 58
person 0.0046 199 35 218 57
person 0.0041 173 29 223 65
person 0.0038 77 37 102 77
person 0.0036 96 36 125 74
person 0.0033 160 24 244 74
person 0.0032 380 24 399 47
person 0.0031 8 50 37 96
person 0.0030 18 52 65 95
person 0.0029 60 39 80 60
person 0.0026 131 34 151 59
person 0.0026 24 43 42 69
person 0.0026 1 49 9 82
person 0.0025 101 80 225 151
person 0.0025 250 6 264 69
person 0.0024 444 75 496 164
person 0.0024 447 125 463 147
person 0.0022 445 101 486 148
person 0.0021 131 37 189 123
person 0.0021 380 21 403 71
person 0.0021 73 55 91 78
person 0.0019 144 78 209 113
person 0.0018 270 11 295 79
person 0.0017 57 34 81 68
person 0.0017 372 27 424 67
person 0.0016 40 35 66 66
person 0.0016 28 34 55 66
person 0.0016 0 16 8 56
person 0.0015 69 47 95 82
person 0.0015 444 114 467 153
person 0.0015 0 63 362 369
person 0.0015 24 53 41 80
person 0.0015 74 24 177 74
person 0.0015 34 52 50 80
person 0.0014 148 28 167 50
person 0.0014 73 43 91 70
person 0.0013 36 62 52 90
person 0.0013 67 46 132 84
person 0.0012 106 48 130 65
person 0.0012 32 62 57 104
person 0.0012 127 58 501 369
person 0.0012 99 46 121 67
person 0.0011 376 124 402 160
person 0.0011 346 13 373 63
person 0.0011 192 33 283 93
person 0.0010 33 43 51 67
person 0.0010 261 -2 286 47
person 0.0010 79 54 99 77
