bicycle 0.0061 30 213 129 384
bicycle 0.0014 0 148 78 371
bottle 0.0025 70 281 85 304
cat 0.0012 324 350 374 481
chair 0.1421 -3 134 27 233
chair 0.1389 30 213 129 384
chair 0.0668 44 182 316 459
chair 0.0228 38 219 126 294
chair 0.0154 33 263 88 372
chair 0.0127 -4 115 49 359
chair 0.0120 21 237 183 406
chair 0.0061 26 253 101 412
chair 0.0060 64 234 126 274
chair 0.0058 30 255 127 342
chair 0.0052 -2 140 39 293
chair 0.0026 54 224 113 331
chair 0.0026 16 138 205 429
chair 0.0016 -1 194 85 365
chair 0.0013 51 264 107 369
diningtable 0.0019 7 215 141 373
diningtable 0.0016 -4 132 36 236
person 0.9934 68 73 301 454
person 0.0142 17 88 214 423
person 0.0030 123 73 244 323
pottedplant 0.0125 239 233 265 275
pottedplant 0.0098 19 225 110 376
pottedplant 0.0047 -3 134 53 379
pottedplant 0.0026 33 252 88 348
pottedplant 0.0016 -1 194 85 365
pottedplant 0.0015 70 281 85 304
pottedplant 0.0013 23 265 68 367
pottedplant 0.0011 236 195 273 288
pottedplant 0.0011 66 276 89 310
pottedplant 0.0010 69 289 85 311
sofa 0.0028 44 182 316 459
tvmonitor 0.0016 66 222 123 268
