bicycle 0.0024 480 161 493 180
boat 0.0020 0 131 10 212
bus 0.0072 449 133 499 178
bus 0.0017 453 146 480 181
bus 0.0012 474 144 499 182
bus 0.0012 480 161 493 180
car 0.0111 480 161 493 180
car 0.0048 488 152 498 177
car 0.0042 451 145 497 181
car 0.0035 0 119 8 145
car 0.0033 478 155 495 174
car 0.0028 489 186 499 213
car 0.0019 459 162 472 179
car 0.0019 488 158 499 227
car 0.0017 456 155 477 176
car 0.0017 486 133 499 194
car 0.0011 474 144 499 182
motorbike 0.0010 480 161 493 180
person 0.0044 480 161 493 180
person 0.0023 459 162 472 179
person 0.0021 0 110 8 142
person 0.0010 489 186 499 213
person 0.0010 488 143 498 223
train 0.9995 53 51 446 346
train 0.0152 -3 81 100 281
train 0.0135 -2 124 99 199
train 0.0086 3 -22 125 326
train 0.0055 440 136 493 175
train 0.0020 410 133 499 186
train 0.0011 433 147 482 179
