boat 0.0043 4 86 20 148
boat 0.0030 6 84 20 100
boat 0.0017 5 88 18 108
boat 0.0015 33 95 54 106
bus 0.0016 4 83 20 136
car 0.0081 5 88 18 108
car 0.0025 33 95 54 106
car 0.0019 6 84 20 100
chair 0.0025 4 86 20 148
person 0.0096 4 86 20 148
person 0.0086 5 88 18 108
person 0.0064 240 116 253 142
person 0.0025 241 105 251 137
person 0.0018 393 130 406 153
person 0.0017 468 86 483 131
person 0.0017 6 91 18 123
person 0.0017 470 92 481 123
person 0.0014 471 89 480 111
person 0.0013 273 118 289 139
person 0.0012 27 127 39 148
person 0.0011 242 120 263 138
person 0.0011 400 132 414 151
pottedplant 0.0019 4 86 20 148
train 0.9520 -6 42 506 152
train 0.0319 241 50 488 153
train 0.0033 4 83 20 136
train 0.0018 12 -53 495 213
train 0.0013 10 89 242 136
train 0.0012 5 88 18 108
