aeroplane 0.0023 304 59 503 179
aeroplane 0.0019 289 90 389 152
bicycle 0.0057 354 82 366 103
bicycle 0.0014 473 165 500 217
boat 0.0035 289 90 389 152
boat 0.0020 304 59 503 179
bottle 0.0016 354 82 366 103
bus 0.1047 5 11 274 205
bus 0.0123 217 85 257 155
bus 0.0086 368 68 498 218
bus 0.0066 115 49 294 160
bus 0.0042 276 53 358 119
bus 0.0042 385 101 489 173
bus 0.0035 305 61 357 96
bus 0.0025 302 108 402 160
bus 0.0017 179 78 257 156
bus 0.0015 275 64 460 168
bus 0.0012 79 16 332 138
car 0.2458 151 154 261 238
car 0.1263 302 108 402 160
car 0.0950 217 85 257 155
car 0.0645 306 70 356 103
car 0.0289 473 165 500 217
car 0.0282 280 88 360 149
car 0.0221 295 62 348 95
car 0.0176 304 59 503 179
car 0.0145 151 159 336 258
car 0.0122 179 78 257 156
car 0.0057 232 155 326 240
car 0.0054 317 116 383 151
car 0.0054 316 80 363 107
car 0.0040 487 154 500 230
car 0.0040 403 163 500 230
car 0.0038 137 155 238 211
car 0.0033 298 80 346 113
car 0.0032 351 113 439 167
car 0.0022 354 82 366 103
car 0.0021 163 152 306 214
car 0.0017 268 109 371 160
car 0.0016 306 113 393 138
car 0.0015 5 39 269 178
car 0.0014 276 53 358 119
car 0.0014 278 97 327 148
car 0.0013 298 71 403 143
car 0.0013 368 87 387 101
car 0.0012 320 75 342 95
car 0.0011 313 60 366 96
car 0.0010 378 112 419 170
horse 0.0014 354 82 366 103
motorbike 0.0087 473 165 500 217
motorbike 0.0051 289 90 389 152
motorbike 0.0042 306 80 355 110
motorbike 0.0035 354 82 366 103
motorbike 0.0015 282 92 305 151
motorbike 0.0010 386 166 409 234
person 0.5938 309 148 334 212
person 0.4716 386 166 409 234
person 0.1516 282 92 305 151
person 0.0624 384 121 414 237
person 0.0529 385 112 432 174
person 0.0320 354 82 366 103
person 0.0098 306 80 355 110
person 0.0092 224 143 246 159
person 0.0065 416 107 438 163
person 0.0059 302 159 333 256
person 0.0053 385 101 489 173
person 0.0039 316 143 332 164
person 0.0038 396 108 422 160
person 0.0035 473 165 500 217
person 0.0032 427 110 446 158
person 0.0029 319 143 336 204
person 0.0029 220 135 249 166
person 0.0027 351 113 439 167
person 0.0026 487 154 500 230
person 0.0022 297 86 347 120
person 0.0022 319 84 341 104
person 0.0021 360 84 376 101
person 0.0021 311 85 332 105
person 0.0019 305 149 328 196
person 0.0017 212 126 257 162
person 0.0016 395 123 420 176
person 0.0015 295 62 348 95
person 0.0015 312 138 335 173
person 0.0015 253 154 339 241
person 0.0014 407 105 449 170
person 0.0013 294 85 344 152
person 0.0012 378 102 439 242
person 0.0011 275 96 312 137
person 0.0011 398 165 414 234
person 0.0011 282 98 302 130
person 0.0010 303 65 321 87
train 0.0120 304 59 503 179
train 0.0117 5 11 274 205
train 0.0065 406 99 497 176
train 0.0038 115 49 294 160
train 0.0012 79 16 332 138
