bicycle 0.0014 475 124 499 182
bird 0.0037 454 127 499 230
bird 0.0010 469 148 499 243
bottle 0.0117 478 240 499 341
bottle 0.0020 491 242 499 275
bottle 0.0017 454 254 498 331
bottle 0.0016 475 124 499 182
bottle 0.0011 489 228 500 307
cat 0.0024 454 127 499 230
cat 0.0015 475 124 499 182
chair 0.9678 228 130 327 291
chair 0.7985 310 122 400 273
chair 0.5542 1 161 155 377
chair 0.0450 352 144 445 328
chair 0.0362 274 121 364 270
chair 0.0309 293 128 437 307
chair 0.0139 342 127 404 227
chair 0.0135 312 126 362 235
chair 0.0128 272 120 321 242
chair 0.0060 201 119 288 279
chair 0.0054 294 118 338 240
chair 0.0053 266 74 334 253
chair 0.0046 370 120 413 194
chair 0.0046 346 148 396 278
chair 0.0038 251 127 306 270
chair 0.0038 451 150 502 240
chair 0.0034 231 139 413 264
chair 0.0031 325 131 471 259
chair 0.0025 456 111 499 212
chair 0.0025 470 129 499 228
chair 0.0021 450 177 502 286
chair 0.0016 474 157 500 309
chair 0.0013 441 146 498 323
chair 0.0012 343 120 438 193
chair 0.0011 474 184 501 235
chair 0.0010 484 257 500 338
diningtable 0.2652 229 137 418 293
diningtable 0.0331 247 125 337 278
diningtable 0.0247 297 124 387 270
diningtable 0.0035 327 121 412 277
diningtable 0.0030 275 105 358 260
diningtable 0.0026 346 117 445 316
diningtable 0.0018 0 195 145 376
dog 0.0025 454 127 499 230
dog 0.0013 475 124 499 182
person 0.2838 366 165 447 339
person 0.0221 470 129 499 228
person 0.0130 451 150 502 240
person 0.0058 295 138 426 261
person 0.0052 472 155 499 272
person 0.0043 474 184 501 235
person 0.0043 324 123 475 323
person 0.0029 478 170 501 336
person 0.0029 444 157 497 348
person 0.0024 475 124 499 182
person 0.0023 486 166 500 239
person 0.0023 456 111 499 212
person 0.0019 410 118 504 312
person 0.0015 476 164 500 220
pottedplant 0.0884 279 77 323 155
pottedplant 0.0130 292 65 334 143
pottedplant 0.0090 279 83 304 143
pottedplant 0.0061 292 83 333 189
pottedplant 0.0057 470 129 499 228
pottedplant 0.0052 475 124 499 182
pottedplant 0.0038 268 58 332 222
pottedplant 0.0034 300 76 321 150
pottedplant 0.0033 291 81 311 145
pottedplant 0.0018 311 82 332 145
pottedplant 0.0016 456 111 499 212
pottedplant 0.0013 451 150 502 240
pottedplant 0.0012 486 115 499 192
pottedplant 0.0011 283 66 304 124
sofa 0.5060 -2 158 148 378
sofa 0.0157 352 144 445 328
sofa 0.0023 231 139 413 264
sofa 0.0013 450 166 503 259
tvmonitor 0.0013 476 265 498 327
tvmonitor 0.0010 -2 158 148 378
