bicycle 0.0010 321 118 373 233
cow 0.0308 306 123 374 228
cow 0.0138 0 87 20 151
cow 0.0051 323 146 374 286
cow 0.0038 0 95 44 141
cow 0.0028 15 103 49 139
cow 0.0018 283 114 367 176
cow 0.0016 277 84 374 201
cow 0.0015 246 184 308 226
cow 0.0012 0 95 18 195
dog 0.0028 0 87 20 151
dog 0.0017 306 123 374 228
dog 0.0014 137 86 222 270
dog 0.0010 246 184 308 226
horse 0.3857 138 49 231 282
horse 0.2535 320 131 373 244
horse 0.0634 301 103 376 223
horse 0.0049 0 87 20 151
horse 0.0034 279 59 379 268
horse 0.0021 283 114 367 176
horse 0.0020 355 130 374 247
horse 0.0017 332 113 372 213
horse 0.0015 249 91 369 192
horse 0.0011 173 106 234 271
horse 0.0011 0 95 44 141
horse 0.0010 328 36 372 228
motorbike 0.0018 321 118 373 233
motorbike 0.0013 147 102 230 274
motorbike 0.0010 219 96 287 168
person 0.6839 137 103 223 274
person 0.1338 134 51 236 174
person 0.0030 324 101 374 225
person 0.0027 -1 70 19 141
person 0.0026 356 54 372 211
person 0.0025 219 96 287 168
person 0.0023 129 38 285 249
person 0.0021 365 46 372 127
person 0.0020 0 88 8 142
person 0.0020 173 106 234 271
person 0.0015 42 101 62 127
person 0.0013 169 56 240 211
person 0.0011 331 25 372 213
person 0.0011 357 4 372 146
pottedplant 0.0010 356 2 372 122
sheep 0.0049 0 87 20 151
