bottle 0.0035 323 198 338 220
bottle 0.0035 314 199 331 219
bottle 0.0026 338 60 373 136
bottle 0.0023 488 130 499 212
car 0.0103 117 119 374 334
cat 0.0011 314 199 331 219
chair 0.0653 117 119 374 334
chair 0.0133 366 222 494 327
chair 0.0058 325 197 375 222
chair 0.0045 454 253 500 328
chair 0.0028 314 199 331 219
chair 0.0022 473 172 499 333
chair 0.0017 475 258 498 334
chair 0.0016 375 143 496 353
chair 0.0014 98 218 401 332
chair 0.0013 489 245 500 347
chair 0.0011 323 198 338 220
diningtable 0.0485 317 229 493 328
diningtable 0.0332 117 119 374 334
diningtable 0.0184 16 158 178 340
diningtable 0.0075 98 218 401 332
diningtable 0.0038 287 191 462 321
diningtable 0.0026 325 197 375 222
diningtable 0.0018 317 201 396 271
diningtable 0.0011 362 161 501 322
motorbike 0.0050 117 119 374 334
person 0.9988 136 87 356 330
person 0.3447 0 31 94 199
person 0.3350 375 101 500 280
person 0.2305 221 8 260 86
person 0.1613 203 39 247 89
person 0.0853 45 28 136 174
person 0.0816 233 5 276 85
person 0.0619 74 65 136 164
person 0.0548 0 1 127 324
person 0.0473 0 -28 57 379
person 0.0217 192 9 216 63
person 0.0202 181 8 220 83
person 0.0196 230 6 257 50
person 0.0147 189 27 258 93
person 0.0136 119 10 170 107
person 0.0126 43 10 86 107
person 0.0111 254 4 294 86
person 0.0109 488 130 499 212
person 0.0101 0 41 30 386
person 0.0091 32 5 69 80
person 0.0090 212 35 256 108
person 0.0090 157 4 209 85
person 0.0087 200 47 232 96
person 0.0079 138 14 181 101
person 0.0066 474 106 500 283
person 0.0064 434 86 499 338
person 0.0062 212 24 240 71
person 0.0060 137 85 229 229
person 0.0053 225 10 248 62
person 0.0050 239 6 265 65
person 0.0041 44 37 87 162
person 0.0038 66 37 284 319
person 0.0038 -2 -10 63 182
person 0.0037 -1 12 25 187
person 0.0036 58 48 116 154
person 0.0034 195 13 213 38
person 0.0032 92 115 192 194
person 0.0030 197 40 221 87
person 0.0030 180 54 232 89
person 0.0027 39 0 66 55
person 0.0027 53 56 205 197
person 0.0027 218 33 248 79
person 0.0026 99 10 145 109
person 0.0024 469 60 497 407
person 0.0023 56 7 107 113
person 0.0021 473 172 499 333
person 0.0020 325 180 497 327
person 0.0020 253 3 275 68
person 0.0020 -2 113 93 355
person 0.0019 148 85 205 191
person 0.0019 188 90 462 341
person 0.0019 111 78 218 313
person 0.0017 489 86 499 178
person 0.0017 163 9 244 82
person 0.0016 0 102 19 368
person 0.0015 220 16 298 95
person 0.0014 91 77 252 188
person 0.0014 76 27 164 168
person 0.0014 32 3 57 52
person 0.0014 14 -8 160 130
person 0.0013 77 31 130 134
person 0.0013 228 39 260 89
person 0.0013 214 43 234 65
person 0.0011 477 76 499 203
person 0.0011 325 197 375 222
pottedplant 0.0026 314 199 331 219
sofa 0.0058 117 119 374 334
sofa 0.0014 325 197 375 222
sofa 0.0010 377 117 497 343
tvmonitor 0.0041 325 197 375 222
