bicycle 0.0016 333 113 373 208
car 0.1069 5 186 120 241
car 0.0370 7 108 91 164
car 0.0283 0 128 126 253
car 0.0122 0 77 20 200
car 0.0086 45 154 404 368
car 0.0079 19 116 87 149
car 0.0056 0 91 10 160
car 0.0041 365 115 412 152
car 0.0031 0 96 8 131
car 0.0031 0 104 23 166
car 0.0022 0 99 7 205
car 0.0020 0 104 46 171
car 0.0013 9 120 59 149
car 0.0013 163 43 381 362
car 0.0012 53 118 109 151
car 0.0011 19 135 105 169
motorbike 0.9482 115 136 395 374
motorbike 0.0381 259 158 472 372
motorbike 0.0034 35 236 400 365
motorbike 0.0033 10 55 483 383
motorbike 0.0016 66 235 215 374
motorbike 0.0011 0 77 20 200
motorbike 0.0011 333 113 373 208
person 0.9984 160 58 356 372
person 0.0119 0 96 10 173
person 0.0074 0 77 20 200
person 0.0068 0 104 23 166
person 0.0036 0 96 8 131
person 0.0025 266 125 367 378
person 0.0022 45 154 404 368
person 0.0019 0 113 7 152
person 0.0016 0 70 8 145
person 0.0011 66 235 215 374
person 0.0010 269 83 324 158
