bicycle 0.9235 191 205 289 436
boat 0.0010 12 2 417 406
bottle 0.0017 265 274 288 331
car 0.9765 54 27 376 318
car 0.1684 187 78 397 327
car 0.1115 141 81 304 402
car 0.1068 312 92 406 270
car 0.0574 250 54 405 227
car 0.0449 29 68 253 338
car 0.0288 357 143 405 261
car 0.0183 335 66 419 232
car 0.0174 263 114 381 327
car 0.0167 161 113 338 297
car 0.0067 260 14 313 52
car 0.0038 87 48 339 215
car 0.0035 50 176 220 314
car 0.0027 12 5 88 318
car 0.0025 18 120 196 298
car 0.0019 183 8 237 41
car 0.0019 70 122 288 287
car 0.0017 243 9 322 75
car 0.0017 244 6 311 39
car 0.0016 372 121 411 244
car 0.0010 16 46 175 223
car 0.0010 354 99 407 228
horse 0.0033 193 163 289 443
motorbike 0.0015 9 49 86 311
motorbike 0.0012 194 139 289 424
person 0.5441 29 24 101 157
person 0.1749 180 92 280 384
person 0.0659 12 5 88 318
person 0.0209 214 4 239 42
person 0.0176 42 20 95 113
person 0.0146 133 67 359 347
person 0.0088 138 4 165 41
person 0.0069 261 83 289 122
person 0.0031 15 51 58 160
person 0.0027 183 8 237 41
person 0.0021 141 12 163 33
person 0.0021 210 12 231 36
person 0.0016 43 31 68 75
person 0.0015 204 0 252 35
person 0.0011 37 30 330 315
person 0.0011 43 28 88 77
person 0.0011 161 2 288 50
person 0.0011 173 82 275 254
person 0.0010 25 60 79 175
person 0.0010 13 35 199 308
