bicycle 0.0029 425 258 464 329
bicycle 0.0011 489 210 499 289
boat 0.0029 12 223 74 254
boat 0.0023 46 116 360 366
bottle 0.0017 428 286 442 306
bottle 0.0014 428 305 444 331
bus 0.0024 100 184 122 200
car 0.0211 100 184 122 200
car 0.0036 111 184 126 198
car 0.0028 103 109 413 368
car 0.0025 100 176 122 194
car 0.0025 72 222 90 238
car 0.0019 101 191 122 205
car 0.0010 -1 220 6 318
cat 0.0014 430 264 461 314
chair 0.0030 425 258 464 329
chair 0.0011 412 272 462 344
cow 0.0011 424 264 468 312
dog 0.0023 430 264 461 314
dog 0.0010 52 297 90 340
horse 0.0017 424 264 468 312
person 0.9931 206 99 388 377
person 0.9902 69 122 248 375
person 0.0334 489 210 499 289
person 0.0249 52 297 90 340
person 0.0119 111 184 126 198
person 0.0107 430 264 461 314
person 0.0044 100 184 122 200
person 0.0032 491 242 498 277
person 0.0028 479 217 498 279
person 0.0022 73 212 89 232
person 0.0021 120 182 136 198
person 0.0014 72 222 90 238
person 0.0014 46 297 125 364
person 0.0011 111 191 127 205
person 0.0010 0 237 6 339
pottedplant 0.0019 100 184 122 200
pottedplant 0.0012 111 184 126 198
pottedplant 0.0010 425 258 464 329
train 0.0112 46 116 360 366
train 0.0014 100 184 122 200
