bicycle 0.9996 6 44 394 353
bicycle 0.0405 369 -10 498 383
bicycle 0.0048 -1 113 27 201
bicycle 0.0018 256 -4 486 377
bicycle 0.0016 403 84 501 312
bottle 0.0047 150 133 168 190
bottle 0.0025 160 134 177 191
bottle 0.0019 169 209 184 233
bottle 0.0013 164 157 175 190
bottle 0.0012 160 210 177 232
car 0.1418 -1 128 28 178
car 0.0068 0 124 14 182
car 0.0058 -1 86 24 199
car 0.0044 0 119 43 196
car 0.0032 -2 141 27 201
car 0.0023 0 128 11 160
car 0.0023 2 140 24 165
car 0.0021 0 143 45 181
car 0.0020 -2 114 26 158
car 0.0011 0 58 10 133
car 0.0010 10 130 34 177
car 0.0010 -2 72 25 119
chair 0.0020 -1 113 27 201
horse 0.0012 -1 113 27 201
motorbike 0.0138 -1 128 28 178
motorbike 0.0114 377 -40 498 343
motorbike 0.0026 404 61 498 295
motorbike 0.0023 -1 86 24 199
motorbike 0.0022 0 119 43 196
motorbike 0.0019 0 124 14 182
motorbike 0.0011 326 71 497 380
person 0.0046 412 -18 495 150
person 0.0035 0 124 14 182
person 0.0031 -1 113 27 201
person 0.0026 472 108 495 162
person 0.0026 466 111 489 157
person 0.0020 -1 51 22 191
person 0.0020 35 -5 316 332
person 0.0015 377 -40 498 343
person 0.0014 0 128 11 160
person 0.0011 359 115 395 199
pottedplant 0.0233 410 0 492 164
pottedplant 0.0023 388 17 480 215
pottedplant 0.0018 412 48 460 149
pottedplant 0.0012 389 89 479 152
pottedplant 0.0010 377 -40 498 343
pottedplant 0.0010 436 -9 500 247
pottedplant 0.0010 424 17 475 148
train 0.0012 377 -40 498 343
