aeroplane 0.0083 329 154 347 170
aeroplane 0.0020 382 164 412 178
aeroplane 0.0018 98 166 121 177
bird 0.0029 98 166 121 177
bird 0.0014 329 154 347 170
boat 0.9983 36 -3 371 371
boat 0.2687 7 166 56 194
boat 0.1158 382 164 412 178
boat 0.0997 1 154 46 192
boat 0.0877 375 161 420 182
boat 0.0607 13 156 69 189
boat 0.0558 0 153 137 199
boat 0.0538 329 154 347 170
boat 0.0224 280 155 300 173
boat 0.0148 385 155 408 174
boat 0.0145 383 146 410 180
boat 0.0124 42 158 166 204
boat 0.0118 27 160 114 188
boat 0.0101 34 174 109 191
boat 0.0081 9 136 38 190
boat 0.0067 38 175 65 187
boat 0.0066 330 147 347 166
boat 0.0053 274 147 298 176
boat 0.0052 8 174 38 192
boat 0.0047 23 170 79 191
boat 0.0045 5 142 167 186
boat 0.0036 274 163 296 175
boat 0.0032 43 178 138 206
boat 0.0029 0 171 11 195
boat 0.0026 2 146 28 200
boat 0.0026 54 178 88 187
boat 0.0026 48 169 133 196
boat 0.0026 328 137 348 172
boat 0.0022 46 177 76 187
boat 0.0021 1 179 62 201
boat 0.0021 3 175 25 192
boat 0.0018 18 161 44 184
boat 0.0017 10 161 35 185
boat 0.0017 361 142 418 170
boat 0.0014 168 -16 274 215
boat 0.0014 98 166 121 177
boat 0.0012 30 190 109 214
boat 0.0012 43 189 155 212
boat 0.0012 271 151 313 174
boat 0.0012 215 0 301 198
boat 0.0012 10 182 36 195
boat 0.0011 27 152 113 176
boat 0.0011 82 163 155 181
boat 0.0011 51 167 192 220
boat 0.0010 56 -19 291 231
car 0.0024 408 349 448 380
car 0.0011 332 295 414 371
motorbike 0.0014 414 347 456 381
person 0.9301 324 288 355 376
person 0.8166 279 291 313 371
person 0.3568 408 349 448 380
person 0.1649 389 339 408 374
person 0.0941 415 337 457 379
person 0.0341 326 290 342 380
person 0.0328 295 299 312 369
person 0.0305 348 294 395 373
person 0.0152 302 302 317 366
person 0.0139 291 288 337 371
person 0.0136 400 350 414 373
person 0.0119 416 352 439 374
person 0.0091 425 353 445 376
person 0.0077 410 353 429 374
person 0.0060 280 291 306 329
person 0.0053 274 293 295 357
person 0.0052 300 290 377 373
person 0.0050 289 289 312 347
person 0.0046 370 351 386 374
person 0.0045 397 342 441 376
person 0.0045 383 344 399 370
person 0.0045 339 295 359 377
person 0.0040 243 292 319 367
person 0.0038 329 308 370 376
person 0.0035 277 294 292 317
person 0.0031 362 344 378 371
person 0.0030 262 299 287 352
person 0.0028 367 338 389 373
person 0.0025 368 339 410 372
person 0.0025 348 321 374 371
person 0.0024 275 290 293 307
person 0.0024 425 343 445 368
person 0.0022 396 340 416 373
person 0.0020 98 166 121 177
person 0.0019 273 290 297 328
person 0.0016 277 301 291 329
person 0.0015 421 340 437 357
person 0.0015 283 291 303 307
person 0.0013 334 298 444 370
person 0.0012 329 283 351 336
person 0.0010 263 286 289 328
person 0.0010 261 283 308 357
