bicycle 0.0014 486 178 498 206
bicycle 0.0010 462 195 471 220
bus 0.9998 120 75 466 304
bus 0.0998 475 164 499 205
bus 0.0553 65 82 138 198
bus 0.0522 64 113 108 206
bus 0.0182 71 150 94 199
bus 0.0109 464 162 488 209
bus 0.0072 483 171 500 213
bus 0.0062 473 109 500 208
bus 0.0041 453 172 499 212
bus 0.0039 479 178 496 205
bus 0.0030 459 168 476 221
bus 0.0026 121 138 211 207
bus 0.0025 63 96 199 209
bus 0.0024 79 140 100 189
bus 0.0022 127 112 308 276
bus 0.0016 66 144 138 203
bus 0.0016 103 124 186 196
bus 0.0015 485 143 501 206
bus 0.0014 54 118 93 201
bus 0.0013 468 174 484 196
bus 0.0013 100 157 123 194
car 0.5417 98 167 124 196
car 0.2180 477 172 498 209
car 0.0681 486 178 498 206
car 0.0466 110 170 127 194
car 0.0457 70 160 93 206
car 0.0221 78 150 101 199
car 0.0175 102 166 120 186
car 0.0162 91 173 128 202
car 0.0144 70 162 111 198
car 0.0118 89 165 116 198
car 0.0104 453 172 499 212
car 0.0102 462 189 471 216
car 0.0063 83 169 98 197
car 0.0059 467 168 486 217
car 0.0051 480 187 492 211
car 0.0049 471 179 482 207
car 0.0047 67 139 102 204
car 0.0046 488 185 497 213
car 0.0045 65 168 85 215
car 0.0043 468 174 484 196
car 0.0041 94 165 109 186
car 0.0038 110 163 124 188
car 0.0026 82 160 99 187
car 0.0023 73 162 92 185
car 0.0020 91 178 112 198
car 0.0017 462 182 473 206
car 0.0015 78 160 122 192
car 0.0013 470 187 479 216
car 0.0013 70 186 86 214
car 0.0012 478 165 494 185
car 0.0012 73 154 92 174
car 0.0010 452 193 468 212
motorbike 0.0011 462 189 471 216
person 0.1000 223 168 248 213
person 0.0520 462 189 471 216
person 0.0143 383 180 395 208
person 0.0127 362 179 374 209
person 0.0111 470 187 479 216
person 0.0087 102 166 120 186
person 0.0067 355 188 367 209
person 0.0053 486 178 498 206
person 0.0050 402 183 418 206
person 0.0043 110 163 124 188
person 0.0042 471 179 482 207
person 0.0040 427 221 443 278
person 0.0038 174 162 198 203
person 0.0034 460 181 474 220
person 0.0028 480 187 492 211
person 0.0028 408 182 422 207
person 0.0026 488 185 497 213
person 0.0021 110 170 127 194
person 0.0019 389 183 406 204
person 0.0019 100 157 123 194
person 0.0019 217 163 240 205
person 0.0018 462 182 473 206
person 0.0017 231 164 253 203
person 0.0017 228 166 242 183
person 0.0017 82 153 97 175
person 0.0016 94 165 109 186
person 0.0015 467 168 486 217
person 0.0015 78 150 101 199
person 0.0014 226 178 244 205
person 0.0014 479 178 496 205
person 0.0012 354 173 371 212
person 0.0011 372 183 386 205
person 0.0010 344 190 357 209
person 0.0010 113 155 124 175
person 0.0010 194 156 215 207
train 0.0118 475 164 499 205
train 0.0014 464 162 488 209
train 0.0011 473 109 500 208
