bicycle 0.0063 351 107 433 193
bicycle 0.0061 396 114 475 186
bicycle 0.0057 271 130 362 211
bicycle 0.0015 417 144 498 301
bicycle 0.0012 356 147 381 202
bicycle 0.0012 390 106 432 188
bicycle 0.0011 434 131 459 198
car 0.0365 286 -1 339 43
car 0.0198 242 -1 288 26
car 0.0066 350 73 425 164
car 0.0063 408 79 485 176
car 0.0032 0 -11 11 55
car 0.0032 303 2 358 37
car 0.0026 285 0 388 45
car 0.0024 467 69 482 91
car 0.0021 72 0 128 44
car 0.0021 2 66 45 109
car 0.0021 121 73 193 152
car 0.0017 7 58 81 134
car 0.0017 295 11 347 47
car 0.0017 247 -3 299 41
car 0.0017 329 0 372 40
car 0.0013 216 -2 342 42
car 0.0013 164 2 193 56
car 0.0012 213 41 237 55
car 0.0010 315 -4 367 31
car 0.0010 1 161 26 207
car 0.0010 266 97 339 193
car 0.0010 21 3 111 69
cow 0.0080 417 144 498 301
cow 0.0030 356 154 443 287
cow 0.0021 357 155 380 211
cow 0.0016 274 136 371 309
cow 0.0014 192 134 288 305
dog 0.0015 356 154 443 287
horse 0.9367 193 114 289 302
horse 0.8965 359 131 443 286
horse 0.8551 10 117 127 306
horse 0.7100 122 105 214 281
horse 0.6975 431 111 498 309
horse 0.6623 275 125 371 292
horse 0.1939 271 130 362 211
horse 0.1001 351 107 433 193
horse 0.0378 266 97 339 193
horse 0.0179 262 150 293 302
horse 0.0172 386 100 478 284
horse 0.0100 408 79 485 176
horse 0.0053 365 130 456 208
horse 0.0052 146 114 254 298
horse 0.0051 476 142 499 310
horse 0.0046 18 104 109 197
horse 0.0045 300 138 367 240
horse 0.0045 285 124 448 273
horse 0.0035 427 155 481 294
horse 0.0032 248 114 312 302
horse 0.0031 409 129 496 208
horse 0.0030 411 141 450 265
horse 0.0029 446 177 496 313
horse 0.0028 388 118 435 215
horse 0.0027 396 114 475 186
horse 0.0025 121 73 197 229
horse 0.0017 0 71 132 241
horse 0.0014 134 123 189 253
horse 0.0014 283 179 375 267
horse 0.0013 410 111 454 220
horse 0.0012 357 155 380 211
horse 0.0012 341 90 421 251
horse 0.0012 427 104 476 230
horse 0.0010 365 157 498 299
horse 0.0010 192 72 276 239
motorbike 0.0364 351 107 433 193
motorbike 0.0136 271 130 362 211
motorbike 0.0095 417 144 498 301
motorbike 0.0082 266 97 339 193
motorbike 0.0057 396 114 475 186
motorbike 0.0057 408 79 485 176
motorbike 0.0013 356 147 381 202
motorbike 0.0011 18 104 109 197
person 0.9626 267 83 330 190
person 0.9091 351 70 408 190
person 0.8412 121 73 197 229
person 0.8054 414 65 474 171
person 0.7314 184 72 260 198
person 0.3699 21 78 109 225
person 0.2693 192 79 280 275
person 0.1939 44 96 94 202
person 0.1928 394 80 429 185
person 0.0822 410 71 487 233
person 0.0388 1 63 54 158
person 0.0356 431 95 498 295
person 0.0334 2 95 106 295
person 0.0333 352 61 400 129
person 0.0267 7 58 81 134
person 0.0233 399 83 417 149
person 0.0219 262 150 293 302
person 0.0208 1 6 47 100
person 0.0188 423 95 473 201
person 0.0176 182 81 222 185
person 0.0155 407 101 459 190
person 0.0146 -8 -113 99 95
person 0.0144 131 102 222 285
person 0.0121 268 98 342 246
person 0.0106 128 70 190 160
person 0.0104 0 -1 26 112
person 0.0097 400 86 415 109
person 0.0094 0 -3 10 84
person 0.0092 389 79 411 138
person 0.0083 186 81 208 153
person 0.0082 365 50 392 86
person 0.0078 9 81 91 178
person 0.0065 9 53 38 103
person 0.0063 370 47 387 71
person 0.0063 368 57 389 77
person 0.0054 467 67 482 129
person 0.0052 447 106 497 200
person 0.0050 47 87 73 131
person 0.0046 350 85 373 133
person 0.0046 311 122 337 185
person 0.0046 40 73 68 125
person 0.0045 351 3 368 23
person 0.0040 262 86 304 182
person 0.0039 286 122 342 213
person 0.0038 347 0 371 39
person 0.0038 363 105 454 282
person 0.0036 401 90 414 121
person 0.0033 1 67 67 235
person 0.0031 361 57 379 76
person 0.0031 39 72 89 159
person 0.0031 318 138 346 189
person 0.0027 0 25 8 112
person 0.0027 476 142 499 310
person 0.0026 6 -6 83 151
person 0.0026 396 82 418 118
person 0.0026 389 79 407 98
person 0.0025 407 86 427 150
person 0.0025 286 -1 339 43
person 0.0025 361 50 379 70
person 0.0023 379 79 403 136
person 0.0022 391 85 408 107
person 0.0021 266 102 285 170
person 0.0021 411 61 460 138
person 0.0020 0 45 26 179
person 0.0019 431 60 503 208
person 0.0019 17 34 72 118
person 0.0018 400 80 415 100
person 0.0018 310 114 331 158
person 0.0018 46 100 74 151
person 0.0018 412 117 451 256
person 0.0016 411 86 421 111
person 0.0016 475 98 501 244
person 0.0016 388 118 435 215
person 0.0015 -1 29 6 69
person 0.0015 451 71 493 163
person 0.0015 467 69 482 91
person 0.0015 21 44 41 94
person 0.0015 434 131 459 198
person 0.0015 367 61 394 115
person 0.0014 327 -4 352 43
person 0.0014 233 83 258 134
person 0.0014 0 -20 9 48
person 0.0014 359 59 398 96
person 0.0013 200 83 247 252
person 0.0013 0 79 23 136
person 0.0013 315 -4 367 31
person 0.0013 376 43 401 78
person 0.0013 274 -3 291 43
person 0.0012 396 -127 513 117
person 0.0012 354 57 366 75
person 0.0012 371 42 387 59
person 0.0012 213 117 294 303
person 0.0012 379 69 397 88
person 0.0012 390 45 405 71
person 0.0012 0 -80 22 79
person 0.0012 473 68 494 128
person 0.0011 -1 -1 23 63
person 0.0011 271 115 291 176
person 0.0011 18 2 69 75
person 0.0011 -1 31 25 89
