aeroplane 0.0016 400 185 411 200
boat 0.9992 93 40 412 295
boat 0.0149 244 20 341 237
boat 0.0077 362 193 416 228
boat 0.0071 384 186 413 233
boat 0.0048 400 185 411 200
boat 0.0031 318 169 345 181
boat 0.0023 2 183 21 199
boat 0.0022 131 11 237 277
boat 0.0022 0 179 10 204
boat 0.0019 0 170 9 197
boat 0.0019 294 162 349 183
boat 0.0018 321 183 423 233
boat 0.0017 0 159 24 204
boat 0.0016 308 169 337 181
boat 0.0012 1 175 22 193
boat 0.0011 376 187 421 220
boat 0.0010 371 172 413 238
person 0.0092 220 182 231 207
person 0.0068 230 182 242 207
person 0.0047 211 182 223 207
person 0.0027 186 188 203 233
person 0.0017 189 188 202 213
person 0.0010 239 181 251 208
