bicycle 0.7186 165 257 477 373
bicycle 0.1861 189 119 451 375
bicycle 0.0254 6 122 258 378
bicycle 0.0129 215 287 339 374
bicycle 0.0111 66 245 367 369
bicycle 0.0041 192 295 291 372
bicycle 0.0026 301 282 499 376
bicycle 0.0012 163 317 274 373
bicycle 0.0010 2 208 428 383
bird 0.0249 202 175 246 225
bottle 0.0033 279 296 326 338
bottle 0.0030 198 322 253 368
bottle 0.0024 192 175 242 226
car 0.0081 432 83 501 268
car 0.0034 6 122 258 378
car 0.0016 184 64 454 345
car 0.0013 442 92 499 187
cat 0.0110 202 175 246 225
cat 0.0014 187 174 254 246
cat 0.0010 161 170 243 226
chair 0.0630 6 122 258 378
chair 0.0242 189 119 451 375
chair 0.0019 151 257 439 371
chair 0.0011 244 103 349 165
chair 0.0011 299 111 324 156
chair 0.0011 308 110 336 159
chair 0.0010 2 127 60 382
diningtable 0.0040 67 99 444 367
diningtable 0.0013 -3 128 226 376
dog 0.0168 191 173 245 248
dog 0.0024 161 170 243 226
dog 0.0016 169 163 275 350
dog 0.0013 202 174 247 212
motorbike 0.0431 6 122 258 378
motorbike 0.0059 189 119 451 375
person 0.9977 3 62 252 370
person 0.9974 193 101 446 368
person 0.0143 186 175 250 225
person 0.0077 48 71 464 331
person 0.0051 315 89 485 367
person 0.0027 180 158 298 352
person 0.0021 281 114 428 338
person 0.0021 131 249 378 371
person 0.0014 14 156 405 377
person 0.0013 201 312 251 361
person 0.0012 121 145 243 359
person 0.0011 164 174 243 248
person 0.0010 52 180 278 336
pottedplant 0.0031 186 175 250 225
sofa 0.0011 184 64 454 345
