aeroplane 0.5921 131 109 358 204
aeroplane 0.0716 180 114 293 200
aeroplane 0.0131 224 138 406 184
aeroplane 0.0129 302 165 324 174
aeroplane 0.0123 231 123 489 204
aeroplane 0.0107 215 112 265 202
aeroplane 0.0055 202 126 347 189
aeroplane 0.0054 277 151 346 176
aeroplane 0.0051 293 165 314 174
aeroplane 0.0039 271 152 408 194
aeroplane 0.0036 184 166 209 176
aeroplane 0.0035 176 148 235 176
aeroplane 0.0033 281 162 343 177
aeroplane 0.0027 61 149 119 174
aeroplane 0.0025 164 163 229 178
aeroplane 0.0024 276 165 293 175
aeroplane 0.0020 142 138 264 203
aeroplane 0.0019 13 118 268 208
aeroplane 0.0016 309 164 333 174
aeroplane 0.0014 452 148 498 172
aeroplane 0.0013 311 157 332 170
aeroplane 0.0013 287 137 460 190
aeroplane 0.0012 248 152 317 174
aeroplane 0.0010 283 165 303 174
aeroplane 0.0010 104 189 151 222
aeroplane 0.0010 200 143 309 205
bicycle 0.1221 104 189 151 222
bicycle 0.0071 94 178 143 220
bicycle 0.0036 369 170 383 207
bicycle 0.0035 126 177 145 218
bicycle 0.0024 92 191 131 221
bicycle 0.0018 129 196 146 221
bicycle 0.0016 117 180 160 216
bicycle 0.0012 -1 180 10 235
bicycle 0.0011 254 171 268 208
boat 0.0037 61 149 119 174
bus 0.0017 0 161 11 221
bus 0.0010 429 80 500 285
car 0.8729 418 153 500 267
car 0.0361 95 189 142 222
car 0.0262 106 179 151 220
car 0.0245 0 161 11 221
car 0.0234 0 165 8 193
car 0.0138 302 165 324 174
car 0.0087 293 165 314 174
car 0.0054 420 180 440 200
car 0.0048 276 165 293 175
car 0.0035 184 166 209 176
car 0.0033 397 164 419 175
car 0.0031 350 165 371 177
car 0.0027 477 148 496 162
car 0.0026 452 148 498 172
car 0.0026 377 163 397 176
car 0.0026 -1 180 10 235
car 0.0026 406 165 428 176
car 0.0024 339 164 361 175
car 0.0024 368 162 389 181
car 0.0023 388 164 410 174
car 0.0023 366 164 386 202
car 0.0023 -1 156 7 186
car 0.0022 476 153 497 168
car 0.0022 69 154 92 168
car 0.0020 331 164 352 175
car 0.0019 309 164 333 174
car 0.0018 116 191 161 220
car 0.0018 283 165 303 174
car 0.0017 322 168 380 194
car 0.0015 61 149 119 174
car 0.0014 167 166 190 175
car 0.0013 4 171 45 216
car 0.0013 418 152 494 207
car 0.0011 176 166 200 175
car 0.0011 352 167 389 201
cow 0.0036 104 189 151 222
horse 0.0099 95 189 142 222
horse 0.0047 367 169 384 206
horse 0.0016 0 168 10 232
horse 0.0016 50 168 75 226
horse 0.0014 106 179 151 220
motorbike 0.2019 95 189 142 222
motorbike 0.0996 106 179 151 220
motorbike 0.0153 126 177 145 218
motorbike 0.0044 366 164 386 202
motorbike 0.0038 116 191 161 220
motorbike 0.0038 100 174 126 222
motorbike 0.0030 0 168 10 232
motorbike 0.0017 418 142 500 261
motorbike 0.0014 129 196 146 221
motorbike 0.0010 249 170 268 206
person 0.7678 19 169 43 227
person 0.6758 51 157 74 227
person 0.4616 100 174 126 222
person 0.4513 254 158 269 206
person 0.3984 365 170 382 206
person 0.2669 94 178 143 220
person 0.0931 0 168 10 232
person 0.0669 31 170 51 225
person 0.0538 126 177 145 218
person 0.0519 60 166 77 228
person 0.0444 104 175 119 204
person 0.0252 118 171 139 215
person 0.0212 111 176 125 205
person 0.0189 45 160 64 223
person 0.0185 29 160 70 225
person 0.0085 9 168 55 217
person 0.0080 17 182 34 228
person 0.0074 121 188 138 214
person 0.0067 122 177 136 206
person 0.0064 251 175 265 208
person 0.0062 0 165 8 193
person 0.0059 255 161 269 182
person 0.0058 152 189 166 223
person 0.0054 110 186 127 214
person 0.0052 129 175 141 207
person 0.0050 -1 189 8 227
person 0.0050 104 189 151 222
person 0.0042 352 167 389 201
person 0.0031 129 196 146 221
person 0.0031 368 162 389 181
person 0.0031 102 169 123 200
person 0.0028 35 196 48 225
person 0.0027 4 170 23 230
person 0.0026 104 184 120 215
person 0.0023 56 196 71 227
person 0.0022 42 175 81 220
person 0.0021 17 175 32 204
person 0.0021 -1 156 7 186
person 0.0019 123 170 136 196
person 0.0017 255 182 266 211
person 0.0015 362 165 382 181
person 0.0013 418 153 500 267
person 0.0013 365 157 391 189
person 0.0012 130 168 141 196
person 0.0012 36 181 48 219
person 0.0011 104 166 120 182
person 0.0011 232 163 277 202
person 0.0011 46 170 63 190
person 0.0010 5 177 20 202
person 0.0010 19 205 30 231
person 0.0010 16 171 33 190
train 0.0032 61 149 119 174
train 0.0022 298 155 448 198
