bus 0.0240 479 216 500 370
bus 0.0073 463 282 485 296
bus 0.0024 285 280 381 323
bus 0.0016 457 283 477 299
car 0.8874 278 289 384 331
car 0.3837 331 290 391 324
car 0.0951 463 282 485 296
car 0.0491 378 297 395 314
car 0.0254 457 283 477 299
car 0.0189 359 294 401 318
car 0.0097 378 292 398 308
car 0.0087 274 301 312 330
car 0.0069 317 289 383 311
car 0.0065 347 289 373 307
car 0.0063 271 292 334 326
car 0.0059 448 284 466 298
car 0.0056 369 292 392 308
car 0.0053 408 283 428 297
car 0.0052 419 284 435 298
car 0.0052 281 285 341 311
car 0.0045 478 278 499 377
car 0.0044 356 290 381 308
car 0.0042 418 288 436 303
car 0.0039 456 279 491 301
car 0.0037 480 279 492 297
car 0.0032 355 291 384 321
car 0.0020 488 295 498 398
car 0.0020 302 278 402 323
car 0.0019 284 289 302 305
car 0.0017 429 284 443 298
car 0.0014 444 282 491 308
car 0.0012 337 290 364 303
car 0.0012 440 284 452 297
car 0.0012 427 288 445 302
car 0.0011 409 288 429 303
car 0.0010 158 290 177 304
car 0.0010 391 284 445 308
motorbike 0.0013 297 321 311 352
person 0.0973 297 321 311 352
person 0.0187 292 303 312 348
person 0.0098 479 216 500 370
person 0.0040 491 177 499 266
person 0.0020 118 324 140 368
person 0.0017 429 284 443 298
person 0.0015 460 284 475 305
person 0.0014 419 284 435 298
person 0.0013 489 267 498 389
person 0.0013 463 282 485 296
person 0.0012 440 284 452 297
person 0.0011 302 326 315 350
train 0.0012 463 282 485 296
train 0.0011 479 216 500 370
