bird 0.0023 82 108 136 175
boat 0.9986 44 30 440 326
boat 0.0022 224 179 331 248
boat 0.0018 88 42 404 180
boat 0.0014 251 156 339 240
boat 0.0012 233 137 322 263
boat 0.0011 71 106 361 253
dog 0.0012 86 109 134 162
person 0.5720 82 108 136 175
person 0.3451 309 152 354 196
person 0.1683 269 141 295 188
person 0.1433 238 146 284 218
person 0.1164 170 143 187 166
person 0.1124 177 144 197 166
person 0.0900 188 146 206 166
person 0.0886 241 141 269 187
person 0.0507 309 156 337 206
person 0.0493 248 143 280 198
person 0.0491 153 140 165 163
person 0.0459 260 144 290 198
person 0.0441 196 151 211 170
person 0.0379 253 142 298 247
person 0.0261 311 152 358 234
person 0.0239 234 146 259 185
person 0.0219 336 153 364 194
person 0.0217 277 150 359 212
person 0.0182 160 142 177 163
person 0.0170 297 152 339 239
person 0.0157 301 152 328 196
person 0.0144 168 140 204 169
person 0.0130 327 163 372 197
person 0.0128 349 148 371 196
person 0.0090 316 150 344 182
person 0.0086 233 137 322 263
person 0.0076 269 158 294 201
person 0.0072 254 142 273 163
person 0.0069 340 171 359 194
person 0.0066 272 147 322 214
person 0.0060 230 152 246 175
person 0.0059 223 139 297 192
person 0.0059 247 143 265 165
person 0.0052 320 154 341 174
person 0.0051 236 157 252 184
person 0.0044 84 110 117 160
person 0.0044 277 144 304 184
person 0.0042 218 151 301 240
person 0.0040 249 140 276 171
person 0.0038 192 147 293 211
person 0.0037 329 154 350 174
person 0.0036 357 141 376 200
person 0.0034 254 138 291 174
person 0.0033 251 156 339 240
person 0.0032 228 153 248 189
person 0.0031 274 169 290 192
person 0.0029 80 111 105 144
person 0.0028 274 150 291 176
person 0.0027 302 161 327 219
person 0.0026 274 159 290 185
person 0.0024 325 149 352 182
person 0.0024 239 171 282 246
person 0.0024 321 160 340 183
person 0.0023 272 144 292 165
person 0.0023 223 147 270 215
person 0.0022 331 170 350 193
person 0.0021 170 147 222 172
person 0.0021 340 161 360 184
person 0.0021 264 143 283 164
person 0.0020 313 153 332 175
person 0.0020 314 153 386 208
person 0.0020 303 148 339 185
person 0.0020 313 160 332 183
person 0.0019 87 106 132 149
person 0.0019 156 140 181 167
person 0.0018 246 150 263 175
person 0.0018 289 149 318 196
person 0.0017 191 142 215 169
person 0.0016 304 151 322 174
person 0.0016 353 167 367 194
person 0.0014 354 149 368 176
person 0.0014 313 171 365 205
person 0.0012 204 154 224 170
person 0.0012 213 148 258 181
person 0.0012 330 160 350 183
person 0.0012 154 146 202 173
person 0.0012 283 150 300 174
person 0.0011 236 145 257 164
person 0.0011 340 154 361 174
person 0.0011 295 137 374 191
person 0.0010 270 139 364 265
person 0.0010 314 168 331 194
person 0.0010 294 151 312 172
