bottle 0.0023 2 193 15 218
bottle 0.0020 362 207 374 243
bottle 0.0019 359 192 377 243
bottle 0.0012 23 221 35 246
bottle 0.0012 9 194 24 216
chair 0.0020 2 193 15 218
chair 0.0015 321 209 369 239
chair 0.0010 9 194 24 216
person 0.1601 359 192 377 243
person 0.0162 362 207 374 243
person 0.0092 158 163 289 491
person 0.0068 2 193 15 218
person 0.0029 359 184 372 210
person 0.0028 359 190 374 220
person 0.0027 159 207 292 361
person 0.0020 9 194 24 216
person 0.0014 0 189 19 224
pottedplant 0.8850 69 230 166 327
pottedplant 0.4236 25 233 70 317
pottedplant 0.2577 300 130 350 233
pottedplant 0.2421 155 238 209 327
pottedplant 0.1659 63 229 98 323
pottedplant 0.0944 63 235 89 291
pottedplant 0.0542 286 169 310 205
pottedplant 0.0534 37 225 83 305
pottedplant 0.0526 2 236 33 273
pottedplant 0.0336 0 238 43 314
pottedplant 0.0292 55 237 81 289
pottedplant 0.0224 26 243 68 283
pottedplant 0.0215 283 232 376 291
pottedplant 0.0180 0 233 55 275
pottedplant 0.0138 287 139 310 195
pottedplant 0.0134 161 240 219 396
pottedplant 0.0121 271 125 313 202
pottedplant 0.0084 8 4 287 341
pottedplant 0.0084 279 215 380 346
pottedplant 0.0078 252 95 303 194
pottedplant 0.0075 0 201 42 284
pottedplant 0.0075 277 90 353 241
pottedplant 0.0073 73 234 98 291
pottedplant 0.0067 133 181 174 211
pottedplant 0.0067 162 186 297 317
pottedplant 0.0066 100 235 213 320
pottedplant 0.0062 2 193 15 218
pottedplant 0.0061 274 133 303 182
pottedplant 0.0058 43 238 72 288
pottedplant 0.0057 276 167 304 207
pottedplant 0.0054 0 226 37 263
pottedplant 0.0050 293 148 316 207
pottedplant 0.0050 42 232 91 276
pottedplant 0.0049 134 31 309 397
pottedplant 0.0048 329 134 375 233
pottedplant 0.0043 293 134 319 184
pottedplant 0.0036 8 226 152 325
pottedplant 0.0034 283 284 381 345
pottedplant 0.0033 301 133 352 182
pottedplant 0.0032 7 252 29 273
pottedplant 0.0030 -1 222 19 266
pottedplant 0.0030 9 194 24 216
pottedplant 0.0028 59 257 80 306
pottedplant 0.0027 315 166 339 207
pottedplant 0.0026 283 212 379 271
pottedplant 0.0026 290 161 306 192
pottedplant 0.0026 66 257 87 306
pottedplant 0.0025 254 127 335 198
pottedplant 0.0022 142 185 165 208
pottedplant 0.0022 -18 -1 243 202
pottedplant 0.0021 51 209 228 317
pottedplant 0.0021 5 197 85 322
pottedplant 0.0021 0 189 19 224
pottedplant 0.0021 291 186 372 246
pottedplant 0.0020 278 148 316 248
pottedplant 0.0020 83 231 105 292
pottedplant 0.0019 250 80 333 214
pottedplant 0.0019 236 65 313 259
pottedplant 0.0018 267 173 291 220
pottedplant 0.0018 285 227 385 445
pottedplant 0.0017 183 167 201 189
pottedplant 0.0017 136 184 154 206
pottedplant 0.0017 38 228 123 298
pottedplant 0.0017 143 184 213 335
pottedplant 0.0016 135 236 185 323
pottedplant 0.0016 139 170 166 206
pottedplant 0.0016 287 182 306 207
pottedplant 0.0015 0 194 15 252
pottedplant 0.0015 63 225 90 266
pottedplant 0.0015 35 252 83 330
pottedplant 0.0014 73 148 167 338
pottedplant 0.0014 29 257 63 310
pottedplant 0.0014 67 3 201 55
pottedplant 0.0014 276 177 318 213
pottedplant 0.0014 0 255 20 271
pottedplant 0.0014 275 143 321 191
pottedplant 0.0013 137 187 169 224
pottedplant 0.0013 312 140 342 193
pottedplant 0.0013 0 243 20 268
pottedplant 0.0013 354 128 378 236
pottedplant 0.0013 2 200 14 226
pottedplant 0.0012 73 221 99 269
pottedplant 0.0012 270 115 354 185
pottedplant 0.0012 108 220 162 306
pottedplant 0.0010 182 81 289 326
pottedplant 0.0010 317 181 336 230
pottedplant 0.0010 257 167 282 211
pottedplant 0.0010 55 249 97 298
pottedplant 0.0010 171 106 353 236
pottedplant 0.0010 290 152 343 202
sheep 0.0022 44 223 175 325
