chair 0.8152 17 126 324 445
chair 0.1007 14 68 320 317
chair 0.0033 106 119 291 259
chair 0.0028 -7 -6 275 254
chair 0.0026 117 206 341 451
chair 0.0024 1 23 198 422
chair 0.0017 0 5 138 297
diningtable 0.0022 28 114 357 448
person 0.6913 64 88 327 430
person 0.1413 128 397 220 446
person 0.0907 106 119 291 259
person 0.0810 5 24 332 292
person 0.0112 183 101 304 293
person 0.0067 97 415 251 449
person 0.0011 77 352 320 448
sofa 0.3463 -11 8 344 374
sofa 0.0221 61 119 327 446
sofa 0.0027 71 90 322 290
sofa 0.0016 0 5 138 297
tvmonitor 0.0034 -11 8 344 374
tvmonitor 0.0011 18 200 326 454
