bottle 0.0020 122 50 316 374
chair 0.3189 138 46 337 376
chair 0.0417 277 55 475 379
chair 0.0391 301 146 402 369
chair 0.0107 -13 38 270 382
chair 0.0072 157 176 329 358
chair 0.0072 313 223 495 380
chair 0.0042 142 131 299 312
chair 0.0029 397 237 501 381
chair 0.0016 323 27 497 296
chair 0.0011 294 85 386 309
chair 0.0010 129 287 374 374
chair 0.0010 270 159 372 350
diningtable 0.0122 138 46 337 376
diningtable 0.0080 313 223 495 380
diningtable 0.0039 277 55 475 379
diningtable 0.0015 397 237 501 381
person 0.9902 123 12 321 370
person 0.9727 315 27 501 356
person 0.9621 -9 -3 260 382
person 0.0062 43 -3 454 385
person 0.0053 215 21 443 365
person 0.0010 403 78 500 425
sofa 0.0017 138 46 337 376
sofa 0.0012 -13 38 270 382
sofa 0.0010 306 43 505 384
