bicycle 0.0011 -1 110 86 321
boat 0.0039 48 228 463 325
boat 0.0018 3 107 171 346
bottle 0.0207 405 159 432 203
bottle 0.0054 -1 110 86 321
bottle 0.0022 156 295 175 315
bottle 0.0022 -1 271 12 338
bottle 0.0020 153 274 179 317
bottle 0.0011 410 177 427 203
car 0.0026 -1 110 86 321
chair 0.0032 -2 125 89 340
motorbike 0.0027 -2 125 89 340
person 0.8990 9 73 166 335
person 0.2297 329 165 479 318
person 0.1694 343 168 439 259
person 0.0630 0 106 66 320
person 0.0192 2 112 53 194
person 0.0190 153 274 179 317
person 0.0151 315 160 408 308
person 0.0115 405 159 432 203
person 0.0101 365 165 459 236
person 0.0097 384 174 483 248
person 0.0072 231 164 437 330
person 0.0068 223 168 265 254
person 0.0043 49 71 158 250
person 0.0043 474 129 499 261
person 0.0036 156 295 175 315
person 0.0033 -1 271 12 338
person 0.0024 54 132 157 329
person 0.0017 452 150 499 247
person 0.0016 446 -26 500 295
person 0.0016 333 179 387 282
person 0.0013 -3 79 63 234
person 0.0013 0 83 26 197
person 0.0010 0 91 23 299
person 0.0010 151 295 167 317
person 0.0010 335 149 366 195
person 0.0010 3 101 85 179
person 0.0010 283 208 467 333
pottedplant 0.0020 -1 110 86 321
train 0.0022 112 -207 512 225
train 0.0010 4 14 493 323
