bicycle 0.0013 470 260 501 372
bicycle 0.0010 353 233 485 376
bottle 0.0479 258 103 268 132
bottle 0.0026 222 66 232 92
bottle 0.0023 226 71 240 96
bottle 0.0018 217 66 237 125
bottle 0.0011 434 175 457 228
chair 0.5880 358 217 463 373
chair 0.1843 470 284 499 372
chair 0.0943 378 283 477 372
chair 0.0540 449 262 499 372
chair 0.0206 355 247 397 372
chair 0.0199 472 219 501 368
chair 0.0126 406 247 496 370
chair 0.0105 430 285 482 370
chair 0.0070 451 215 499 336
chair 0.0057 451 206 499 254
chair 0.0055 475 201 499 258
chair 0.0053 383 216 434 265
chair 0.0051 484 196 502 266
chair 0.0046 378 209 489 262
chair 0.0038 430 239 480 352
chair 0.0036 359 214 436 295
chair 0.0032 363 211 414 267
chair 0.0026 407 234 457 356
chair 0.0023 487 272 500 381
chair 0.0023 381 256 442 369
chair 0.0017 360 227 420 360
chair 0.0014 32 197 68 320
chair 0.0011 434 221 496 257
diningtable 0.8476 358 234 497 373
diningtable 0.0091 452 283 500 372
diningtable 0.0063 403 284 495 371
diningtable 0.0061 440 218 501 368
diningtable 0.0025 403 251 497 340
diningtable 0.0015 361 280 464 373
diningtable 0.0011 472 219 501 368
person 0.0038 117 71 141 104
person 0.0036 258 103 268 132
person 0.0018 286 114 303 132
person 0.0016 440 218 501 368
person 0.0013 475 189 500 359
person 0.0011 358 208 497 352
person 0.0010 133 76 144 101
pottedplant 0.0014 440 102 491 147
pottedplant 0.0014 438 82 498 268
pottedplant 0.0013 258 103 268 132
pottedplant 0.0011 434 173 457 212
pottedplant 0.0010 444 105 465 147
