bus 0.6593 130 258 228 350
bus 0.0143 208 255 397 342
bus 0.0108 31 291 128 374
bus 0.0094 48 263 229 357
bus 0.0083 12 273 38 325
bus 0.0078 14 270 37 289
bus 0.0070 5 256 44 340
bus 0.0036 10 265 154 364
bus 0.0027 3 280 24 337
bus 0.0021 0 285 12 350
bus 0.0019 0 248 26 345
bus 0.0018 11 267 55 295
bus 0.0017 0 310 10 380
bus 0.0016 7 290 45 365
bus 0.0016 46 242 73 274
bus 0.0015 12 212 119 381
bus 0.0013 47 240 73 257
bus 0.0011 17 265 113 329
bus 0.0010 9 270 22 287
car 0.9687 14 289 127 373
car 0.9614 225 257 411 344
car 0.6802 130 258 228 350
car 0.1437 14 270 37 289
car 0.0979 12 301 35 355
car 0.0612 12 273 38 325
car 0.0469 7 290 45 365
car 0.0420 3 293 24 343
car 0.0329 47 240 73 257
car 0.0322 19 311 44 362
car 0.0253 9 270 22 287
car 0.0222 46 242 73 274
car 0.0206 11 267 55 295
car 0.0187 21 275 39 297
car 0.0184 0 285 12 350
car 0.0154 4 312 22 359
car 0.0143 81 231 98 247
car 0.0143 0 310 10 380
car 0.0141 7 312 20 341
car 0.0094 17 290 42 345
car 0.0075 1 271 27 360
car 0.0069 45 240 62 260
car 0.0069 13 321 38 365
car 0.0068 104 287 123 305
car 0.0063 7 273 41 303
car 0.0062 112 306 133 365
car 0.0061 107 282 131 300
car 0.0060 6 279 91 357
car 0.0057 0 319 9 350
car 0.0055 6 302 22 331
car 0.0054 82 299 129 369
car 0.0047 24 331 40 358
car 0.0039 5 256 44 340
car 0.0032 20 290 71 368
car 0.0030 47 246 61 270
car 0.0029 15 295 34 319
car 0.0029 44 236 97 262
car 0.0029 14 302 33 330
car 0.0028 61 278 82 295
car 0.0026 73 232 92 245
car 0.0025 325 253 377 282
car 0.0025 325 263 413 333
car 0.0025 0 299 10 333
car 0.0024 9 276 22 297
car 0.0021 48 276 95 299
car 0.0019 43 242 98 275
car 0.0018 69 281 93 295
car 0.0018 51 271 73 288
car 0.0017 0 338 9 372
car 0.0017 101 282 126 314
car 0.0016 5 263 24 334
car 0.0014 357 287 423 329
car 0.0014 14 284 36 309
car 0.0013 52 235 72 249
car 0.0012 62 273 79 290
car 0.0012 15 310 33 341
car 0.0011 219 257 309 337
car 0.0011 129 229 205 248
car 0.0010 21 294 39 315
motorbike 0.0011 13 311 36 359
person 0.0328 81 231 98 247
person 0.0153 110 286 130 346
person 0.0048 0 310 10 380
person 0.0039 9 270 22 287
person 0.0023 73 232 92 245
person 0.0018 2 316 22 371
person 0.0018 152 283 164 307
person 0.0014 0 319 9 350
person 0.0012 117 315 135 373
person 0.0012 47 246 61 270
person 0.0011 87 212 131 295
person 0.0011 160 286 173 306
person 0.0011 12 273 38 325
person 0.0010 17 298 43 358
person 0.0010 104 283 123 330
