car 0.0393 3 89 504 357
cat 0.0025 167 196 464 310
chair 0.1157 3 34 501 349
chair 0.0169 146 129 484 333
dog 0.9215 153 195 438 310
dog 0.4684 18 168 495 348
dog 0.0221 26 89 475 302
dog 0.0087 174 118 479 245
dog 0.0062 255 169 485 287
dog 0.0051 66 149 359 294
dog 0.0019 301 201 447 267
dog 0.0016 15 140 241 308
person 0.5898 3 34 501 349
person 0.1459 7 127 256 330
person 0.0539 106 139 477 323
person 0.0098 -4 143 142 318
person 0.0033 174 118 479 245
person 0.0028 -2 96 64 409
person 0.0019 78 118 351 254
person 0.0015 6 132 188 266
sofa 0.4459 3 89 504 357
sofa 0.0096 152 164 479 359
sofa 0.0033 -2 -27 507 264
