bottle 0.0016 212 251 227 278
bottle 0.0015 214 239 241 273
bottle 0.0014 208 243 232 285
bottle 0.0013 201 236 221 290
car 0.0026 198 161 256 192
cow 0.0033 49 154 143 393
dog 0.0013 49 154 143 393
horse 0.9114 56 136 150 389
horse 0.0011 78 124 165 327
horse 0.0010 0 161 17 228
person 0.9912 138 134 217 392
person 0.7911 68 80 155 251
person 0.2677 0 152 16 219
person 0.0843 60 115 156 339
person 0.0177 76 83 150 165
person 0.0135 2 141 26 198
person 0.0129 0 143 24 252
person 0.0097 1 145 14 172
person 0.0051 1 165 29 208
person 0.0041 12 136 38 200
person 0.0035 146 158 173 197
person 0.0030 0 157 13 192
person 0.0027 107 139 190 382
person 0.0018 128 158 213 299
person 0.0014 84 160 163 388
person 0.0013 42 153 67 199
person 0.0013 141 158 164 213
person 0.0010 151 157 171 177
pottedplant 0.1033 207 244 250 283
pottedplant 0.0052 214 239 241 273
pottedplant 0.0045 219 249 240 280
pottedplant 0.0018 227 251 249 279
pottedplant 0.0013 212 251 227 278
pottedplant 0.0012 201 236 221 290
