bicycle 0.0018 24 252 84 278
bird 0.0052 139 264 156 279
bird 0.0020 32 255 58 273
bird 0.0017 35 250 54 265
cow 0.9699 150 292 303 428
cow 0.0794 137 264 153 277
cow 0.0130 25 261 83 280
cow 0.0080 27 251 64 277
cow 0.0016 40 263 68 278
cow 0.0014 47 265 81 278
cow 0.0013 35 250 54 265
cow 0.0012 29 262 61 278
dog 0.0082 139 264 156 279
dog 0.0031 27 251 64 277
horse 0.0109 139 264 156 279
horse 0.0017 27 251 64 277
horse 0.0015 25 261 83 280
horse 0.0012 146 287 292 434
person 0.0027 139 264 156 279
person 0.0010 32 255 58 273
sheep 0.2266 137 264 153 277
sheep 0.0066 254 263 279 277
sheep 0.0054 34 262 95 279
sheep 0.0038 150 292 303 428
sheep 0.0030 32 255 58 273
sheep 0.0018 47 265 81 278
sheep 0.0013 35 250 54 265
sheep 0.0012 24 260 67 280
sheep 0.0010 58 269 88 278
