bicycle 0.0409 195 133 452 367
bicycle 0.0034 440 120 489 144
bicycle 0.0012 196 109 441 253
bicycle 0.0011 174 86 343 351
bicycle 0.0010 210 161 307 348
bus 0.0137 0 126 27 164
bus 0.0067 0 113 92 158
car 0.1362 0 126 27 164
car 0.0478 440 120 489 144
car 0.0385 125 112 173 157
car 0.0284 403 116 451 147
car 0.0239 396 111 442 139
car 0.0185 47 127 98 158
car 0.0125 435 125 457 147
car 0.0082 406 114 432 134
car 0.0080 452 127 475 146
car 0.0076 106 112 152 157
car 0.0068 426 119 467 146
car 0.0068 427 125 448 145
car 0.0056 206 94 432 220
car 0.0052 0 138 11 164
car 0.0051 431 103 482 148
car 0.0045 345 108 395 143
car 0.0042 443 127 467 146
car 0.0040 24 116 81 156
car 0.0040 450 104 497 148
car 0.0039 135 83 229 155
car 0.0037 114 111 141 143
car 0.0031 354 102 406 134
car 0.0031 108 102 183 150
car 0.0026 379 117 437 146
car 0.0024 -3 129 47 160
car 0.0022 488 120 498 149
car 0.0021 440 102 489 131
car 0.0019 428 131 446 149
car 0.0018 138 105 194 147
car 0.0017 187 80 450 306
car 0.0016 385 100 432 131
car 0.0016 84 113 138 157
car 0.0016 464 127 484 146
car 0.0015 488 90 499 162
car 0.0013 341 109 446 166
car 0.0013 434 129 495 150
car 0.0013 377 106 419 138
car 0.0012 336 100 385 133
car 0.0011 415 122 440 142
car 0.0011 162 84 205 156
car 0.0010 407 106 429 125
car 0.0010 414 114 439 136
car 0.0010 365 102 460 148
horse 0.0011 125 112 173 157
motorbike 0.9791 188 106 454 351
motorbike 0.0844 199 92 389 262
motorbike 0.0173 440 120 489 144
motorbike 0.0119 269 112 442 240
motorbike 0.0050 125 112 173 157
motorbike 0.0042 188 132 331 310
motorbike 0.0017 431 103 482 148
motorbike 0.0012 341 109 446 166
motorbike 0.0011 452 127 475 146
person 0.6435 185 82 390 231
person 0.0958 115 111 143 157
person 0.0885 125 112 173 157
person 0.0390 182 98 411 347
person 0.0274 170 78 275 235
person 0.0237 439 103 490 149
person 0.0219 173 106 197 156
person 0.0183 162 84 205 156
person 0.0139 383 102 398 130
person 0.0129 488 90 499 162
person 0.0128 217 95 335 261
person 0.0107 165 76 243 154
person 0.0093 310 101 358 178
person 0.0076 86 126 99 159
person 0.0067 90 131 107 157
person 0.0061 452 127 475 146
person 0.0052 478 101 498 150
person 0.0046 488 120 498 149
person 0.0045 436 101 457 147
person 0.0040 127 112 152 154
person 0.0034 479 125 495 148
person 0.0033 389 104 406 128
person 0.0030 119 134 138 157
person 0.0028 464 127 484 146
person 0.0026 112 125 164 156
person 0.0023 271 93 361 263
person 0.0023 140 110 193 154
person 0.0023 168 69 324 177
person 0.0022 285 107 438 212
person 0.0022 111 134 129 157
person 0.0019 387 112 406 134
person 0.0018 440 104 454 126
person 0.0017 292 114 345 203
person 0.0016 158 109 179 154
person 0.0015 101 131 117 158
person 0.0015 175 93 197 136
person 0.0015 383 105 409 138
person 0.0014 454 107 474 123
person 0.0013 442 99 469 134
person 0.0012 155 104 199 147
person 0.0011 129 134 148 156
person 0.0011 367 103 412 132
person 0.0010 400 99 416 116
person 0.0010 455 111 475 137
person 0.0010 296 94 378 156
train 0.0028 0 126 27 164
