bottle 0.0254 141 147 217 206
bottle 0.0042 269 160 364 225
bottle 0.0041 150 140 204 182
bottle 0.0036 186 159 210 200
bottle 0.0022 256 149 339 213
bottle 0.0020 172 153 221 192
bottle 0.0011 39 50 393 331
car 0.0058 11 37 477 341
chair 0.1146 19 8 478 334
chair 0.0048 68 134 429 339
chair 0.0017 0 131 22 336
diningtable 0.0069 11 37 477 341
motorbike 0.0038 11 37 477 341
person 0.9885 105 23 454 323
person 0.0110 5 55 353 332
person 0.0034 147 43 347 206
person 0.0032 141 147 217 206
sofa 0.0134 19 8 478 334
tvmonitor 0.0017 14 -38 486 316
