bicycle 0.0023 407 211 503 330
chair 0.2502 436 221 501 326
chair 0.0132 5 186 286 327
chair 0.0100 400 174 505 334
chair 0.0063 378 246 493 329
chair 0.0025 474 216 500 327
chair 0.0014 412 274 500 331
chair 0.0010 441 130 499 338
diningtable 0.0030 410 242 500 332
person 0.0979 5 186 286 327
pottedplant 0.0313 382 184 480 324
pottedplant 0.0109 377 213 458 296
pottedplant 0.0024 378 246 493 329
pottedplant 0.0019 400 189 459 281
pottedplant 0.0019 404 227 458 316
pottedplant 0.0015 384 186 472 253
sofa 0.9915 13 173 330 332
sofa 0.0040 11 195 184 319
