bus 0.0011 169 176 253 233
person 0.9931 157 195 225 430
person 0.9856 231 181 367 500
person 0.1985 227 159 289 513
person 0.0101 132 173 319 485
person 0.0077 177 185 205 230
person 0.0064 354 204 379 312
person 0.0043 235 186 261 228
person 0.0035 358 231 377 300
person 0.0024 215 175 293 350
person 0.0024 317 135 376 503
person 0.0020 358 201 376 269
person 0.0017 209 146 266 485
person 0.0017 355 196 377 398
person 0.0011 218 182 259 251
person 0.0010 154 184 243 250
train 0.9496 -8 110 287 384
train 0.0125 228 130 368 477
train 0.0082 -25 90 390 483
train 0.0064 19 142 346 281
train 0.0053 105 174 341 313
train 0.0040 93 143 352 448
train 0.0012 -6 210 170 359
