bird 0.0010 432 223 456 278
car 0.0049 110 215 131 231
car 0.0040 228 204 283 256
car 0.0019 45 224 62 235
car 0.0010 450 258 499 300
cow 0.4223 229 201 288 263
cow 0.1048 450 258 499 300
cow 0.0021 291 242 314 272
cow 0.0012 419 214 457 292
cow 0.0010 216 195 275 248
dog 0.0040 229 201 288 263
dog 0.0017 450 258 499 300
horse 0.2623 229 201 286 265
horse 0.0124 450 258 499 300
horse 0.0019 291 242 314 272
person 0.0169 295 244 310 270
person 0.0064 349 197 387 282
person 0.0051 291 237 314 268
person 0.0025 304 244 316 269
person 0.0021 228 204 283 256
person 0.0014 282 241 322 272
sheep 0.0443 450 258 499 300
sheep 0.0028 229 201 286 265
