bottle 0.1596 102 41 140 139
bottle 0.0770 96 4 282 119
bottle 0.0585 4 8 152 169
bottle 0.0543 -7 2 231 127
bottle 0.0148 -10 1 308 189
bottle 0.0106 55 55 110 156
bottle 0.0089 179 1 223 30
bottle 0.0078 70 47 131 158
bottle 0.0065 37 60 85 152
bottle 0.0055 36 14 341 326
bottle 0.0041 -3 0 8 26
bottle 0.0036 228 0 252 44
bottle 0.0035 139 -1 253 88
bottle 0.0028 111 34 134 108
bottle 0.0026 166 1 261 59
bottle 0.0026 219 0 260 31
bottle 0.0024 105 55 127 125
bottle 0.0024 102 2 212 56
bottle 0.0021 -3 -1 20 46
bottle 0.0015 124 2 145 61
bottle 0.0015 157 1 207 30
bottle 0.0014 194 0 247 33
bottle 0.0013 0 4 86 134
bottle 0.0013 208 -1 261 93
bottle 0.0013 189 4 212 27
bottle 0.0013 -11 0 29 31
bottle 0.0013 95 67 136 168
bottle 0.0013 111 63 133 137
bottle 0.0010 0 3 19 26
car 0.0011 22 11 360 439
chair 0.0644 14 47 357 505
chair 0.0064 -5 237 219 494
dog 0.0011 58 12 392 437
person 0.9975 20 2 361 501
person 0.0018 96 4 282 119
person 0.0014 0 0 159 129
person 0.0012 39 56 130 155
pottedplant 0.0012 96 4 282 119
sofa 0.0056 50 50 385 500
tvmonitor 0.0097 -5 237 219 494
