bottle 0.0050 142 118 163 162
bottle 0.0034 143 127 174 169
bottle 0.0011 144 124 159 154
chair 0.1192 -3 261 79 492
chair 0.0209 145 112 285 506
chair 0.0142 36 197 170 502
chair 0.0012 288 243 369 467
diningtable 0.0028 -3 261 79 492
person 0.9975 141 75 289 498
person 0.9542 33 157 167 491
person 0.0191 0 212 79 427
person 0.0028 10 63 363 512
person 0.0025 53 69 232 459
person 0.0020 45 181 118 528
person 0.0016 9 207 103 505
person 0.0016 -8 254 66 492
person 0.0014 5 168 109 355
person 0.0013 143 127 174 169
person 0.0010 91 200 175 513
pottedplant 0.0103 2 117 31 161
pottedplant 0.0016 11 117 42 161
pottedplant 0.0011 1 126 51 167
sofa 0.0078 -3 261 79 492
sofa 0.0031 101 119 282 502
sofa 0.0018 36 197 170 502
