bus 0.9997 21 21 344 411
bus 0.0053 300 58 374 311
bus 0.0052 331 151 371 260
bus 0.0035 317 86 356 198
bus 0.0015 321 121 379 290
bus 0.0015 328 83 368 206
bus 0.0015 0 29 239 327
car 0.2203 333 154 372 287
car 0.0197 326 132 375 343
car 0.0173 352 204 376 268
car 0.0068 3 220 31 286
car 0.0051 2 194 44 282
car 0.0031 353 183 374 247
car 0.0028 326 166 351 212
car 0.0022 -6 15 330 462
car 0.0021 300 118 369 365
car 0.0015 330 142 368 229
car 0.0013 316 161 358 282
car 0.0011 -1 224 19 283
car 0.0011 348 208 366 284
car 0.0010 350 186 375 325
person 0.0843 331 151 371 260
person 0.0287 1 170 43 277
person 0.0058 347 163 376 282
person 0.0040 14 191 56 285
person 0.0037 3 220 31 286
person 0.0036 341 154 367 217
person 0.0024 3 209 44 298
person 0.0018 358 157 375 215
person 0.0018 4 123 29 177
person 0.0016 8 142 73 412
person 0.0013 25 200 47 266
person 0.0010 336 177 368 333
person 0.0010 346 142 378 225
train 0.0017 -6 15 330 462
