bicycle 0.0109 71 291 214 336
bicycle 0.0021 -15 236 360 334
bicycle 0.0018 110 299 169 331
bicycle 0.0015 2 233 183 332
bird 0.0022 -2 280 67 333
boat 0.0023 0 281 416 340
boat 0.0011 -15 236 360 334
motorbike 0.0039 -15 236 360 334
motorbike 0.0025 2 233 183 332
motorbike 0.0011 34 289 217 336
person 0.9820 101 130 331 330
person 0.9754 385 9 434 105
person 0.0294 3 279 87 334
person 0.0055 215 121 332 341
person 0.0035 0 259 54 328
person 0.0034 403 6 444 110
person 0.0033 127 298 190 331
person 0.0032 37 275 67 317
person 0.0024 91 297 148 333
person 0.0023 382 32 396 57
person 0.0021 1 87 272 340
person 0.0018 30 281 75 329
person 0.0013 0 202 91 334
person 0.0013 150 303 167 328
person 0.0013 0 165 179 329
person 0.0012 5 283 167 334
person 0.0012 134 298 162 330
pottedplant 0.0011 110 299 169 331
