bird 0.0036 243 286 326 343
bird 0.0034 241 299 291 343
bird 0.0022 254 280 297 327
bird 0.0018 287 291 342 333
cat 0.0138 287 291 342 333
cat 0.0048 254 280 297 327
cat 0.0028 243 286 326 343
cat 0.0018 241 299 291 343
cow 0.2117 250 284 345 342
cow 0.0292 299 289 347 336
cow 0.0036 252 283 299 343
cow 0.0025 279 292 332 333
dog 0.1255 250 284 345 342
dog 0.0382 287 291 342 333
dog 0.0117 252 288 298 335
dog 0.0051 241 299 291 343
horse 0.0580 250 284 345 342
horse 0.0057 299 289 347 336
horse 0.0016 252 283 299 343
person 0.0166 243 286 326 343
person 0.0049 254 280 297 327
person 0.0014 243 290 289 335
person 0.0012 278 288 348 340
sheep 0.0185 243 286 326 343
sheep 0.0070 299 289 347 336
sheep 0.0015 254 280 297 327
sheep 0.0011 279 292 332 333
