aeroplane 0.0136 394 -18 502 184
bird 0.0010 371 -2 503 182
bird 0.0010 487 9 499 83
boat 0.0118 394 -18 502 184
bottle 0.9823 37 169 120 293
bottle 0.0446 4 -45 116 300
bottle 0.0149 13 -12 113 174
bottle 0.0087 31 167 111 235
bottle 0.0040 78 165 103 213
bottle 0.0029 77 159 121 273
bottle 0.0024 17 36 109 123
bottle 0.0020 71 171 95 225
bottle 0.0019 230 92 257 131
bottle 0.0015 229 71 255 205
bottle 0.0011 235 100 253 123
person 0.0050 2 -56 100 213
person 0.0010 489 -7 499 80
person 0.0010 228 89 255 216
pottedplant 0.0163 373 -27 495 339
pottedplant 0.0103 371 -2 503 182
pottedplant 0.0019 230 92 257 131
pottedplant 0.0014 228 89 255 216
sheep 0.0032 376 -17 497 272
train 0.0260 394 -18 502 184
