aeroplane 0.0169 -2 13 502 333
boat 0.5151 72 76 431 330
boat 0.0164 438 241 475 277
boat 0.0135 425 234 470 271
boat 0.0072 429 225 446 275
boat 0.0058 37 178 397 312
boat 0.0045 186 122 384 293
boat 0.0044 355 231 471 289
boat 0.0043 163 139 471 342
boat 0.0034 230 268 439 326
boat 0.0033 12 227 489 339
boat 0.0030 328 240 454 308
boat 0.0025 443 241 469 263
boat 0.0022 -1 -40 497 316
boat 0.0014 418 229 482 281
boat 0.0013 311 228 436 288
boat 0.0012 180 62 329 270
boat 0.0011 251 235 470 323
car 0.0027 8 68 431 342
chair 0.0191 10 126 425 351
chair 0.0019 174 69 398 334
person 0.5894 201 42 366 308
person 0.0311 429 225 446 275
person 0.0257 392 248 403 277
person 0.0156 72 76 431 330
person 0.0063 411 234 423 266
person 0.0034 180 46 336 222
person 0.0032 431 231 460 273
person 0.0029 396 234 423 273
person 0.0025 385 248 398 277
person 0.0018 407 236 428 279
sofa 0.0026 8 68 431 342
