bottle 0.4150 358 21 398 101
bottle 0.2125 292 30 376 91
bottle 0.2122 212 18 268 110
bottle 0.1585 311 28 354 92
bottle 0.1015 425 -1 447 55
bottle 0.1003 425 0 469 72
bottle 0.0719 449 -1 496 72
bottle 0.0627 368 29 415 116
bottle 0.0486 390 15 423 101
bottle 0.0381 299 33 346 81
bottle 0.0376 387 9 411 62
bottle 0.0330 372 6 412 88
bottle 0.0239 336 22 416 97
bottle 0.0213 473 -26 497 73
bottle 0.0185 333 22 374 95
bottle 0.0167 369 19 392 91
bottle 0.0159 348 32 372 96
bottle 0.0119 327 27 352 81
bottle 0.0106 184 95 206 135
bottle 0.0084 253 36 272 94
bottle 0.0065 389 0 480 75
bottle 0.0058 403 28 430 83
bottle 0.0055 384 37 412 93
bottle 0.0051 273 39 365 108
bottle 0.0048 232 28 275 126
bottle 0.0043 364 45 393 99
bottle 0.0041 319 21 346 71
bottle 0.0036 359 34 382 96
bottle 0.0033 375 51 421 98
bottle 0.0031 393 -7 430 61
bottle 0.0031 415 11 451 97
bottle 0.0030 347 21 373 71
bottle 0.0028 285 -2 386 52
bottle 0.0026 452 -1 478 55
bottle 0.0025 373 32 402 96
bottle 0.0023 376 18 403 74
bottle 0.0023 426 13 448 77
bottle 0.0023 390 5 406 30
bottle 0.0022 254 53 275 114
bottle 0.0022 405 9 429 63
bottle 0.0021 440 -86 497 83
bottle 0.0019 308 23 336 67
bottle 0.0019 378 4 402 48
bottle 0.0019 311 2 370 33
bottle 0.0019 338 37 363 91
bottle 0.0018 272 17 365 78
bottle 0.0017 403 -3 432 41
bottle 0.0016 475 -22 499 138
bottle 0.0015 354 12 432 81
bottle 0.0015 372 4 387 30
bottle 0.0015 330 15 349 35
bottle 0.0015 379 4 398 28
bottle 0.0015 392 12 407 39
bottle 0.0015 327 14 353 55
bottle 0.0014 272 7 470 99
bottle 0.0014 477 -90 500 57
bottle 0.0013 304 14 405 80
bottle 0.0013 395 5 419 49
bottle 0.0012 255 77 276 130
bottle 0.0011 323 24 341 46
bottle 0.0011 367 0 409 35
bottle 0.0010 381 13 398 36
bottle 0.0010 384 23 431 69
bottle 0.0010 440 -26 499 191
bottle 0.0010 313 24 330 47
bottle 0.0010 274 46 331 86
cat 0.0021 195 145 358 308
chair 0.0245 454 204 502 340
chair 0.0022 167 109 365 304
chair 0.0018 472 184 500 326
chair 0.0015 444 85 499 381
diningtable 0.0130 292 30 376 91
diningtable 0.0079 171 108 448 313
diningtable 0.0065 389 0 480 75
diningtable 0.0027 330 35 422 112
diningtable 0.0027 360 21 461 93
diningtable 0.0024 273 39 365 108
diningtable 0.0020 304 14 405 80
diningtable 0.0010 272 17 365 78
dog 0.9945 192 122 359 296
dog 0.0018 192 123 297 195
person 0.0028 305 42 356 85
person 0.0026 1 -4 136 110
person 0.0023 285 -2 386 52
person 0.0017 272 7 470 99
person 0.0015 440 -10 498 211
person 0.0011 471 -14 498 86
person 0.0010 174 67 383 296
person 0.0010 437 -89 498 63
sofa 0.0022 183 112 372 311
tvmonitor 0.0016 305 42 356 85
