bottle 0.4115 21 157 46 246
bottle 0.4049 314 46 329 89
bottle 0.3448 334 45 351 90
bottle 0.3428 339 47 361 89
bottle 0.2378 351 47 369 88
bottle 0.2150 25 144 41 220
bottle 0.0654 0 154 23 243
bottle 0.0589 320 46 340 89
bottle 0.0582 0 164 11 257
bottle 0.0455 29 170 50 250
bottle 0.0305 29 153 39 179
bottle 0.0297 304 44 324 91
bottle 0.0270 340 139 362 201
bottle 0.0224 359 48 374 87
bottle 0.0213 17 171 31 246
bottle 0.0176 336 58 346 91
bottle 0.0124 354 59 366 90
bottle 0.0123 329 155 353 208
bottle 0.0119 311 55 334 115
bottle 0.0107 339 49 380 87
bottle 0.0087 379 86 411 157
bottle 0.0086 362 60 372 89
bottle 0.0074 46 160 57 182
bottle 0.0073 343 60 356 88
bottle 0.0071 384 46 401 86
bottle 0.0069 334 116 365 207
bottle 0.0066 315 39 327 77
bottle 0.0059 335 46 349 73
bottle 0.0050 64 161 78 181
bottle 0.0049 308 48 351 88
bottle 0.0048 337 64 370 171
bottle 0.0044 333 55 350 115
bottle 0.0041 85 161 101 181
bottle 0.0040 323 60 337 89
bottle 0.0033 342 48 358 73
bottle 0.0033 0 143 11 223
bottle 0.0032 26 148 41 185
bottle 0.0029 19 152 34 215
bottle 0.0028 73 162 88 179
bottle 0.0028 306 52 321 82
bottle 0.0027 362 169 376 195
bottle 0.0026 89 156 110 189
bottle 0.0025 350 143 368 198
bottle 0.0025 268 -5 316 80
bottle 0.0025 55 161 68 181
bottle 0.0024 329 56 369 94
bottle 0.0023 322 136 361 212
bottle 0.0023 316 61 353 176
bottle 0.0022 337 58 362 113
bottle 0.0022 323 45 339 73
bottle 0.0021 370 161 390 200
bottle 0.0020 302 45 335 153
bottle 0.0018 407 93 429 137
bottle 0.0016 321 147 342 199
bottle 0.0016 353 168 366 196
bottle 0.0015 32 142 50 222
bottle 0.0015 353 79 393 160
bottle 0.0014 394 92 435 155
bottle 0.0013 1 157 9 189
bottle 0.0013 410 101 426 127
bottle 0.0013 299 39 344 80
bottle 0.0011 330 134 355 192
bottle 0.0011 0 196 22 260
bottle 0.0010 413 90 451 156
bottle 0.0010 359 150 380 195
bottle 0.0010 28 160 38 199
bottle 0.0010 375 159 400 202
chair 0.0597 130 116 354 382
chair 0.0066 0 281 49 374
chair 0.0015 306 209 403 377
chair 0.0013 365 168 501 371
chair 0.0011 480 133 499 373
diningtable 0.0030 26 175 115 246
diningtable 0.0013 331 48 369 89
diningtable 0.0011 302 48 341 87
person 0.9967 129 31 343 374
person 0.9512 371 -12 499 375
person 0.0839 413 90 451 156
person 0.0179 407 107 432 159
person 0.0157 424 94 451 138
person 0.0134 406 11 498 225
person 0.0057 414 95 441 135
person 0.0047 25 170 44 248
person 0.0045 433 12 499 381
person 0.0042 375 159 400 202
person 0.0036 310 149 332 194
person 0.0036 429 96 448 116
person 0.0035 338 133 362 193
person 0.0031 482 11 500 338
person 0.0025 407 93 429 137
person 0.0023 471 -23 498 412
person 0.0023 321 147 342 199
person 0.0023 393 94 437 175
person 0.0021 410 75 496 160
person 0.0021 418 102 436 126
person 0.0021 431 97 459 148
person 0.0016 428 101 446 125
person 0.0015 322 136 361 212
person 0.0014 405 128 429 172
person 0.0013 406 121 446 163
person 0.0011 377 78 490 289
person 0.0011 316 150 330 178
person 0.0010 253 -2 489 386
person 0.0010 117 64 209 367
sofa 0.0024 130 116 354 382
sofa 0.0011 0 281 49 374
tvmonitor 0.1360 118 58 203 131
tvmonitor 0.0141 123 74 176 117
tvmonitor 0.0022 118 44 243 160
tvmonitor 0.0017 121 12 323 309
