aeroplane 0.0018 405 325 502 378
aeroplane 0.0013 426 186 448 198
bicycle 0.0028 163 288 174 306
bird 0.0058 302 272 344 306
bird 0.0021 311 274 332 286
boat 0.0018 293 91 307 106
boat 0.0012 253 81 313 112
car 0.0058 23 173 41 188
car 0.0054 163 288 174 306
car 0.0046 426 186 448 198
car 0.0043 145 281 172 299
car 0.0033 138 282 158 299
car 0.0027 447 292 504 322
car 0.0027 0 176 9 250
car 0.0024 93 70 109 85
car 0.0016 160 281 174 300
car 0.0015 119 181 139 203
car 0.0015 140 283 176 306
car 0.0014 0 192 7 228
car 0.0013 252 232 276 247
car 0.0010 296 44 384 73
cat 0.0010 302 272 344 306
dog 0.0015 302 272 344 306
motorbike 0.0019 163 288 174 306
person 0.0238 163 288 174 306
person 0.0118 403 147 426 194
person 0.0088 0 180 8 263
person 0.0067 99 149 120 191
person 0.0061 0 162 23 308
person 0.0047 241 123 252 148
person 0.0022 102 150 116 179
person 0.0021 266 137 277 167
person 0.0020 2 184 22 260
person 0.0018 459 41 472 59
person 0.0017 293 91 307 106
person 0.0017 1 175 43 297
person 0.0016 0 197 6 240
person 0.0015 4 175 21 230
person 0.0015 401 143 419 186
person 0.0014 293 96 306 114
person 0.0014 19 195 31 221
person 0.0013 17 183 33 258
person 0.0013 160 281 174 300
person 0.0013 6 169 17 194
person 0.0012 7 186 18 217
person 0.0010 207 262 226 277
person 0.0010 25 197 38 219
person 0.0010 289 95 302 115
pottedplant 0.0010 207 262 226 277
train 0.2007 5 53 490 241
train 0.0131 8 121 497 404
train 0.0095 23 211 479 313
train 0.0063 245 42 396 77
train 0.0063 89 125 233 192
train 0.0029 23 98 242 195
train 0.0020 297 23 505 203
train 0.0020 33 239 464 374
train 0.0019 180 230 335 279
train 0.0019 155 48 506 183
train 0.0016 50 145 197 211
train 0.0014 141 245 266 296
train 0.0011 248 231 296 267
train 0.0010 253 81 313 112
train 0.0010 232 23 401 70
