bicycle 0.0021 26 -2 288 289
bottle 0.9798 364 139 468 325
bottle 0.0134 475 208 499 336
bottle 0.0083 272 -6 319 131
bottle 0.0072 451 132 498 332
bottle 0.0011 488 42 500 129
bottle 0.0011 479 100 500 326
chair 0.9944 20 11 273 315
chair 0.0216 478 32 500 158
chair 0.0091 488 51 500 139
chair 0.0053 266 -9 328 134
chair 0.0017 479 13 498 254
chair 0.0016 479 60 499 127
chair 0.0016 167 83 278 277
diningtable 0.0094 -9 237 513 335
diningtable 0.0033 26 -2 288 289
diningtable 0.0026 -4 143 498 343
diningtable 0.0017 340 137 486 336
pottedplant 0.0012 478 32 500 158
sofa 0.0032 18 51 276 331
sofa 0.0012 478 32 500 158
