bicycle 0.0070 239 220 268 305
bicycle 0.0028 233 245 258 300
bicycle 0.0011 91 221 178 405
bird 0.0030 98 252 180 406
car 0.0019 239 220 268 305
cat 0.0032 98 252 180 406
chair 0.0172 98 252 180 406
cow 0.0125 98 252 180 406
cow 0.0021 233 221 266 302
cow 0.0014 186 139 264 216
dog 0.4332 97 217 182 409
dog 0.0015 120 267 172 400
horse 0.2650 97 217 182 409
horse 0.0078 239 220 268 305
motorbike 0.0104 239 220 268 305
motorbike 0.0042 234 231 258 294
person 0.9817 95 159 184 397
person 0.0102 239 220 268 305
person 0.0101 234 231 258 294
person 0.0010 256 219 270 290
sheep 0.0016 98 252 180 406
sheep 0.0011 183 129 263 207
