bird 0.0034 -3 14 285 374
bird 0.0032 229 0 502 219
cat 0.8386 35 78 291 373
cat 0.7214 258 97 413 366
cat 0.1043 283 82 503 370
cat 0.0536 282 107 435 273
cat 0.0220 -8 2 427 388
cat 0.0183 229 0 502 219
cat 0.0089 130 95 359 371
cat 0.0050 404 40 504 392
cat 0.0021 252 72 420 212
cat 0.0016 117 110 293 265
cat 0.0011 364 -30 499 340
cat 0.0010 366 162 505 365
chair 0.0059 17 -15 477 402
chair 0.0052 261 42 456 357
dog 0.0128 2 65 285 379
dog 0.0019 241 -2 488 314
dog 0.0016 276 95 437 361
dog 0.0015 406 63 502 405
person 0.0049 276 22 505 367
person 0.0025 403 0 501 359
person 0.0012 -8 2 427 388
sheep 0.0244 2 65 285 379
sofa 0.0036 17 -15 477 402
tvmonitor 0.0019 25 23 301 372
