bicycle 0.0018 39 290 79 370
bicycle 0.0012 4 282 83 358
boat 0.0109 356 186 384 198
boat 0.0071 355 183 402 200
boat 0.0032 363 185 395 197
boat 0.0021 98 252 326 357
boat 0.0016 373 187 401 197
boat 0.0011 77 184 104 198
bottle 0.0156 198 223 213 292
bottle 0.0064 199 253 209 282
bottle 0.0037 145 246 156 276
bottle 0.0027 143 237 159 280
bottle 0.0026 143 258 155 277
bottle 0.0013 154 227 164 254
car 0.0028 363 185 395 197
car 0.0022 356 186 384 198
car 0.0011 294 230 306 249
chair 0.2428 23 286 78 370
chair 0.0044 1 284 58 371
diningtable 0.0105 7 286 83 371
diningtable 0.0034 39 290 79 370
person 0.9976 146 177 208 363
person 0.9920 207 184 262 370
person 0.9916 244 191 300 368
person 0.0134 33 281 55 349
person 0.0049 198 223 213 292
person 0.0039 50 296 77 359
person 0.0036 154 227 164 254
person 0.0027 152 222 166 276
person 0.0017 155 206 247 363
person 0.0017 215 183 259 288
person 0.0011 260 197 274 220
person 0.0010 493 207 500 312
person 0.0010 23 286 78 370
sofa 0.0019 7 286 83 371
