aeroplane 0.0010 274 24 331 45
bus 0.0064 288 22 334 45
bus 0.0038 255 23 309 42
car 0.9993 17 40 475 195
car 0.7141 288 22 334 45
car 0.2277 255 23 309 42
car 0.0619 142 49 192 89
car 0.0592 308 24 333 42
car 0.0545 287 25 317 42
car 0.0471 267 24 297 39
car 0.0243 240 26 306 47
car 0.0220 297 28 327 45
car 0.0203 264 26 323 48
car 0.0156 254 25 276 41
car 0.0155 135 42 182 80
car 0.0098 240 21 288 44
car 0.0059 243 31 265 44
car 0.0036 228 31 243 45
car 0.0031 331 23 350 38
car 0.0028 325 23 338 41
car 0.0021 283 29 308 45
car 0.0020 235 30 253 45
car 0.0019 119 36 142 85
car 0.0018 228 28 280 47
car 0.0016 260 29 287 44
car 0.0014 150 45 204 76
car 0.0013 145 49 170 86
car 0.0013 136 61 181 89
car 0.0013 99 38 142 81
car 0.0013 123 45 239 93
car 0.0013 237 24 250 42
car 0.0013 0 27 10 93
car 0.0012 254 11 337 52
car 0.0012 306 47 485 168
car 0.0011 156 49 177 71
car 0.0011 157 43 177 60
car 0.0011 -1 64 9 95
motorbike 0.0102 142 49 192 89
motorbike 0.0049 135 42 182 80
motorbike 0.0017 145 49 170 86
motorbike 0.0015 137 47 158 86
person 0.0939 138 39 157 82
person 0.0881 133 36 148 84
person 0.0204 144 42 170 81
person 0.0162 135 53 146 86
person 0.0161 237 24 250 42
person 0.0108 140 40 155 64
person 0.0103 140 54 154 85
person 0.0070 119 36 142 85
person 0.0065 149 47 166 73
person 0.0046 149 56 165 83
person 0.0041 228 31 243 45
person 0.0040 239 9 250 37
person 0.0032 235 30 253 45
person 0.0026 134 37 147 66
person 0.0023 148 41 167 61
person 0.0018 152 43 180 79
person 0.0017 157 43 177 60
person 0.0017 237 1 252 44
person 0.0016 135 49 183 86
person 0.0015 156 49 177 71
person 0.0012 325 23 338 41
person 0.0011 308 24 333 42
person 0.0011 231 25 243 43
person 0.0010 254 25 276 41
