cat 0.0199 33 119 96 212
cow 0.0273 33 119 96 212
cow 0.0045 370 96 421 249
cow 0.0023 24 0 112 78
cow 0.0021 419 105 494 262
cow 0.0016 299 66 376 270
dog 0.8306 29 116 97 203
horse 0.0029 33 119 96 212
sheep 0.9979 413 70 493 247
sheep 0.9969 300 61 378 257
sheep 0.9888 373 106 420 244
sheep 0.1268 411 1 502 73
sheep 0.0279 366 105 412 140
sheep 0.0264 411 59 489 135
sheep 0.0249 422 59 471 92
sheep 0.0111 370 100 423 182
sheep 0.0091 33 119 96 212
sheep 0.0084 441 128 498 256
sheep 0.0048 337 91 423 250
sheep 0.0038 414 -10 490 165
sheep 0.0035 477 55 498 218
sheep 0.0031 376 100 420 129
sheep 0.0028 294 64 369 133
sheep 0.0026 474 45 498 147
sheep 0.0024 475 133 501 253
sheep 0.0018 429 47 497 195
sheep 0.0015 374 110 404 150
sheep 0.0013 24 0 112 78
sheep 0.0013 403 -100 504 93
sheep 0.0010 384 106 412 154
