bird 0.1343 185 93 250 259
bird 0.0158 119 80 235 240
bird 0.0134 124 116 208 201
bird 0.0103 167 70 242 221
bird 0.0065 201 73 348 176
bird 0.0048 193 73 239 162
bird 0.0013 237 130 265 182
bird 0.0013 415 86 490 168
bird 0.0012 182 101 208 148
cat 0.0021 185 93 250 259
cat 0.0011 177 81 337 213
cow 0.1182 238 120 347 186
cow 0.0185 448 155 500 243
cow 0.0165 177 81 337 213
cow 0.0075 412 125 440 184
cow 0.0066 415 86 490 168
cow 0.0059 185 93 250 259
cow 0.0026 311 136 355 171
cow 0.0017 211 92 341 163
cow 0.0017 473 81 498 160
cow 0.0012 444 146 498 321
cow 0.0011 236 133 266 192
cow 0.0011 23 99 81 134
cow 0.0010 124 116 208 201
cow 0.0010 283 142 341 185
cow 0.0010 119 80 235 240
dog 0.0433 185 93 250 259
dog 0.0074 177 81 337 213
dog 0.0052 120 88 209 227
dog 0.0037 238 120 347 186
dog 0.0034 448 155 500 243
dog 0.0020 193 73 239 162
horse 0.0035 185 93 250 259
horse 0.0010 177 81 337 213
person 0.2863 186 73 250 253
person 0.0028 195 73 236 140
person 0.0018 119 80 235 240
sheep 0.8570 414 91 491 178
sheep 0.6775 448 155 500 243
sheep 0.4589 238 120 347 186
sheep 0.3274 202 87 345 202
sheep 0.2877 23 99 81 134
sheep 0.1862 185 93 250 259
sheep 0.1835 124 116 208 201
sheep 0.1571 119 80 235 240
sheep 0.0439 450 149 498 177
sheep 0.0309 473 81 498 160
sheep 0.0283 412 125 440 184
sheep 0.0268 449 155 500 193
sheep 0.0257 450 137 499 169
sheep 0.0146 193 73 239 162
sheep 0.0143 16 101 86 166
sheep 0.0116 165 99 335 252
sheep 0.0081 467 136 501 227
sheep 0.0075 167 70 242 221
sheep 0.0062 486 73 498 161
sheep 0.0060 311 136 355 171
sheep 0.0059 192 65 286 216
sheep 0.0056 214 122 309 193
sheep 0.0049 444 146 498 321
sheep 0.0047 431 81 500 231
sheep 0.0047 444 111 498 200
sheep 0.0040 472 143 499 162
sheep 0.0038 9 90 86 262
sheep 0.0036 293 143 350 182
sheep 0.0030 215 105 261 211
sheep 0.0030 236 133 266 192
sheep 0.0026 414 138 499 211
sheep 0.0026 415 5 492 199
sheep 0.0026 486 142 499 168
sheep 0.0022 411 113 458 192
sheep 0.0021 429 153 476 236
sheep 0.0018 473 125 500 164
sheep 0.0018 454 153 477 169
sheep 0.0017 330 141 348 166
sheep 0.0016 182 134 258 221
sheep 0.0015 464 143 489 162
sheep 0.0014 12 97 58 138
sheep 0.0013 485 123 498 187
sheep 0.0013 488 150 500 179
sheep 0.0011 432 146 480 179
sheep 0.0011 407 142 434 179
sheep 0.0010 471 146 505 182
sheep 0.0010 35 110 85 201
sheep 0.0010 319 142 347 180
