bird 0.0033 114 138 207 220
bird 0.0031 67 121 297 256
bird 0.0019 81 111 342 327
boat 0.0058 83 119 347 266
bottle 0.0085 82 102 348 286
bus 0.0588 83 119 347 266
car 0.0057 83 119 347 266
cat 0.0215 83 119 347 266
chair 0.0072 82 102 348 286
diningtable 0.0012 83 119 347 266
dog 0.0020 67 121 297 256
person 0.0080 83 119 347 266
pottedplant 0.0496 83 119 347 266
pottedplant 0.0084 54 126 307 386
sheep 0.0051 67 121 297 256
sheep 0.0013 81 111 342 327
sofa 0.0035 83 119 347 266
train 0.0282 82 102 348 286
tvmonitor 0.2155 82 102 348 286
tvmonitor 0.0899 210 116 347 270
tvmonitor 0.0010 180 104 373 328
