bicycle 0.0034 -2 98 68 260
bicycle 0.0019 127 89 235 148
chair 0.0022 128 101 151 144
motorbike 0.9971 115 114 485 346
motorbike 0.9400 15 81 264 302
motorbike 0.0131 -2 98 68 260
motorbike 0.0097 7 86 201 229
motorbike 0.0073 -19 39 440 334
motorbike 0.0043 67 86 262 219
motorbike 0.0019 102 114 314 249
motorbike 0.0016 0 109 134 256
person 0.0055 488 49 499 163
person 0.0044 32 78 288 308
person 0.0029 164 55 476 343
person 0.0027 479 65 500 172
person 0.0016 490 70 498 99
pottedplant 0.0400 421 46 452 88
pottedplant 0.0031 123 29 169 132
pottedplant 0.0018 20 24 234 124
pottedplant 0.0015 98 87 191 143
pottedplant 0.0014 128 101 151 144
pottedplant 0.0014 95 30 188 94
