bottle 0.0036 443 274 455 302
bottle 0.0018 447 276 463 299
bottle 0.0017 442 265 467 304
bottle 0.0013 470 284 481 311
bottle 0.0010 441 284 456 305
bus 0.0022 439 62 496 327
car 0.0010 236 209 251 230
horse 0.0034 336 216 362 273
person 0.9958 190 200 227 304
person 0.9844 253 203 287 306
person 0.9328 288 199 322 299
person 0.9253 442 171 486 307
person 0.6979 336 207 363 272
person 0.0518 283 202 299 293
person 0.0483 334 201 353 261
person 0.0428 236 209 251 230
person 0.0375 479 175 501 296
person 0.0299 229 209 241 232
person 0.0259 232 208 257 265
person 0.0255 154 248 174 285
person 0.0139 321 202 345 259
person 0.0126 277 203 293 292
person 0.0119 421 191 434 268
person 0.0114 412 195 424 219
person 0.0108 409 181 428 224
person 0.0102 421 192 431 223
person 0.0096 337 200 362 245
person 0.0087 246 208 263 228
person 0.0082 488 172 499 267
person 0.0082 139 123 197 160
person 0.0079 487 220 499 316
person 0.0072 228 206 245 265
person 0.0070 254 201 275 276
person 0.0063 348 209 367 266
person 0.0059 246 210 266 268
person 0.0054 261 197 284 262
person 0.0052 404 196 414 218
person 0.0051 418 184 433 235
person 0.0042 232 205 255 238
person 0.0038 336 208 349 233
person 0.0036 479 218 495 317
person 0.0035 257 205 274 228
person 0.0034 216 199 235 260
person 0.0034 150 216 186 287
person 0.0033 163 122 191 161
person 0.0031 312 202 328 273
person 0.0030 205 198 226 260
person 0.0028 302 179 319 243
person 0.0027 265 201 282 218
person 0.0025 480 176 497 245
person 0.0024 235 215 252 238
person 0.0023 241 205 267 238
person 0.0023 382 194 393 220
person 0.0022 254 203 277 239
person 0.0020 415 181 444 292
person 0.0018 273 199 290 261
person 0.0018 302 194 322 267
person 0.0018 247 215 262 239
person 0.0017 379 179 395 222
person 0.0016 236 203 252 223
person 0.0015 218 206 232 231
person 0.0014 402 180 418 224
person 0.0014 438 195 455 286
person 0.0013 243 202 310 304
person 0.0013 227 202 242 223
person 0.0012 450 169 475 215
person 0.0012 246 203 264 219
person 0.0011 340 207 359 231
person 0.0011 397 196 437 275
person 0.0010 264 206 334 292
person 0.0010 391 197 405 217
pottedplant 0.0029 236 209 251 230
pottedplant 0.0018 229 209 241 232
pottedplant 0.0013 1 4 51 120
