bottle 0.0073 0 45 27 192
bottle 0.0013 341 170 374 215
bottle 0.0011 -1 181 27 240
bottle 0.0010 372 188 386 215
car 0.0031 408 232 500 381
cat 0.0032 142 -1 345 177
person 0.0199 142 -1 345 177
person 0.0012 0 45 27 192
sofa 0.0018 400 4 502 237
sofa 0.0010 408 223 499 368
tvmonitor 0.9986 134 0 350 203
tvmonitor 0.2340 -1 -21 123 186
tvmonitor 0.1655 408 74 500 244
tvmonitor 0.0337 0 45 27 192
tvmonitor 0.0295 408 223 499 368
tvmonitor 0.0108 375 -19 501 325
tvmonitor 0.0030 405 101 503 364
tvmonitor 0.0016 -1 -9 33 245
tvmonitor 0.0014 -5 6 62 198
tvmonitor 0.0013 426 131 499 220
tvmonitor 0.0013 455 -2 500 43
tvmonitor 0.0013 356 92 400 194
