bicycle 0.9844 94 233 142 327
bicycle 0.7519 32 236 71 314
bicycle 0.2306 4 232 43 312
bicycle 0.0709 13 246 36 307
bicycle 0.0505 21 246 43 310
bicycle 0.0409 51 255 71 318
bicycle 0.0353 40 255 65 317
bicycle 0.0284 32 243 52 314
bicycle 0.0087 0 200 31 302
bicycle 0.0059 86 173 140 321
bicycle 0.0057 43 204 78 310
bicycle 0.0049 13 250 81 321
bicycle 0.0045 22 263 63 308
bicycle 0.0039 5 171 41 295
bicycle 0.0038 0 236 29 338
bicycle 0.0034 107 250 131 325
bicycle 0.0019 15 180 76 315
bicycle 0.0019 6 265 41 303
bicycle 0.0019 116 263 138 329
bicycle 0.0017 12 254 53 304
bicycle 0.0014 99 251 121 323
bicycle 0.0012 44 215 61 305
bird 0.0028 13 246 36 307
bird 0.0019 51 255 71 318
bird 0.0011 40 241 64 314
bottle 0.0027 44 215 61 305
bottle 0.0024 13 219 33 298
bottle 0.0021 0 210 7 248
bottle 0.0014 23 215 40 303
bottle 0.0012 36 216 52 304
bottle 0.0011 -1 196 11 262
car 0.0058 0 164 13 221
car 0.0037 5 166 44 271
car 0.0024 0 174 25 232
car 0.0019 0 156 28 281
car 0.0018 6 173 83 266
car 0.0014 0 173 10 207
car 0.0011 25 158 69 285
chair 0.0153 97 246 140 327
chair 0.0119 4 232 43 312
chair 0.0056 34 194 69 310
chair 0.0040 31 250 68 321
chair 0.0028 0 200 31 302
chair 0.0014 13 246 36 307
chair 0.0014 0 190 13 252
chair 0.0013 40 238 79 314
chair 0.0010 21 246 43 310
chair 0.0010 5 171 41 295
dog 0.0134 13 246 36 307
dog 0.0073 40 241 64 314
dog 0.0058 50 243 71 313
dog 0.0055 21 246 43 310
dog 0.0027 32 243 52 314
dog 0.0016 107 250 131 325
dog 0.0012 12 210 32 289
dog 0.0010 44 215 61 305
horse 0.0066 6 200 39 304
horse 0.0032 0 180 30 294
horse 0.0018 0 194 26 251
horse 0.0018 93 173 142 322
horse 0.0014 5 166 44 271
horse 0.0011 50 243 71 313
motorbike 0.0104 0 200 31 302
motorbike 0.0079 13 246 36 307
motorbike 0.0074 5 171 41 295
motorbike 0.0072 21 246 43 310
motorbike 0.0063 40 241 64 314
motorbike 0.0048 50 243 71 313
motorbike 0.0044 34 194 69 310
motorbike 0.0042 32 243 52 314
motorbike 0.0018 0 194 26 251
motorbike 0.0015 91 175 135 326
motorbike 0.0010 4 232 43 312
motorbike 0.0010 0 174 25 232
person 0.9773 89 158 144 314
person 0.9561 31 162 70 302
person 0.2957 5 171 41 295
person 0.2645 0 200 31 302
person 0.0518 0 194 26 251
person 0.0470 12 210 32 289
person 0.0439 0 190 13 252
person 0.0253 43 204 78 310
person 0.0150 4 160 44 240
person 0.0112 9 191 33 253
person 0.0094 40 241 64 314
person 0.0076 0 210 7 248
person 0.0075 23 215 40 303
person 0.0054 13 246 36 307
person 0.0053 0 164 13 221
person 0.0051 32 243 52 314
person 0.0047 0 174 25 232
person 0.0046 0 135 26 263
person 0.0042 -2 141 61 295
person 0.0040 -1 200 10 276
person 0.0038 44 215 61 305
person 0.0034 242 137 277 204
person 0.0034 252 131 271 194
person 0.0027 50 243 71 313
person 0.0022 6 173 83 266
person 0.0020 22 160 67 241
person 0.0018 0 191 9 228
person 0.0014 4 232 43 312
person 0.0014 0 173 10 207
person 0.0014 35 207 51 294
person 0.0013 23 193 39 269
person 0.0012 5 207 21 233
pottedplant 0.0019 13 246 36 307
pottedplant 0.0016 99 251 121 323
pottedplant 0.0016 21 246 43 310
pottedplant 0.0015 107 265 131 327
pottedplant 0.0014 51 255 71 318
