bird 0.0023 66 158 215 252
bottle 0.0036 368 145 388 186
car 0.9096 217 -16 496 102
car 0.0020 118 -10 399 100
car 0.0013 195 10 404 127
car 0.0010 314 5 489 135
cat 0.5881 66 158 215 252
cat 0.0751 343 195 403 299
cat 0.0138 295 116 378 268
cat 0.0024 40 179 282 384
cat 0.0011 310 138 404 305
cat 0.0010 331 73 460 293
chair 0.0031 66 158 215 252
chair 0.0018 7 236 267 384
diningtable 0.0028 40 179 282 384
dog 0.8037 343 195 403 299
dog 0.5413 295 116 378 268
dog 0.0777 83 157 202 248
dog 0.0456 323 92 471 288
dog 0.0407 310 138 404 305
person 0.1543 323 66 474 266
person 0.0477 294 69 412 277
person 0.0071 332 111 418 295
person 0.0028 343 44 439 222
person 0.0015 377 110 476 263
pottedplant 0.0226 22 19 241 231
pottedplant 0.0027 0 187 23 380
pottedplant 0.0024 1 -24 65 278
pottedplant 0.0017 3 61 58 394
pottedplant 0.0014 66 158 215 252
pottedplant 0.0010 0 8 86 186
sheep 0.0012 295 116 378 268
sheep 0.0010 343 195 403 299
