chair 0.5639 1 211 64 370
chair 0.3548 227 213 321 372
chair 0.1103 112 223 309 375
chair 0.0492 8 232 172 373
chair 0.0337 379 221 472 366
chair 0.0240 3 208 58 303
chair 0.0196 0 215 28 370
chair 0.0158 2 330 210 378
chair 0.0085 19 285 269 372
chair 0.0085 215 197 307 275
chair 0.0074 377 146 452 326
chair 0.0062 323 249 386 343
chair 0.0053 447 254 500 374
chair 0.0046 384 262 450 361
chair 0.0043 475 251 501 375
chair 0.0028 381 234 456 322
chair 0.0023 151 200 249 268
chair 0.0022 403 244 502 375
chair 0.0022 1 110 58 325
chair 0.0020 210 168 311 312
chair 0.0018 2 179 289 371
chair 0.0016 296 211 383 343
chair 0.0015 -1 284 94 374
chair 0.0010 247 179 342 342
chair 0.0010 480 165 499 384
diningtable 0.6760 27 230 308 373
diningtable 0.0546 229 199 417 354
diningtable 0.0104 374 238 498 370
diningtable 0.0087 211 208 348 375
diningtable 0.0036 107 196 384 381
diningtable 0.0033 261 227 472 377
diningtable 0.0027 8 232 172 373
diningtable 0.0022 240 178 414 285
diningtable 0.0020 0 206 64 352
diningtable 0.0016 378 157 477 359
person 0.0030 377 146 452 326
pottedplant 0.0010 8 232 172 373
sofa 0.0027 5 235 283 374
sofa 0.0020 377 146 452 326
tvmonitor 0.0191 380 147 457 214
tvmonitor 0.0064 381 162 434 207
tvmonitor 0.0014 380 136 477 302
tvmonitor 0.0010 276 102 323 183
