aeroplane 0.3982 142 106 192 139
aeroplane 0.3349 129 94 187 132
aeroplane 0.2388 136 79 196 107
aeroplane 0.1817 173 86 219 120
aeroplane 0.1129 133 77 224 128
aeroplane 0.0850 159 77 213 107
aeroplane 0.0720 151 77 203 97
aeroplane 0.0532 167 80 193 93
aeroplane 0.0486 146 84 206 121
aeroplane 0.0301 156 93 215 131
aeroplane 0.0258 166 115 189 132
aeroplane 0.0252 195 96 217 114
aeroplane 0.0231 195 103 217 122
aeroplane 0.0228 184 97 225 128
aeroplane 0.0153 176 84 199 101
aeroplane 0.0112 171 107 220 133
aeroplane 0.0100 188 113 209 127
aeroplane 0.0088 194 113 217 127
aeroplane 0.0072 186 94 211 113
aeroplane 0.0071 156 114 182 132
aeroplane 0.0062 135 95 164 132
aeroplane 0.0056 150 89 169 103
aeroplane 0.0055 116 94 162 119
aeroplane 0.0038 27 296 40 311
aeroplane 0.0036 138 103 162 122
aeroplane 0.0034 147 96 169 113
aeroplane 0.0028 142 88 171 122
aeroplane 0.0026 310 267 370 303
aeroplane 0.0026 176 114 198 128
aeroplane 0.0026 184 86 207 104
aeroplane 0.0020 157 121 182 136
aeroplane 0.0020 118 107 178 134
aeroplane 0.0020 146 113 173 129
aeroplane 0.0020 156 86 182 100
aeroplane 0.0019 168 105 188 123
aeroplane 0.0018 162 275 231 300
aeroplane 0.0016 128 98 153 114
aeroplane 0.0015 168 94 189 111
aeroplane 0.0015 163 94 191 133
aeroplane 0.0013 156 78 181 92
aeroplane 0.0012 177 94 199 110
aeroplane 0.0012 140 113 162 127
aeroplane 0.0011 156 94 179 111
aeroplane 0.0010 137 97 163 115
aeroplane 0.0010 145 103 172 122
aeroplane 0.0010 333 270 385 303
bird 0.0033 129 94 187 132
bird 0.0025 174 82 197 94
bird 0.0019 142 106 192 139
bird 0.0014 136 79 196 107
bird 0.0013 134 87 222 134
bird 0.0010 166 115 189 132
boat 0.6884 325 267 376 303
boat 0.6289 383 265 488 307
boat 0.4892 48 273 114 297
boat 0.4384 403 272 470 304
boat 0.3923 175 275 236 300
boat 0.3688 246 284 319 306
boat 0.3638 335 280 384 308
boat 0.3601 160 284 232 305
boat 0.2652 52 263 109 291
boat 0.1917 395 282 478 309
boat 0.1889 252 267 384 306
boat 0.1594 241 277 306 300
boat 0.1535 145 269 257 304
boat 0.1451 258 274 326 302
boat 0.1359 62 275 137 294
boat 0.1317 -1 272 46 301
boat 0.1171 150 277 222 301
boat 0.1058 195 268 327 305
boat 0.1027 27 296 40 311
boat 0.0827 68 266 131 289
boat 0.0686 22 269 152 300
boat 0.0617 74 270 217 301
boat 0.0607 303 271 358 301
boat 0.0567 276 279 328 309
boat 0.0372 404 263 467 293
boat 0.0366 306 279 374 308
boat 0.0356 93 277 164 298
boat 0.0350 228 286 301 304
boat 0.0246 84 269 153 289
boat 0.0245 21 290 45 307
boat 0.0238 29 269 54 284
boat 0.0228 0 277 26 294
boat 0.0201 3 265 61 291
boat 0.0173 15 272 67 299
boat 0.0167 338 273 397 302
boat 0.0164 10 284 56 308
boat 0.0158 157 268 234 292
boat 0.0157 286 266 354 293
boat 0.0157 0 273 12 299
boat 0.0143 36 285 125 304
boat 0.0142 243 268 321 292
boat 0.0137 254 290 293 302
boat 0.0135 162 290 191 302
boat 0.0132 488 287 500 307
boat 0.0131 -2 267 102 304
boat 0.0131 293 282 350 306
boat 0.0129 138 284 197 304
boat 0.0125 211 290 238 301
boat 0.0123 378 288 401 305
boat 0.0122 379 271 436 301
boat 0.0118 338 266 454 308
boat 0.0111 0 282 11 308
boat 0.0104 32 262 89 289
boat 0.0104 443 256 506 298
boat 0.0103 121 278 194 298
boat 0.0101 -1 263 14 308
boat 0.0101 30 271 91 299
boat 0.0100 139 260 299 300
boat 0.0096 0 241 48 308
boat 0.0092 -1 254 26 299
boat 0.0089 387 286 407 306
boat 0.0080 0 152 23 314
boat 0.0077 368 262 426 294
boat 0.0075 489 295 500 316
boat 0.0075 94 273 125 285
boat 0.0071 91 279 128 289
boat 0.0071 204 285 264 304
boat 0.0069 154 289 182 301
boat 0.0067 -2 113 54 307
boat 0.0066 257 281 292 295
boat 0.0065 -1 285 27 304
boat 0.0065 -1 276 29 313
boat 0.0062 187 278 224 293
boat 0.0056 114 287 182 301
boat 0.0055 379 295 399 309
boat 0.0055 132 289 164 298
boat 0.0055 192 277 256 299
boat 0.0053 374 280 421 308
boat 0.0052 316 290 346 304
boat 0.0052 478 287 496 303
boat 0.0050 77 286 162 301
boat 0.0049 142 289 174 299
boat 0.0048 286 268 318 304
boat 0.0048 334 270 367 286
boat 0.0044 194 113 217 127
boat 0.0042 384 265 412 307
boat 0.0041 185 288 225 301
boat 0.0040 27 289 55 304
boat 0.0039 0 263 10 292
boat 0.0038 447 283 501 306
boat 0.0036 288 272 315 284
boat 0.0034 299 260 406 301
boat 0.0034 414 275 497 299
boat 0.0033 369 289 391 304
boat 0.0033 286 277 318 294
boat 0.0032 378 295 473 312
boat 0.0031 65 268 98 284
boat 0.0031 317 277 346 295
boat 0.0031 390 294 404 311
boat 0.0030 63 256 114 283
person 0.0044 27 296 40 311
person 0.0013 -2 124 20 302
person 0.0011 488 287 500 307
pottedplant 0.0019 27 296 40 311
train 0.0014 325 267 376 303
