bottle 0.0203 34 38 48 77
bottle 0.0179 25 32 47 82
bottle 0.0127 224 137 247 173
bottle 0.0074 220 137 268 173
bottle 0.0037 225 150 243 174
bottle 0.0035 62 111 84 176
bottle 0.0031 212 147 257 177
bottle 0.0025 200 0 213 18
bottle 0.0025 218 152 236 174
bottle 0.0020 -1 25 24 72
bottle 0.0014 235 148 251 173
bottle 0.0014 329 178 491 374
bottle 0.0013 324 78 481 294
bottle 0.0013 0 147 8 182
bottle 0.0012 231 142 255 179
bottle 0.0011 262 154 284 174
car 0.0010 182 21 231 55
chair 0.9205 330 203 497 379
chair 0.7574 94 241 246 370
chair 0.1097 256 147 490 368
chair 0.1025 24 145 326 363
chair 0.0727 -3 148 96 365
chair 0.0522 5 234 170 371
chair 0.0313 82 184 270 353
chair 0.0225 0 87 57 351
chair 0.0190 122 237 367 372
chair 0.0139 0 140 22 369
chair 0.0132 434 183 498 372
chair 0.0107 -1 42 120 166
chair 0.0099 -8 139 186 367
chair 0.0051 477 169 498 377
chair 0.0045 43 93 125 343
chair 0.0038 0 286 44 370
chair 0.0034 44 68 120 136
chair 0.0032 1 145 47 290
chair 0.0028 -2 197 56 381
chair 0.0026 453 188 500 284
chair 0.0025 230 226 430 370
chair 0.0024 327 114 478 318
chair 0.0022 -40 53 390 384
chair 0.0021 402 130 500 340
chair 0.0020 0 305 12 386
chair 0.0019 233 247 327 373
chair 0.0019 0 315 26 376
chair 0.0017 0 249 26 377
chair 0.0016 9 276 256 372
chair 0.0014 3 291 132 373
chair 0.0013 96 104 126 146
chair 0.0011 272 78 361 166
chair 0.0011 197 176 380 355
chair 0.0010 65 96 114 178
chair 0.0010 43 124 224 313
diningtable 0.8569 95 83 392 371
diningtable 0.1306 24 145 326 363
diningtable 0.0372 256 147 490 368
diningtable 0.0347 87 239 326 371
diningtable 0.0270 -3 148 96 365
diningtable 0.0253 -1 73 181 368
diningtable 0.0192 137 178 354 350
diningtable 0.0169 8 61 121 140
diningtable 0.0066 2 42 170 169
diningtable 0.0057 0 87 57 351
diningtable 0.0043 1 228 135 372
diningtable 0.0039 353 184 500 369
diningtable 0.0039 82 184 270 353
diningtable 0.0038 -11 52 124 228
diningtable 0.0030 235 45 427 355
diningtable 0.0027 179 235 394 371
diningtable 0.0024 214 108 373 261
diningtable 0.0023 324 78 481 294
diningtable 0.0022 177 132 340 182
diningtable 0.0020 189 143 327 205
diningtable 0.0011 -5 6 101 164
diningtable 0.0011 104 190 469 389
diningtable 0.0010 9 100 114 176
person 0.9235 267 64 476 380
person 0.8803 46 44 380 359
person 0.6842 231 30 330 168
person 0.2400 172 86 402 373
person 0.1184 -5 22 116 358
person 0.1051 -2 29 98 175
person 0.0923 0 20 62 337
person 0.0844 305 75 362 167
person 0.0537 268 76 368 281
person 0.0212 0 37 58 162
person 0.0175 316 151 497 371
person 0.0157 266 53 366 178
person 0.0135 85 42 258 165
person 0.0106 324 46 491 246
person 0.0104 -1 14 31 378
person 0.0056 245 50 397 225
person 0.0055 61 35 284 270
person 0.0031 149 54 247 187
person 0.0028 239 101 349 170
person 0.0028 212 10 372 282
person 0.0028 262 46 472 171
person 0.0025 327 64 355 107
person 0.0024 -11 52 124 228
person 0.0023 -5 144 281 363
person 0.0020 -4 -64 61 190
person 0.0016 355 90 471 334
person 0.0015 212 26 237 67
person 0.0015 0 -4 25 132
person 0.0014 308 87 334 144
person 0.0013 309 67 351 104
person 0.0013 0 105 23 332
person 0.0012 348 51 404 140
person 0.0012 8 61 121 140
person 0.0011 491 125 500 219
person 0.0011 327 54 377 143
person 0.0010 306 60 398 185
pottedplant 0.0019 330 203 497 379
sofa 0.0128 8 61 121 140
sofa 0.0118 -2 29 98 175
sofa 0.0032 56 72 370 368
tvmonitor 0.0084 182 21 231 55
tvmonitor 0.0071 359 56 497 234
tvmonitor 0.0011 155 43 249 114
tvmonitor 0.0011 448 111 500 205
