boat 0.0013 395 69 420 83
bus 0.0090 395 69 420 83
bus 0.0037 426 62 448 78
bus 0.0013 377 66 421 88
bus 0.0010 407 56 446 81
bus 0.0010 388 69 411 85
car 0.9997 33 78 454 348
car 0.2005 395 69 420 83
car 0.1192 425 67 449 81
car 0.0400 387 66 446 84
car 0.0144 388 69 411 85
car 0.0117 351 71 368 83
car 0.0087 377 66 421 88
car 0.0087 340 72 362 85
car 0.0076 414 65 459 83
car 0.0067 417 62 441 77
car 0.0057 338 76 362 90
car 0.0055 403 68 433 80
car 0.0029 434 62 457 75
car 0.0029 381 70 399 84
car 0.0026 326 73 374 95
car 0.0024 367 70 392 82
car 0.0022 422 55 450 83
car 0.0020 355 70 380 81
car 0.0017 420 59 470 80
car 0.0015 340 71 401 97
car 0.0014 329 78 353 89
car 0.0014 442 60 468 73
train 0.0021 377 66 421 88
train 0.0014 395 69 420 83
