bicycle 0.0020 91 60 231 202
boat 0.0015 84 29 230 176
boat 0.0013 35 57 206 205
boat 0.0012 225 1 315 25
boat 0.0010 3 1 152 199
bottle 0.0051 4 78 19 101
bottle 0.0042 12 49 27 75
bottle 0.0027 13 58 27 82
bottle 0.0027 91 60 231 202
bottle 0.0027 165 196 188 238
bottle 0.0020 173 198 197 236
bottle 0.0019 2 54 23 107
bottle 0.0018 3 97 58 143
bottle 0.0016 5 58 20 83
bottle 0.0013 129 215 211 305
bottle 0.0012 176 204 194 228
bottle 0.0010 22 100 40 119
bottle 0.0010 5 68 19 93
car 0.0041 5 49 21 74
car 0.0038 2 43 25 82
car 0.0032 12 49 27 75
car 0.0021 4 46 23 65
car 0.0018 -7 0 50 28
car 0.0017 5 58 20 83
car 0.0014 2 54 23 107
car 0.0013 4 78 19 101
car 0.0013 84 29 230 176
car 0.0012 22 0 78 28
chair 0.2612 166 55 216 190
chair 0.2272 106 69 185 215
chair 0.0453 1 58 110 219
chair 0.0241 128 49 219 204
chair 0.0186 159 75 195 208
chair 0.0145 174 61 229 150
chair 0.0135 163 70 243 221
chair 0.0126 64 54 356 378
chair 0.0041 4 78 19 101
chair 0.0037 169 67 220 114
chair 0.0033 5 146 107 214
chair 0.0032 35 57 206 205
chair 0.0025 76 35 157 216
chair 0.0023 5 16 78 186
chair 0.0019 92 79 130 205
chair 0.0019 176 62 232 103
chair 0.0018 84 29 230 176
chair 0.0017 120 44 177 166
chair 0.0017 4 107 57 147
chair 0.0014 2 54 23 107
chair 0.0011 -1 131 24 185
chair 0.0011 3 91 62 193
diningtable 0.0185 106 69 185 215
diningtable 0.0141 30 376 369 495
diningtable 0.0130 1 58 110 219
diningtable 0.0061 -16 253 353 487
diningtable 0.0060 128 49 219 204
diningtable 0.0024 64 54 356 378
diningtable 0.0020 35 57 206 205
diningtable 0.0018 84 29 230 176
diningtable 0.0011 166 55 216 190
motorbike 0.0013 8 43 30 80
person 0.9959 138 55 391 392
person 0.7734 5 6 95 196
person 0.1177 12 22 70 146
person 0.0265 12 49 27 75
person 0.0180 8 43 30 80
person 0.0135 5 49 21 74
person 0.0129 3 47 23 95
person 0.0106 -1 34 38 133
person 0.0069 17 0 91 59
person 0.0067 4 78 19 101
person 0.0063 1 78 24 119
person 0.0063 5 58 20 83
person 0.0061 13 58 27 82
person 0.0057 57 -1 84 48
person 0.0051 11 3 66 94
person 0.0040 40 54 293 366
person 0.0036 6 56 33 104
person 0.0036 22 0 78 28
person 0.0027 -1 4 39 92
person 0.0019 0 97 45 141
person 0.0017 133 87 158 136
person 0.0016 128 93 148 147
person 0.0016 4 0 57 27
person 0.0016 4 46 23 65
person 0.0016 4 87 20 110
person 0.0013 0 68 37 179
person 0.0013 5 68 19 93
person 0.0013 0 52 150 210
person 0.0011 9 61 63 180
person 0.0011 -27 42 364 453
person 0.0011 0 56 10 85
person 0.0010 47 0 91 32
pottedplant 0.0044 355 0 399 46
pottedplant 0.0027 91 60 231 202
pottedplant 0.0020 3 97 58 143
pottedplant 0.0014 4 78 19 101
pottedplant 0.0013 12 49 27 75
pottedplant 0.0010 13 58 27 82
sofa 0.0507 1 17 102 225
sofa 0.0198 107 47 185 206
tvmonitor 0.0044 100 46 174 204
tvmonitor 0.0020 4 78 19 101
tvmonitor 0.0010 71 39 116 137
