bottle 0.6932 370 5 389 53
bottle 0.4517 386 6 410 52
bottle 0.2130 408 -2 433 56
bottle 0.1657 314 160 351 232
bottle 0.0526 84 282 102 335
bottle 0.0455 390 8 405 30
bottle 0.0440 157 264 176 314
bottle 0.0420 141 266 159 313
bottle 0.0397 358 96 379 136
bottle 0.0226 377 6 399 51
bottle 0.0222 372 6 385 35
bottle 0.0185 142 281 155 312
bottle 0.0182 317 178 341 242
bottle 0.0181 100 292 121 338
bottle 0.0173 364 6 413 52
bottle 0.0165 340 149 360 233
bottle 0.0124 147 266 169 313
bottle 0.0090 332 152 347 230
bottle 0.0082 413 4 427 33
bottle 0.0081 257 313 270 340
bottle 0.0081 318 156 342 213
bottle 0.0076 331 157 372 230
bottle 0.0062 312 161 350 307
bottle 0.0060 388 26 407 51
bottle 0.0059 160 281 172 312
bottle 0.0058 382 6 433 51
bottle 0.0057 351 217 365 242
bottle 0.0055 327 273 339 302
bottle 0.0048 133 285 149 309
bottle 0.0048 390 11 406 44
bottle 0.0041 382 9 394 32
bottle 0.0041 376 20 419 50
bottle 0.0039 79 284 121 333
bottle 0.0039 86 297 98 336
bottle 0.0038 396 3 421 51
bottle 0.0036 258 295 273 337
bottle 0.0033 111 287 127 307
bottle 0.0030 136 281 158 330
bottle 0.0028 354 101 373 146
bottle 0.0027 331 274 344 301
bottle 0.0026 131 279 152 316
bottle 0.0025 175 262 203 313
bottle 0.0023 200 283 250 310
bottle 0.0022 418 5 433 33
bottle 0.0021 134 287 149 344
bottle 0.0020 371 100 383 129
bottle 0.0018 205 287 225 308
bottle 0.0017 119 287 138 306
bottle 0.0016 103 302 117 332
bottle 0.0014 345 216 358 243
bottle 0.0012 402 8 416 32
bottle 0.0011 87 296 131 337
bottle 0.0011 258 265 273 331
bottle 0.0010 85 310 97 342
bottle 0.0010 357 19 399 51
chair 0.0034 324 108 472 385
chair 0.0018 296 328 366 361
chair 0.0017 288 339 374 372
chair 0.0010 235 328 367 369
diningtable 0.0111 235 328 367 369
diningtable 0.0073 106 278 265 340
diningtable 0.0050 68 329 301 367
diningtable 0.0033 145 267 257 324
diningtable 0.0029 84 307 285 360
diningtable 0.0017 364 6 413 52
diningtable 0.0011 70 286 214 339
person 0.9954 321 58 469 371
person 0.7687 3 148 156 356
person 0.0185 408 -2 433 56
person 0.0162 312 161 350 307
person 0.0066 304 160 369 343
person 0.0038 85 290 100 339
person 0.0037 379 6 418 52
person 0.0024 193 313 257 340
person 0.0018 342 73 456 249
person 0.0013 -1 184 100 389
person 0.0011 8 139 153 250
person 0.0010 386 16 408 52
sofa 0.0024 324 108 472 385
tvmonitor 0.0024 200 283 250 310
tvmonitor 0.0014 -4 127 165 352
tvmonitor 0.0010 288 339 374 372
