bottle 0.0937 468 245 484 292
bottle 0.0832 489 197 499 281
bottle 0.0204 480 175 499 294
bottle 0.0191 477 307 494 345
bottle 0.0185 476 244 490 292
bottle 0.0127 488 309 498 342
bottle 0.0118 436 202 468 309
bottle 0.0098 107 332 149 377
bottle 0.0086 469 260 480 293
bottle 0.0069 486 223 497 297
bottle 0.0061 466 308 486 347
bottle 0.0056 462 241 476 295
bottle 0.0037 486 298 498 352
bottle 0.0036 481 243 490 278
bottle 0.0033 373 214 460 306
bottle 0.0025 470 247 482 277
bottle 0.0025 490 171 500 252
bottle 0.0020 455 291 479 342
bottle 0.0016 491 200 499 237
bottle 0.0015 378 224 415 312
bottle 0.0015 463 250 473 287
bottle 0.0014 456 243 491 341
bottle 0.0014 454 311 495 345
bottle 0.0013 453 199 488 308
bottle 0.0013 469 303 483 333
bottle 0.0012 158 356 179 376
bottle 0.0012 492 183 499 219
bottle 0.0011 461 213 474 286
bottle 0.0010 488 239 497 280
chair 0.0862 194 109 376 312
chair 0.0471 18 118 239 382
chair 0.0110 0 188 24 363
chair 0.0040 0 175 49 376
chair 0.0026 0 126 21 309
chair 0.0021 0 198 11 300
chair 0.0019 0 224 206 375
chair 0.0018 0 211 24 268
chair 0.0018 0 283 45 372
chair 0.0015 107 332 149 377
chair 0.0015 -1 208 96 375
chair 0.0011 436 202 468 309
chair 0.0010 480 175 499 294
diningtable 0.2145 26 292 481 380
diningtable 0.0060 159 266 488 364
diningtable 0.0016 347 325 520 376
diningtable 0.0010 43 252 384 370
diningtable 0.0010 382 208 476 306
person 0.9988 191 67 387 313
person 0.9983 12 50 236 374
person 0.0131 480 175 499 294
person 0.0072 489 197 499 281
person 0.0044 490 171 500 252
person 0.0034 76 63 345 334
person 0.0010 0 188 24 363
person 0.0010 186 255 227 303
sofa 0.0074 196 84 425 332
