bicycle 0.0062 291 85 331 119
bicycle 0.0011 279 97 326 120
boat 0.0024 291 85 331 119
boat 0.0018 216 127 272 173
bus 0.0037 216 127 272 173
car 0.9963 216 130 457 226
car 0.0505 216 127 272 173
car 0.0131 427 83 447 99
car 0.0046 316 136 460 219
car 0.0043 202 79 467 259
car 0.0040 212 126 338 179
car 0.0037 233 132 295 168
car 0.0023 291 85 331 119
car 0.0011 228 145 278 172
cow 0.0411 291 85 331 119
dog 0.0078 297 84 325 120
horse 0.0393 291 85 331 119
motorbike 0.0131 291 85 331 119
person 0.1499 297 84 325 120
person 0.0020 220 130 248 171
person 0.0019 303 83 323 107
person 0.0013 216 127 272 173
sheep 0.0025 291 85 331 119
train 0.0038 216 127 272 173
