cat 0.0027 -5 73 217 372
chair 0.0010 215 116 502 385
cow 0.0012 -5 73 217 372
dog 0.0140 -5 73 217 372
horse 0.0019 -5 73 217 372
person 0.9976 223 49 503 377
person 0.9694 -6 20 243 370
person 0.5078 234 192 320 322
person 0.3488 273 189 327 276
person 0.0807 296 189 325 235
person 0.0337 287 195 335 244
person 0.0316 250 193 304 282
person 0.0211 197 193 287 351
person 0.0177 12 143 316 377
person 0.0086 220 207 268 312
person 0.0071 240 189 322 255
person 0.0052 -5 -6 504 386
person 0.0045 267 192 296 232
person 0.0038 288 198 318 257
person 0.0024 215 184 362 353
person 0.0024 267 194 318 244
person 0.0024 294 198 313 221
person 0.0016 294 206 347 251
person 0.0015 12 123 193 323
person 0.0014 305 191 335 233
person 0.0012 168 139 412 376
person 0.0012 292 185 318 225
sheep 0.0024 -5 73 217 372
tvmonitor 0.0142 130 14 517 381
