aeroplane 0.0079 38 0 276 260
aeroplane 0.0063 3 -1 497 330
aeroplane 0.0048 322 153 495 269
aeroplane 0.0029 351 226 405 247
aeroplane 0.0016 369 230 390 242
aeroplane 0.0014 360 230 382 243
bicycle 0.0010 399 228 417 245
boat 0.9508 34 27 279 296
boat 0.0158 46 102 164 171
boat 0.0122 43 4 241 168
boat 0.0040 3 -1 497 330
boat 0.0039 117 130 295 259
boat 0.0027 20 87 193 235
boat 0.0019 -3 77 218 327
boat 0.0017 158 120 214 159
boat 0.0011 171 112 221 148
boat 0.0011 93 108 229 170
boat 0.0011 123 5 280 170
boat 0.0010 17 236 481 334
bottle 0.0060 459 214 470 239
bottle 0.0013 460 206 469 232
car 0.0035 389 230 408 243
car 0.0033 380 230 398 243
car 0.0030 398 236 419 250
car 0.0029 369 230 390 242
car 0.0027 399 228 417 245
car 0.0020 360 230 382 243
car 0.0017 388 237 410 249
car 0.0013 410 235 426 254
car 0.0010 371 233 425 254
chair 0.0020 22 69 274 325
motorbike 0.0011 399 228 417 245
person 0.0079 459 214 470 239
person 0.0039 410 235 426 254
person 0.0038 399 228 417 245
person 0.0027 336 303 348 326
person 0.0024 460 206 469 232
person 0.0020 436 236 455 254
person 0.0019 407 227 426 247
person 0.0018 456 224 474 244
person 0.0018 380 230 398 243
person 0.0015 418 234 436 255
person 0.0014 389 230 408 243
person 0.0012 417 230 457 261
person 0.0010 426 235 448 255
pottedplant 0.0039 459 214 470 239
pottedplant 0.0014 460 206 469 232
pottedplant 0.0014 455 209 474 244
pottedplant 0.0013 475 218 500 254
