bottle 0.0014 491 269 499 306
bottle 0.0013 490 231 499 325
chair 0.0027 244 113 484 381
diningtable 0.0016 38 286 467 377
person 0.9970 239 60 485 367
person 0.9370 85 108 267 372
person 0.1477 65 101 428 367
person 0.0079 476 131 500 300
person 0.0036 446 59 499 332
person 0.0026 491 136 499 248
person 0.0025 481 15 499 300
person 0.0020 -1 20 95 370
person 0.0016 455 148 498 287
person 0.0014 478 181 499 366
person 0.0014 471 28 498 359
person 0.0013 -3 92 193 379
person 0.0012 413 26 495 291
sofa 0.0247 3 88 497 366
