bicycle 0.0022 21 60 161 288
chair 0.5395 21 60 161 288
chair 0.0687 71 107 163 274
chair 0.0037 55 46 147 236
chair 0.0021 30 98 117 269
chair 0.0016 387 97 421 219
chair 0.0015 405 85 424 229
chair 0.0013 412 52 424 105
diningtable 0.0121 14 127 163 290
diningtable 0.0020 27 43 154 240
person 0.9340 24 34 155 264
person 0.0015 14 59 105 255
pottedplant 0.9861 334 6 394 141
pottedplant 0.8760 219 75 327 139
pottedplant 0.1642 324 78 352 138
pottedplant 0.0551 406 10 425 107
pottedplant 0.0233 329 69 349 108
pottedplant 0.0170 225 77 255 140
pottedplant 0.0114 365 2 398 113
pottedplant 0.0113 342 63 388 140
pottedplant 0.0094 385 12 422 108
pottedplant 0.0080 387 108 421 239
pottedplant 0.0061 413 41 425 101
pottedplant 0.0050 180 104 220 134
pottedplant 0.0045 184 94 230 130
pottedplant 0.0043 407 56 423 98
pottedplant 0.0041 325 17 353 137
pottedplant 0.0030 405 107 424 240
pottedplant 0.0029 160 86 238 136
pottedplant 0.0029 382 6 396 53
pottedplant 0.0027 320 83 340 138
pottedplant 0.0026 315 84 331 137
pottedplant 0.0024 408 34 423 89
pottedplant 0.0019 198 77 281 137
pottedplant 0.0015 378 102 415 138
pottedplant 0.0014 247 30 284 82
pottedplant 0.0014 331 42 376 132
pottedplant 0.0013 336 69 354 123
pottedplant 0.0013 251 36 276 73
pottedplant 0.0013 277 82 359 134
pottedplant 0.0013 304 81 326 125
pottedplant 0.0013 415 11 425 84
pottedplant 0.0012 334 -2 376 29
pottedplant 0.0012 332 75 347 101
pottedplant 0.0012 414 80 425 144
pottedplant 0.0010 406 38 423 177
sofa 0.0068 21 60 161 288
