bottle 0.1702 412 261 428 332
bottle 0.0925 413 251 443 331
bottle 0.0037 210 202 380 379
bottle 0.0027 410 253 426 307
bottle 0.0020 489 -2 499 25
bottle 0.0013 479 175 500 330
bottle 0.0013 467 0 481 24
bottle 0.0013 0 93 48 138
bottle 0.0012 394 251 434 335
bottle 0.0010 490 183 500 277
car 0.0106 26 52 475 392
cat 0.0078 213 162 380 365
chair 0.3030 58 123 152 381
chair 0.0906 152 60 428 377
chair 0.0671 35 136 223 373
chair 0.0502 -2 113 85 390
chair 0.0224 52 148 369 370
chair 0.0182 210 202 380 379
chair 0.0105 9 103 491 406
chair 0.0023 225 156 411 296
chair 0.0022 6 82 120 321
chair 0.0016 8 210 168 377
chair 0.0012 115 172 302 355
chair 0.0010 179 287 409 376
diningtable 0.0229 79 61 430 379
diningtable 0.0163 241 287 496 378
diningtable 0.0142 189 193 455 378
diningtable 0.0072 324 245 489 376
diningtable 0.0032 35 136 223 373
diningtable 0.0019 58 123 152 381
diningtable 0.0018 -2 113 85 390
person 0.9632 129 35 444 353
person 0.8495 205 154 423 376
person 0.3451 -1 51 69 380
person 0.0719 3 79 127 378
person 0.0240 52 148 369 370
person 0.0152 9 103 491 406
person 0.0074 -1 86 51 154
person 0.0058 37 105 222 370
person 0.0042 475 108 499 283
person 0.0036 257 21 453 295
person 0.0031 448 75 499 318
person 0.0031 0 83 62 244
person 0.0024 -1 15 34 380
person 0.0021 280 156 429 295
person 0.0015 0 198 63 381
person 0.0010 0 50 18 381
person 0.0010 456 130 499 262
sofa 0.0826 26 52 475 392
sofa 0.0146 -3 79 87 390
sofa 0.0077 73 154 436 365
sofa 0.0023 11 127 171 376
