bicycle 0.0039 10 401 196 493
bicycle 0.0020 13 449 184 499
bicycle 0.0012 23 326 185 487
bicycle 0.0012 -15 439 308 502
bottle 0.0017 118 452 187 478
chair 0.0111 263 361 361 499
chair 0.0011 27 160 184 493
diningtable 0.0017 263 361 361 499
motorbike 0.0014 27 160 184 493
person 0.9981 33 18 190 483
person 0.0293 22 228 184 491
person 0.0159 77 103 162 498
person 0.0047 97 229 172 474
person 0.0042 43 38 195 233
person 0.0029 19 219 105 495
person 0.0026 93 151 179 403
person 0.0016 26 104 47 168
person 0.0016 90 398 184 479
person 0.0010 114 99 196 494
