bird 0.4553 70 124 182 389
bird 0.0404 112 112 151 181
bird 0.0016 340 127 375 199
bird 0.0015 248 22 324 267
bus 0.0010 186 19 243 243
car 0.0099 350 127 375 189
cow 0.0118 340 127 375 199
dog 0.0075 340 127 375 199
horse 0.0106 340 127 375 199
motorbike 0.0047 350 127 375 189
person 0.9971 186 28 243 262
person 0.9501 240 26 316 267
person 0.1045 350 127 375 189
person 0.0315 221 35 288 264
person 0.0113 112 112 151 181
person 0.0064 354 121 375 163
person 0.0027 253 36 322 186
person 0.0025 233 57 266 234
person 0.0020 195 32 238 174
person 0.0017 356 128 374 151
sheep 0.0038 340 127 375 199
