car 0.0016 0 64 286 201
chair 0.0189 0 22 287 175
dog 0.0037 -1 43 250 184
dog 0.0017 1 -2 51 50
dog 0.0010 180 60 283 128
person 0.9387 3 34 283 169
person 0.0166 150 62 279 127
person 0.0109 -3 11 204 139
person 0.0086 135 52 280 187
person 0.0073 45 62 241 137
person 0.0061 0 28 112 120
person 0.0021 -2 73 210 192
person 0.0016 252 12 266 39
person 0.0012 178 70 283 164
person 0.0011 1 14 141 85
person 0.0011 143 129 287 188
person 0.0010 1 -2 51 50
person 0.0010 2 -61 288 121
sofa 0.2055 0 42 286 188
