aeroplane 0.0018 0 36 45 60
bicycle 0.0186 82 71 117 98
bicycle 0.0103 42 74 59 97
bicycle 0.0100 82 72 100 99
bicycle 0.0057 430 127 482 161
bicycle 0.0021 82 167 97 192
bicycle 0.0018 415 119 491 180
bicycle 0.0014 100 74 115 98
bicycle 0.0011 412 126 462 160
bicycle 0.0011 79 68 91 101
bird 0.0125 81 162 97 189
bird 0.0019 42 74 59 97
boat 0.0018 82 71 117 98
boat 0.0013 430 127 482 161
car 0.0226 82 71 117 98
car 0.0015 0 37 10 59
car 0.0010 1 42 23 56
car 0.0010 0 45 9 69
cat 0.0015 81 162 97 189
cow 0.1167 82 71 117 98
cow 0.0393 42 74 59 97
cow 0.0105 82 72 100 99
cow 0.0095 81 162 97 189
cow 0.0045 430 127 482 161
cow 0.0026 100 74 115 98
dog 0.0126 81 162 97 189
dog 0.0061 42 74 59 97
dog 0.0049 82 71 117 98
dog 0.0010 82 72 100 99
horse 0.9730 338 104 424 229
horse 0.0517 82 71 117 98
horse 0.0126 42 74 59 97
horse 0.0051 336 85 419 168
horse 0.0050 82 72 100 99
horse 0.0018 347 57 412 206
horse 0.0016 338 111 377 220
horse 0.0015 81 162 97 189
horse 0.0015 430 127 482 161
motorbike 0.0191 82 71 117 98
motorbike 0.0044 82 72 100 99
motorbike 0.0030 42 74 59 97
motorbike 0.0025 341 83 422 231
motorbike 0.0014 430 127 482 161
person 0.9860 349 57 400 174
person 0.0858 80 71 102 99
person 0.0454 42 74 59 97
person 0.0145 81 162 97 189
person 0.0095 79 68 91 101
person 0.0084 88 73 111 97
person 0.0081 336 85 419 168
person 0.0053 346 82 427 232
person 0.0050 100 74 115 98
person 0.0021 55 109 68 158
person 0.0016 71 66 112 97
person 0.0012 396 112 420 156
person 0.0010 430 127 482 161
sheep 0.0078 42 74 59 97
sheep 0.0072 82 71 117 98
sheep 0.0069 81 162 97 189
sheep 0.0013 82 72 100 99
