aeroplane 0.0048 1 68 495 343
car 0.9826 91 129 483 303
car 0.2321 356 119 405 143
car 0.1017 413 132 442 147
car 0.1001 444 133 469 147
car 0.0903 106 142 335 263
car 0.0207 411 130 460 148
car 0.0165 347 123 412 157
car 0.0062 436 132 461 146
car 0.0043 348 123 372 138
car 0.0041 -17 57 444 354
car 0.0036 452 134 478 147
car 0.0034 337 121 384 143
car 0.0033 399 131 417 147
car 0.0031 406 132 431 146
car 0.0031 488 137 496 166
car 0.0029 395 129 442 150
car 0.0027 440 131 490 151
car 0.0027 390 121 407 142
car 0.0025 374 119 422 145
car 0.0025 1 109 131 226
car 0.0024 417 127 439 143
car 0.0021 398 134 455 164
car 0.0018 377 117 401 135
car 0.0017 356 122 386 139
car 0.0015 425 127 445 142
car 0.0015 482 137 494 163
car 0.0014 98 130 412 225
car 0.0013 0 225 120 325
car 0.0013 250 133 379 183
car 0.0012 370 117 392 135
cow 0.0016 95 101 122 142
horse 0.0015 95 101 122 142
motorbike 0.0015 149 122 250 261
person 0.8945 204 144 278 272
person 0.2547 231 143 285 253
person 0.0240 98 138 410 276
person 0.0157 252 140 293 181
person 0.0093 95 101 122 142
person 0.0064 216 143 294 215
person 0.0043 -2 217 56 330
person 0.0035 184 124 212 177
person 0.0033 251 145 279 195
person 0.0033 0 225 120 325
person 0.0027 194 120 213 165
person 0.0024 482 137 494 163
person 0.0022 342 123 358 137
person 0.0020 331 121 348 137
person 0.0015 254 136 309 170
person 0.0015 217 113 233 132
person 0.0013 -1 217 23 331
person 0.0012 -5 174 88 334
person 0.0012 322 121 337 136
person 0.0012 230 136 329 185
person 0.0010 261 148 282 170
person 0.0010 488 137 496 166
