bird 0.0052 432 -61 508 251
bus 0.0024 31 124 245 207
bus 0.0016 486 142 499 225
bus 0.0011 476 155 498 213
bus 0.0010 446 179 483 209
car 0.9931 216 141 445 237
car 0.9807 37 134 239 228
car 0.1627 448 189 484 210
car 0.0363 487 189 498 212
car 0.0148 477 189 497 209
car 0.0076 324 144 463 231
car 0.0055 -1 129 48 230
car 0.0050 446 188 467 209
car 0.0043 163 157 425 267
car 0.0043 485 162 499 220
car 0.0040 58 158 273 269
car 0.0029 451 180 496 208
car 0.0028 314 136 386 168
car 0.0026 454 185 480 204
car 0.0021 0 119 20 237
car 0.0020 0 191 27 230
car 0.0020 252 138 413 178
car 0.0019 -2 223 45 288
car 0.0018 475 172 498 211
car 0.0015 88 220 400 287
car 0.0014 303 141 359 168
car 0.0012 464 186 487 203
car 0.0011 434 177 481 210
cow 0.0131 87 225 272 276
cow 0.0091 88 220 400 287
cow 0.0051 118 228 198 268
cow 0.0049 449 252 503 289
cow 0.0031 453 246 501 338
dog 0.0492 87 225 272 276
dog 0.0381 88 220 400 287
dog 0.0018 118 228 198 268
horse 0.0052 72 221 346 287
person 0.0050 130 149 147 162
person 0.0039 86 213 273 270
person 0.0023 0 119 20 237
person 0.0021 -2 223 45 288
person 0.0016 0 115 9 229
sheep 0.0129 449 252 503 289
sheep 0.0028 471 253 501 301
sheep 0.0012 118 228 198 268
