bus 0.0028 368 188 462 250
bus 0.0022 10 145 158 217
car 0.0118 475 289 500 342
car 0.0080 485 269 500 348
car 0.0053 473 200 500 242
car 0.0045 488 287 500 364
car 0.0041 477 240 499 344
car 0.0031 -2 145 27 184
car 0.0027 0 195 27 341
car 0.0026 443 289 497 372
car 0.0025 6 145 137 216
car 0.0025 456 204 497 239
car 0.0022 0 153 29 287
car 0.0022 137 127 158 142
car 0.0017 0 136 12 192
car 0.0017 328 213 351 231
car 0.0016 322 209 337 234
car 0.0014 0 137 7 169
car 0.0013 30 201 56 259
car 0.0013 0 145 8 179
car 0.0013 1 156 47 243
car 0.0012 388 193 479 270
car 0.0010 368 188 462 250
car 0.0010 335 185 480 361
car 0.0010 341 213 357 231
person 0.9425 52 188 91 294
person 0.7730 -1 161 31 313
person 0.6317 358 200 468 379
person 0.2371 339 185 416 369
person 0.0620 477 240 499 344
person 0.0375 3 164 44 273
person 0.0248 26 181 65 290
person 0.0221 406 223 489 370
person 0.0135 303 192 324 249
person 0.0097 342 256 400 373
person 0.0094 30 201 56 259
person 0.0090 0 145 27 256
person 0.0089 309 197 332 246
person 0.0088 487 229 498 329
person 0.0068 34 203 105 293
person 0.0066 426 255 474 369
person 0.0065 1 214 42 323
person 0.0058 33 199 50 221
person 0.0051 0 165 7 275
person 0.0050 366 195 415 309
person 0.0047 91 188 107 269
person 0.0044 30 122 39 147
person 0.0036 30 193 53 231
person 0.0032 1 202 22 373
person 0.0025 62 181 78 200
person 0.0024 29 196 40 224
person 0.0024 485 269 500 348
person 0.0022 86 186 100 272
person 0.0021 436 198 456 243
person 0.0021 27 189 43 254
person 0.0020 -1 145 10 220
person 0.0017 58 180 71 202
person 0.0013 350 194 405 280
person 0.0013 0 137 7 169
person 0.0013 384 189 482 331
person 0.0013 -1 148 28 198
person 0.0013 385 264 473 362
person 0.0012 83 192 123 280
person 0.0012 0 136 12 192
person 0.0012 10 174 86 298
person 0.0012 0 145 8 179
person 0.0012 322 209 337 234
person 0.0010 452 220 497 329
person 0.0010 303 180 451 361
person 0.0010 427 217 477 331
person 0.0010 440 213 452 242
train 0.9816 32 118 404 280
train 0.1065 -3 133 147 256
train 0.0135 335 167 483 286
train 0.0126 -17 130 282 262
train 0.0058 146 139 504 254
train 0.0035 388 189 484 251
