boat 0.0012 3 87 495 373
bottle 0.0045 53 335 74 377
bottle 0.0016 225 354 242 374
car 0.0046 3 87 495 373
chair 0.2606 232 46 499 376
chair 0.1462 37 123 315 374
chair 0.0305 3 87 495 373
chair 0.0013 -1 170 91 381
chair 0.0013 6 76 187 373
person 0.9944 244 9 493 385
person 0.9851 30 89 323 379
person 0.1421 6 76 187 373
person 0.0715 0 8 501 387
person 0.0087 70 172 277 351
person 0.0054 139 139 517 374
person 0.0024 438 53 501 346
person 0.0014 125 180 373 352
person 0.0012 375 322 423 367
sofa 0.8965 1 134 497 374
sofa 0.1704 232 46 499 376
