aeroplane 0.9975 1 324 381 496
aeroplane 0.1007 155 286 206 317
aeroplane 0.0307 4 375 137 493
aeroplane 0.0182 7 340 215 491
aeroplane 0.0105 215 359 374 501
aeroplane 0.0101 1 376 91 456
aeroplane 0.0087 144 243 311 341
aeroplane 0.0079 226 305 271 336
aeroplane 0.0069 25 367 136 426
aeroplane 0.0068 150 265 237 333
aeroplane 0.0059 4 385 51 410
aeroplane 0.0057 143 291 199 332
aeroplane 0.0047 180 294 202 309
aeroplane 0.0043 161 281 267 344
aeroplane 0.0033 221 316 277 341
aeroplane 0.0032 331 365 378 395
aeroplane 0.0032 0 390 55 426
aeroplane 0.0029 346 380 366 394
aeroplane 0.0026 138 283 220 341
aeroplane 0.0026 207 454 381 498
aeroplane 0.0025 0 411 93 491
aeroplane 0.0024 194 256 239 340
aeroplane 0.0021 165 307 217 336
aeroplane 0.0021 321 375 368 399
aeroplane 0.0019 297 381 317 394
aeroplane 0.0018 166 318 235 340
aeroplane 0.0018 212 324 232 338
aeroplane 0.0017 201 323 223 336
aeroplane 0.0015 159 293 186 310
aeroplane 0.0014 219 288 243 338
aeroplane 0.0012 1 449 155 498
aeroplane 0.0011 78 380 131 416
aeroplane 0.0011 247 315 271 331
aeroplane 0.0011 336 380 356 395
aeroplane 0.0010 307 382 326 394
bird 0.0023 194 256 239 340
boat 0.0015 155 286 206 317
car 0.0189 205 458 275 492
car 0.0049 157 455 352 496
car 0.0038 159 473 385 500
car 0.0036 236 471 321 496
car 0.0035 346 380 366 394
car 0.0016 357 380 372 395
car 0.0015 232 460 306 491
car 0.0013 -7 488 103 498
car 0.0012 47 490 85 498
car 0.0011 187 471 275 498
car 0.0010 -11 476 85 498
motorbike 0.0015 157 455 352 496
train 0.0018 0 413 124 489
train 0.0012 1 376 91 456
train 0.0010 1 449 155 498
