aeroplane 0.0025 110 323 262 495
bicycle 0.6242 106 374 262 495
bicycle 0.0073 95 293 279 501
bicycle 0.0024 88 425 276 503
bicycle 0.0018 112 305 214 479
bicycle 0.0011 209 380 263 487
boat 0.0063 54 50 249 435
boat 0.0041 114 44 201 348
boat 0.0036 115 288 257 461
bottle 0.0016 166 385 180 411
bottle 0.0014 163 377 183 419
car 0.0024 110 323 262 495
chair 0.0368 110 323 262 495
horse 0.0014 110 323 262 495
motorbike 0.0160 110 323 262 495
person 0.8819 130 301 229 483
person 0.0040 106 374 262 495
person 0.0040 165 293 260 469
person 0.0025 175 315 219 474
person 0.0019 95 293 279 501
pottedplant 0.0058 191 284 248 383
pottedplant 0.0058 -6 333 82 495
pottedplant 0.0019 177 277 255 442
