cat 0.0014 12 156 120 227
chair 0.1048 346 142 502 257
chair 0.0081 11 148 259 376
chair 0.0079 179 129 263 190
chair 0.0072 15 125 243 235
chair 0.0044 313 145 409 209
chair 0.0030 472 152 499 274
chair 0.0025 477 199 499 386
chair 0.0025 113 142 246 206
chair 0.0023 100 105 221 165
chair 0.0020 279 126 386 189
chair 0.0018 -1 130 21 303
chair 0.0017 474 295 500 398
chair 0.0013 0 183 20 367
chair 0.0012 -17 133 433 338
chair 0.0011 450 142 503 257
diningtable 0.0058 0 208 491 381
diningtable 0.0013 266 143 491 243
dog 0.0010 15 125 243 235
person 0.0014 15 125 243 235
person 0.0012 12 156 120 227
pottedplant 0.9086 270 97 359 176
pottedplant 0.0084 279 126 386 189
pottedplant 0.0051 273 109 323 193
pottedplant 0.0042 291 100 351 147
pottedplant 0.0033 304 112 357 153
pottedplant 0.0014 273 95 324 157
pottedplant 0.0012 308 123 358 191
pottedplant 0.0010 276 124 307 183
sofa 0.9656 321 140 500 254
sofa 0.0564 15 125 243 235
sofa 0.0386 11 148 259 376
sofa 0.0180 0 171 489 362
sofa 0.0012 3 146 196 293
sofa 0.0012 58 108 265 202
