boat 0.0015 127 137 371 370
bottle 0.0036 25 99 41 150
bottle 0.0022 433 137 456 190
bottle 0.0013 27 108 40 140
car 0.0045 4 44 157 361
car 0.0010 38 56 132 111
chair 0.8902 443 208 500 372
chair 0.0728 471 218 500 368
chair 0.0352 2 114 160 381
chair 0.0169 381 204 489 376
chair 0.0111 452 276 499 374
chair 0.0076 171 140 394 370
chair 0.0064 420 161 494 359
chair 0.0061 145 224 360 372
chair 0.0059 461 161 505 397
chair 0.0033 0 164 21 383
chair 0.0025 0 285 42 371
chair 0.0025 436 198 481 316
chair 0.0019 472 296 498 392
chair 0.0016 0 250 25 378
chair 0.0013 2 161 52 384
chair 0.0012 301 177 442 365
chair 0.0012 -1 85 21 310
chair 0.0012 442 14 500 380
diningtable 0.0084 439 190 500 367
diningtable 0.0042 381 204 489 376
diningtable 0.0014 9 79 153 312
person 0.9946 5 61 157 364
person 0.8773 143 23 272 368
person 0.5790 312 54 431 372
person 0.4433 217 59 351 373
person 0.0717 441 10 497 341
person 0.0636 407 70 451 167
person 0.0278 451 61 495 215
person 0.0172 433 140 456 203
person 0.0171 451 54 492 147
person 0.0075 465 65 485 87
person 0.0070 417 64 494 256
person 0.0058 395 64 422 110
person 0.0058 27 104 42 162
person 0.0054 317 46 423 236
person 0.0054 0 84 23 233
person 0.0051 21 1 479 382
person 0.0049 479 50 500 224
person 0.0046 404 64 431 109
person 0.0039 397 67 439 141
person 0.0030 0 28 30 366
person 0.0030 171 140 394 370
person 0.0030 454 62 481 108
person 0.0030 458 66 477 87
person 0.0029 -1 125 21 347
person 0.0029 461 61 487 95
person 0.0028 486 46 501 127
person 0.0028 474 58 498 100
person 0.0023 246 77 339 286
person 0.0022 401 63 465 221
person 0.0019 430 68 476 170
person 0.0018 409 66 463 106
person 0.0018 0 103 24 164
person 0.0017 476 65 495 88
person 0.0016 366 66 499 374
person 0.0015 474 29 499 138
person 0.0014 402 -4 468 358
person 0.0013 376 22 442 336
person 0.0013 411 65 495 135
person 0.0011 478 101 499 330
person 0.0011 0 93 9 193
person 0.0010 437 158 501 364
person 0.0010 149 26 255 220
person 0.0010 394 74 435 197
sofa 0.0185 2 114 160 381
sofa 0.0064 127 137 371 370
sofa 0.0050 437 158 501 364
sofa 0.0029 -2 53 247 370
