bottle 0.0040 437 314 457 359
bottle 0.0031 472 315 499 376
bottle 0.0010 486 305 499 386
bottle 0.0010 293 150 311 172
car 0.0133 477 151 499 194
car 0.0043 485 144 499 204
car 0.0036 487 158 498 190
car 0.0016 257 167 486 374
car 0.0015 3 170 278 268
car 0.0013 -15 255 299 372
chair 0.1107 330 190 489 386
chair 0.0048 182 160 318 288
chair 0.0045 217 163 441 372
chair 0.0034 20 157 306 377
chair 0.0032 -15 255 299 372
chair 0.0015 3 165 129 278
chair 0.0014 451 290 501 373
chair 0.0014 39 162 299 270
chair 0.0011 261 162 305 202
diningtable 0.0168 257 167 486 374
diningtable 0.0069 -15 255 299 372
diningtable 0.0018 351 199 498 379
diningtable 0.0013 39 162 299 270
person 0.8898 187 157 266 282
person 0.8198 332 164 487 375
person 0.0738 3 165 129 278
person 0.0387 39 162 299 270
person 0.0134 293 150 311 172
person 0.0089 396 150 495 334
person 0.0042 289 151 315 192
person 0.0031 217 163 441 372
person 0.0029 9 130 169 262
person 0.0012 152 149 348 246
person 0.0012 436 178 502 372
person 0.0011 2 83 132 224
person 0.0011 278 164 461 310
person 0.0011 204 146 306 320
person 0.0010 0 150 24 285
pottedplant 0.0012 486 177 499 244
sofa 0.0430 257 167 486 374
sofa 0.0291 39 162 299 270
sofa 0.0135 -15 255 299 372
sofa 0.0058 20 157 306 377
sofa 0.0029 3 165 129 278
sofa 0.0018 191 154 276 302
sofa 0.0015 161 157 418 371
sofa 0.0014 -2 125 498 392
tvmonitor 0.0137 330 190 489 386
tvmonitor 0.0071 1 117 53 200
tvmonitor 0.0046 61 107 140 166
tvmonitor 0.0037 -17 276 297 379
