bottle 0.1093 368 214 414 323
bottle 0.0040 363 15 394 149
bottle 0.0019 -1 67 66 103
bottle 0.0015 488 107 501 199
bottle 0.0013 488 119 499 150
cat 0.0010 170 158 275 244
chair 0.6294 125 79 173 193
chair 0.0452 2 67 157 285
chair 0.0364 407 93 499 300
chair 0.0306 452 76 498 164
chair 0.0248 169 30 351 241
chair 0.0113 0 74 58 162
chair 0.0080 73 67 171 247
chair 0.0066 0 136 23 334
chair 0.0062 442 -8 499 211
chair 0.0061 474 93 500 155
chair 0.0051 413 96 493 180
chair 0.0048 157 70 200 175
chair 0.0042 2 74 61 288
chair 0.0040 168 56 267 188
chair 0.0037 105 84 153 189
chair 0.0034 373 -16 496 316
chair 0.0033 470 34 499 167
chair 0.0029 0 80 25 236
chair 0.0026 5 54 161 172
chair 0.0024 362 19 393 173
chair 0.0019 137 67 222 205
chair 0.0018 362 11 428 226
chair 0.0018 0 110 54 402
chair 0.0018 425 82 476 163
chair 0.0017 333 -3 491 151
chair 0.0015 -1 130 93 343
chair 0.0014 147 134 279 243
chair 0.0014 488 86 500 163
chair 0.0014 437 124 501 348
chair 0.0014 476 63 500 254
chair 0.0012 -2 149 48 285
chair 0.0011 450 96 496 219
chair 0.0011 139 63 178 153
chair 0.0010 460 94 491 152
chair 0.0010 -2 101 52 211
diningtable 0.9187 14 215 487 375
diningtable 0.0591 2 62 159 257
diningtable 0.0224 169 30 351 241
diningtable 0.0065 144 47 283 233
diningtable 0.0059 382 100 495 294
diningtable 0.0039 125 79 173 193
diningtable 0.0027 136 173 377 256
diningtable 0.0026 452 76 498 164
diningtable 0.0024 80 68 172 217
diningtable 0.0023 147 134 279 243
diningtable 0.0020 1 56 144 172
diningtable 0.0019 333 -3 491 151
diningtable 0.0017 0 74 58 162
diningtable 0.0016 154 60 255 185
diningtable 0.0015 137 67 222 205
diningtable 0.0011 -3 130 147 296
diningtable 0.0010 42 238 313 374
diningtable 0.0010 370 -51 495 286
dog 0.0048 170 158 275 244
dog 0.0013 -5 69 150 285
person 0.9410 204 24 364 247
person 0.8522 -5 69 150 285
person 0.3682 170 158 275 244
person 0.3563 407 93 499 300
person 0.0281 155 128 356 244
person 0.0275 373 -16 496 316
person 0.0105 437 124 501 348
person 0.0103 411 18 495 224
person 0.0079 1 109 139 406
person 0.0077 0 138 21 373
person 0.0058 144 47 283 233
person 0.0055 -1 116 55 432
person 0.0053 2 74 61 288
person 0.0043 455 49 498 157
person 0.0042 475 147 499 365
person 0.0041 469 78 500 430
person 0.0032 131 49 376 300
person 0.0026 0 84 24 272
person 0.0022 136 173 377 256
person 0.0020 73 67 171 247
person 0.0017 186 161 244 202
person 0.0017 377 120 502 386
person 0.0016 91 132 267 244
person 0.0016 0 41 31 352
person 0.0015 413 96 493 180
person 0.0015 1 56 144 172
person 0.0014 471 7 498 156
person 0.0014 478 57 500 297
person 0.0013 445 -14 499 180
person 0.0012 -3 70 262 362
person 0.0012 452 89 498 183
person 0.0011 -3 228 91 394
person 0.0010 -1 130 93 343
person 0.0010 425 82 476 163
sofa 0.0367 407 93 499 300
sofa 0.0094 151 24 368 247
sofa 0.0046 -1 58 161 305
sofa 0.0028 452 76 498 164
sofa 0.0016 0 74 58 162
sofa 0.0013 442 -8 499 211
sofa 0.0010 0 136 23 334
