aeroplane 0.0011 422 192 437 215
bicycle 0.0277 419 184 441 218
bicycle 0.0127 -3 155 65 315
bicycle 0.0077 421 198 437 217
bicycle 0.0025 1 120 84 278
bicycle 0.0020 0 214 81 300
bicycle 0.0019 1 169 54 265
bicycle 0.0014 270 148 371 214
bird 0.0096 422 192 437 215
bird 0.0031 419 184 441 218
bird 0.0016 321 192 342 207
boat 0.0019 145 139 355 248
boat 0.0016 285 151 375 214
bottle 0.0297 35 94 51 137
bottle 0.0038 422 192 437 215
bottle 0.0021 42 115 58 137
bottle 0.0015 321 192 342 207
bottle 0.0012 285 151 375 214
bottle 0.0012 44 104 57 128
bottle 0.0010 84 43 97 66
car 0.0020 390 135 410 155
car 0.0019 422 192 437 215
car 0.0017 285 151 375 214
car 0.0013 397 136 416 154
chair 0.0052 -1 136 87 299
chair 0.0038 270 148 371 214
chair 0.0035 1 169 54 265
chair 0.0029 -1 93 58 263
chair 0.0017 0 118 23 276
chair 0.0015 23 136 71 258
chair 0.0014 130 141 225 215
chair 0.0013 -1 186 68 319
cow 0.0012 421 198 437 217
diningtable 0.0010 16 141 115 293
dog 0.0061 421 198 437 217
dog 0.0022 419 184 441 218
motorbike 0.0063 419 184 441 218
motorbike 0.0018 421 198 437 217
person 0.9445 383 178 418 257
person 0.0344 422 192 437 215
person 0.0054 419 184 441 218
person 0.0043 -1 93 58 263
person 0.0027 396 177 415 246
person 0.0023 389 172 410 236
person 0.0019 0 82 23 236
person 0.0016 321 192 342 207
person 0.0013 37 110 51 139
person 0.0011 376 178 443 254
pottedplant 0.8494 105 255 239 363
pottedplant 0.1741 47 132 116 194
pottedplant 0.1421 3 85 42 128
pottedplant 0.0595 1 234 68 307
pottedplant 0.0237 0 91 29 139
pottedplant 0.0156 145 139 355 248
pottedplant 0.0155 0 190 70 349
pottedplant 0.0146 35 94 51 137
pottedplant 0.0145 419 184 441 218
pottedplant 0.0111 51 126 118 277
pottedplant 0.0098 422 192 437 215
pottedplant 0.0077 106 261 149 333
pottedplant 0.0077 270 148 371 214
pottedplant 0.0070 0 79 27 117
pottedplant 0.0069 321 192 342 207
pottedplant 0.0066 108 297 133 335
pottedplant 0.0057 300 -36 494 250
pottedplant 0.0035 1 180 56 291
pottedplant 0.0031 158 259 215 294
pottedplant 0.0027 -1 81 57 243
pottedplant 0.0024 304 188 357 211
pottedplant 0.0021 -8 145 125 305
pottedplant 0.0019 130 141 225 215
pottedplant 0.0019 109 261 186 336
pottedplant 0.0018 238 18 320 177
pottedplant 0.0017 6 94 61 136
pottedplant 0.0017 155 254 198 284
pottedplant 0.0017 0 72 13 138
pottedplant 0.0014 272 100 316 179
pottedplant 0.0013 174 -24 411 248
pottedplant 0.0013 0 64 25 174
pottedplant 0.0011 11 92 34 118
pottedplant 0.0011 42 115 58 137
pottedplant 0.0011 110 270 133 325
pottedplant 0.0010 0 82 23 236
