bird 0.9926 27 113 244 321
bird 0.9664 214 64 439 268
bird 0.0698 335 59 465 232
bird 0.0198 148 96 374 254
bird 0.0115 484 76 499 137
bird 0.0115 474 74 502 115
bird 0.0083 201 117 241 215
bird 0.0078 453 76 499 112
bird 0.0062 140 102 193 149
bird 0.0052 428 49 469 128
bird 0.0036 474 29 498 151
bird 0.0034 447 49 497 130
bird 0.0032 212 111 240 157
bird 0.0029 488 98 498 130
bird 0.0026 487 88 498 121
bird 0.0024 487 91 499 159
bird 0.0024 441 20 496 234
bird 0.0023 442 58 470 114
bird 0.0022 477 53 499 207
bird 0.0022 488 109 498 138
bird 0.0020 83 123 326 285
bird 0.0018 474 48 501 105
bird 0.0017 206 123 246 163
bird 0.0016 252 76 382 252
bird 0.0016 475 86 499 105
bird 0.0015 -6 77 95 259
bird 0.0015 450 66 498 190
bird 0.0011 489 158 499 186
