bicycle 0.9869 133 272 380 378
bicycle 0.6543 395 163 502 312
bicycle 0.5812 2 210 117 322
bicycle 0.0105 163 294 286 373
bicycle 0.0040 113 301 217 372
bicycle 0.0036 0 217 24 324
bicycle 0.0030 282 193 357 377
bicycle 0.0022 374 225 500 306
bicycle 0.0019 477 167 500 305
bicycle 0.0011 110 192 187 376
bicycle 0.0011 451 270 499 306
bicycle 0.0011 267 283 366 371
bottle 0.0012 292 284 314 349
bottle 0.0010 275 355 291 372
car 0.0027 477 103 501 286
car 0.0012 105 131 185 318
car 0.0011 474 129 500 197
chair 0.0069 398 125 505 311
chair 0.0013 111 134 185 398
horse 0.0015 404 93 499 304
motorbike 0.0027 404 93 499 304
person 0.9896 111 143 185 357
person 0.9735 175 138 259 371
person 0.9644 289 149 354 361
person 0.9312 239 140 312 372
person 0.0083 305 148 358 278
person 0.0068 248 193 351 378
person 0.0059 147 142 189 188
person 0.0045 337 157 358 209
person 0.0042 477 103 501 286
person 0.0030 252 152 280 195
person 0.0024 404 93 499 304
person 0.0018 329 154 354 195
person 0.0013 142 161 153 183
person 0.0013 275 355 291 372
person 0.0012 242 156 285 302
person 0.0011 2 210 117 322
