aeroplane 0.0032 344 195 396 245
bicycle 0.8485 344 184 402 247
bicycle 0.0041 321 158 398 238
bicycle 0.0038 339 198 385 240
bicycle 0.0021 346 186 371 235
bird 0.0040 344 195 396 245
bottle 0.0010 354 195 404 245
car 0.0017 344 195 396 245
car 0.0011 90 121 109 134
dog 0.0064 344 195 396 245
horse 0.0027 336 160 405 239
motorbike 0.0653 344 195 396 245
motorbike 0.0359 336 160 405 239
person 0.9636 348 141 396 226
person 0.0077 344 195 396 245
person 0.0021 358 135 385 191
person 0.0012 343 160 363 226
