bottle 0.0010 291 0 322 10
chair 0.0065 9 212 182 487
chair 0.0029 -1 281 115 469
chair 0.0015 0 368 34 496
chair 0.0011 336 246 375 345
sofa 0.0012 9 212 182 487
sofa 0.0010 241 0 386 50
sofa 0.0010 -1 281 115 469
tvmonitor 0.9902 0 172 174 468
tvmonitor 0.9201 202 22 345 180
tvmonitor 0.6324 177 146 321 290
tvmonitor 0.1647 171 266 297 389
tvmonitor 0.0100 241 0 386 50
tvmonitor 0.0055 168 83 332 350
tvmonitor 0.0043 206 56 312 146
tvmonitor 0.0033 176 292 261 380
tvmonitor 0.0022 40 191 170 372
tvmonitor 0.0021 269 -1 395 31
tvmonitor 0.0014 166 140 236 343
tvmonitor 0.0014 202 0 312 54
tvmonitor 0.0012 169 141 223 260
tvmonitor 0.0011 336 246 375 345
tvmonitor 0.0011 -2 255 119 455
tvmonitor 0.0010 311 1 379 27
tvmonitor 0.0010 289 21 366 181
