bottle 0.6275 80 219 103 276
bottle 0.1816 41 113 63 171
bottle 0.1419 256 243 277 290
bottle 0.1367 41 237 64 296
bottle 0.0614 234 209 282 285
bottle 0.0534 163 -1 192 39
bottle 0.0469 181 186 211 289
bottle 0.0408 52 232 68 283
bottle 0.0278 215 205 235 271
bottle 0.0235 252 214 278 279
bottle 0.0230 102 216 118 279
bottle 0.0203 281 8 302 46
bottle 0.0194 43 99 61 153
bottle 0.0145 91 218 107 278
bottle 0.0141 262 235 283 279
bottle 0.0140 61 219 82 277
bottle 0.0136 33 226 55 289
bottle 0.0121 163 14 176 41
bottle 0.0118 209 225 225 290
bottle 0.0112 393 128 421 174
bottle 0.0104 265 250 278 282
bottle 0.0097 219 206 265 287
bottle 0.0086 76 218 93 277
bottle 0.0073 144 211 180 293
bottle 0.0068 167 204 204 294
bottle 0.0067 207 195 240 282
bottle 0.0063 28 206 71 300
bottle 0.0055 259 253 273 283
bottle 0.0049 43 226 63 273
bottle 0.0048 141 23 159 44
bottle 0.0042 378 113 404 170
bottle 0.0040 384 120 438 185
bottle 0.0036 38 105 55 164
bottle 0.0036 57 228 67 266
bottle 0.0035 356 29 367 50
bottle 0.0035 89 9 111 44
bottle 0.0033 146 231 172 287
bottle 0.0030 85 227 98 265
bottle 0.0029 167 14 186 41
bottle 0.0028 46 116 59 149
bottle 0.0028 111 208 147 287
bottle 0.0026 177 224 198 291
bottle 0.0026 150 16 166 41
bottle 0.0025 245 229 266 281
bottle 0.0023 249 212 296 289
bottle 0.0022 230 214 258 281
bottle 0.0021 185 193 206 263
bottle 0.0021 83 201 103 259
bottle 0.0020 384 120 415 166
bottle 0.0018 43 211 84 289
bottle 0.0018 251 248 294 286
bottle 0.0017 410 121 449 187
bottle 0.0014 48 112 70 157
bottle 0.0014 86 11 99 42
bottle 0.0014 187 -3 206 43
bottle 0.0014 145 11 191 42
bottle 0.0013 285 20 300 49
bottle 0.0013 297 27 346 48
bottle 0.0012 139 10 162 46
bottle 0.0012 215 238 233 293
bottle 0.0011 180 11 193 42
bottle 0.0011 239 -2 269 40
bottle 0.0011 208 192 227 265
bottle 0.0010 3 122 23 198
bottle 0.0010 176 -2 195 39
bottle 0.0010 373 111 420 176
bottle 0.0010 38 63 63 174
chair 0.0027 272 120 447 334
diningtable 0.0012 0 284 127 329
person 0.9932 263 109 452 324
person 0.2320 234 209 282 285
person 0.0054 219 206 265 287
person 0.0049 326 109 419 172
person 0.0039 377 128 420 176
person 0.0033 81 227 101 282
person 0.0020 376 117 447 187
person 0.0017 249 212 296 289
person 0.0017 234 202 321 273
person 0.0015 395 136 420 181
person 0.0013 316 132 363 170
person 0.0013 362 112 458 287
person 0.0012 265 100 368 301
person 0.0011 252 214 278 279
tvmonitor 0.0033 159 0 195 39
tvmonitor 0.0029 28 206 71 300
tvmonitor 0.0010 234 209 282 285
tvmonitor 0.0010 235 -1 274 39
