bicycle 0.0031 127 385 169 413
bird 0.0066 283 376 341 403
bird 0.0010 336 378 386 408
boat 0.0010 211 126 366 402
bottle 0.0135 283 376 341 403
bottle 0.0015 127 385 169 413
car 0.0022 102 125 171 370
cat 0.0124 283 376 341 403
cat 0.0057 186 341 288 401
cat 0.0040 127 385 169 413
cat 0.0025 336 378 386 408
cat 0.0020 195 347 256 395
chair 0.0177 282 149 352 399
cow 0.0045 188 338 285 394
diningtable 0.0021 282 149 352 399
dog 0.9455 186 341 288 401
dog 0.0092 127 385 169 413
dog 0.0058 283 376 341 403
dog 0.0038 336 378 386 408
dog 0.0029 195 347 256 395
horse 0.0020 186 341 288 401
horse 0.0010 97 161 164 388
person 0.9901 96 142 165 383
person 0.9763 179 111 255 330
person 0.8781 285 121 356 328
person 0.0709 77 139 139 392
person 0.0597 259 105 346 381
person 0.0561 221 118 289 330
person 0.0256 236 92 316 321
person 0.0143 87 188 118 374
person 0.0092 120 183 161 371
person 0.0051 309 130 359 280
person 0.0030 180 142 325 319
person 0.0029 181 137 226 305
person 0.0028 64 139 116 421
person 0.0025 127 385 169 413
person 0.0019 87 148 119 300
person 0.0017 283 376 341 403
person 0.0016 491 124 500 219
person 0.0016 278 126 315 279
person 0.0015 235 139 278 306
person 0.0014 128 128 190 360
person 0.0014 0 -31 60 279
person 0.0014 291 142 373 410
person 0.0013 199 106 373 375
person 0.0011 5 69 39 258
pottedplant 0.0432 283 376 341 403
train 0.0014 5 -16 179 411
