aeroplane 0.9777 11 102 493 215
aeroplane 0.1898 300 66 499 189
aeroplane 0.0215 -4 104 259 215
aeroplane 0.0146 171 105 222 141
aeroplane 0.0134 181 98 229 129
aeroplane 0.0103 384 81 432 106
aeroplane 0.0085 406 87 430 103
aeroplane 0.0078 0 108 132 212
aeroplane 0.0058 160 96 213 133
aeroplane 0.0056 144 97 257 147
aeroplane 0.0040 -3 92 51 188
aeroplane 0.0035 449 83 502 183
aeroplane 0.0030 152 102 201 141
aeroplane 0.0029 -1 110 46 155
aeroplane 0.0026 -15 146 518 232
aeroplane 0.0026 162 115 212 145
aeroplane 0.0022 362 90 416 118
aeroplane 0.0021 389 88 410 103
aeroplane 0.0018 397 86 421 103
aeroplane 0.0017 299 78 451 122
aeroplane 0.0013 379 104 400 119
aeroplane 0.0013 -10 188 75 211
aeroplane 0.0013 341 91 398 115
aeroplane 0.0011 402 122 497 186
aeroplane 0.0010 185 96 209 112
boat 0.0014 0 108 28 158
car 0.0035 418 174 439 186
car 0.0015 443 172 466 183
