bicycle 0.0029 241 141 377 376
bottle 0.0519 410 89 422 123
bottle 0.0155 406 89 417 121
bottle 0.0042 439 74 454 120
bottle 0.0021 191 91 217 135
bottle 0.0016 491 190 500 288
bottle 0.0014 419 91 432 120
bottle 0.0013 442 90 454 120
bottle 0.0013 194 94 213 117
bottle 0.0011 195 205 244 311
chair 0.8062 222 141 371 372
chair 0.0204 195 141 335 306
chair 0.0113 411 145 499 327
chair 0.0090 210 72 359 280
chair 0.0018 196 113 246 197
chair 0.0016 477 163 499 307
chair 0.0015 280 142 379 337
chair 0.0012 192 177 287 326
chair 0.0012 490 213 499 304
diningtable 0.0065 219 130 374 373
diningtable 0.0014 411 145 499 327
person 0.9007 203 36 365 332
person 0.0142 204 87 316 301
person 0.0072 219 50 340 234
person 0.0030 406 89 417 121
person 0.0029 231 38 323 113
person 0.0019 191 66 286 249
person 0.0014 410 89 422 123
person 0.0011 491 201 500 297
person 0.0010 186 106 264 291
pottedplant 0.0025 410 89 422 123
pottedplant 0.0013 490 213 499 304
sofa 0.0016 212 81 373 364
tvmonitor 0.0351 190 113 241 158
tvmonitor 0.0188 193 122 222 166
tvmonitor 0.0073 187 102 254 174
tvmonitor 0.0020 189 94 241 132
tvmonitor 0.0011 236 44 285 113
tvmonitor 0.0010 287 102 337 146
