bicycle 0.0023 0 191 9 222
bicycle 0.0020 458 174 470 200
bicycle 0.0012 393 177 406 197
bird 0.0043 321 46 391 114
boat 0.0027 0 171 10 193
boat 0.0020 112 119 166 144
boat 0.0015 -1 143 12 201
boat 0.0010 0 176 10 202
boat 0.0010 0 177 12 223
bus 0.0115 0 176 10 202
bus 0.0101 -1 168 13 214
bus 0.0080 0 171 10 193
bus 0.0027 413 169 460 197
bus 0.0020 0 162 23 198
bus 0.0019 4 173 19 192
bus 0.0016 -1 143 12 201
bus 0.0010 0 191 9 222
car 0.5846 412 174 463 199
car 0.1102 0 177 12 223
car 0.0843 0 176 10 202
car 0.0458 0 171 10 193
car 0.0387 458 174 470 200
car 0.0354 207 172 225 185
car 0.0220 477 181 497 195
car 0.0191 421 168 453 197
car 0.0181 449 173 467 192
car 0.0133 432 172 461 190
car 0.0095 393 177 406 197
car 0.0085 0 176 19 332
car 0.0083 3 180 18 199
car 0.0058 390 164 446 197
car 0.0051 435 170 478 196
car 0.0048 4 173 19 192
car 0.0045 196 172 218 185
car 0.0042 414 177 445 196
car 0.0039 215 170 233 184
car 0.0037 -2 161 13 202
car 0.0029 464 179 484 194
car 0.0029 487 179 499 198
car 0.0025 397 170 415 194
car 0.0019 2 186 19 211
car 0.0019 0 171 21 211
car 0.0018 417 170 442 190
car 0.0018 408 177 427 197
car 0.0017 -1 180 8 253
car 0.0017 188 171 205 185
car 0.0016 -1 198 7 232
car 0.0014 455 176 495 197
car 0.0010 408 171 425 191
motorbike 0.0026 458 174 470 200
motorbike 0.0014 0 177 12 223
motorbike 0.0011 393 177 406 197
person 0.0394 458 174 470 200
person 0.0242 173 166 184 189
person 0.0086 0 176 10 202
person 0.0063 0 171 10 193
person 0.0058 393 177 406 197
person 0.0046 454 166 472 197
person 0.0036 84 170 94 187
person 0.0035 179 161 190 184
person 0.0035 0 183 11 213
person 0.0029 397 170 415 194
person 0.0021 0 176 19 332
person 0.0020 172 153 187 190
person 0.0018 325 169 339 192
person 0.0014 333 168 347 192
person 0.0013 449 173 467 192
person 0.0011 178 168 193 186
pottedplant 0.0032 325 169 339 192
train 0.0018 0 177 12 223
train 0.0017 0 176 10 202
train 0.0013 0 171 10 193
train 0.0010 0 162 23 198
