bicycle 0.0015 43 375 69 418
bus 0.9996 123 184 290 465
bus 0.0309 315 341 333 402
bus 0.0167 292 347 318 394
bus 0.0156 302 333 327 392
bus 0.0114 276 330 293 395
bus 0.0074 285 348 305 395
bus 0.0034 271 329 285 393
bus 0.0034 287 277 330 395
bus 0.0028 117 322 281 476
bus 0.0022 105 303 134 413
bus 0.0022 292 340 335 385
bus 0.0020 258 327 289 427
bus 0.0019 117 222 196 450
bus 0.0018 309 276 339 392
bus 0.0018 297 361 314 383
bus 0.0016 292 330 316 377
bus 0.0015 289 360 303 383
bus 0.0013 122 241 158 358
bus 0.0011 115 308 159 407
bus 0.0011 209 236 292 436
bus 0.0011 131 326 264 385
car 0.0450 294 370 314 389
car 0.0225 283 365 292 393
car 0.0167 319 368 329 393
car 0.0154 288 367 301 392
car 0.0150 308 370 322 391
car 0.0099 289 360 303 383
car 0.0087 292 347 318 394
car 0.0075 281 358 292 383
car 0.0069 281 355 294 406
car 0.0061 297 361 314 383
car 0.0058 285 348 305 395
car 0.0056 315 341 333 402
car 0.0049 43 375 69 418
car 0.0048 291 406 336 493
car 0.0048 117 322 281 476
car 0.0039 303 345 327 397
car 0.0029 318 357 331 382
car 0.0027 307 360 323 382
car 0.0020 3 363 80 419
car 0.0019 0 308 51 352
car 0.0018 4 368 48 408
car 0.0013 274 357 283 381
car 0.0013 295 343 314 361
car 0.0011 319 361 332 415
car 0.0010 288 351 302 373
motorbike 0.0096 43 375 69 418
motorbike 0.0025 54 374 72 416
person 0.0713 150 324 175 356
person 0.0609 55 366 73 413
person 0.0522 27 366 45 413
person 0.0235 76 365 92 411
person 0.0234 280 357 293 418
person 0.0219 215 338 240 369
person 0.0197 45 367 68 415
person 0.0147 319 361 332 415
person 0.0141 153 324 172 344
person 0.0140 159 328 180 351
person 0.0124 283 365 292 393
person 0.0102 105 351 121 410
person 0.0099 84 367 101 411
person 0.0097 65 364 81 413
person 0.0083 15 367 41 410
person 0.0080 228 344 247 362
person 0.0076 156 324 184 370
person 0.0072 319 368 329 393
person 0.0061 133 330 188 364
person 0.0061 79 363 90 398
person 0.0053 218 345 235 367
person 0.0052 214 341 229 363
person 0.0050 95 353 113 409
person 0.0040 140 319 182 350
person 0.0039 271 329 285 393
person 0.0033 114 345 128 415
person 0.0032 281 358 292 383
person 0.0032 6 363 45 398
person 0.0029 288 367 301 392
person 0.0026 0 366 12 392
person 0.0024 87 363 98 397
person 0.0023 276 330 293 395
person 0.0021 70 364 81 397
person 0.0020 33 376 58 419
person 0.0017 289 360 303 383
person 0.0017 289 371 298 400
person 0.0016 224 337 250 370
person 0.0015 5 368 26 390
person 0.0015 315 341 333 402
person 0.0015 16 369 37 390
person 0.0015 308 370 322 391
person 0.0015 96 373 109 406
person 0.0015 167 325 190 362
person 0.0015 291 429 337 497
person 0.0014 106 371 118 407
person 0.0011 286 361 300 413
person 0.0011 240 343 255 363
person 0.0011 272 345 282 374
train 0.0058 314 329 333 394
train 0.0050 302 333 327 392
train 0.0030 292 335 317 390
train 0.0012 276 330 293 395
train 0.0012 283 342 328 383
