bottle 0.5113 186 138 264 287
bottle 0.5025 266 152 365 211
bottle 0.1400 149 108 340 282
bottle 0.0436 181 79 289 271
bottle 0.0335 230 153 330 205
bottle 0.0234 253 166 303 260
bottle 0.0205 245 158 265 221
bottle 0.0171 113 162 165 198
bottle 0.0161 259 148 305 209
bottle 0.0108 213 143 262 249
bottle 0.0102 389 164 428 258
bottle 0.0099 184 156 284 239
bottle 0.0095 293 157 348 203
bottle 0.0094 241 165 358 253
bottle 0.0084 95 122 274 277
bottle 0.0082 280 145 306 197
bottle 0.0072 208 129 305 293
bottle 0.0070 194 158 368 318
bottle 0.0066 283 218 299 259
bottle 0.0064 94 162 191 234
bottle 0.0035 278 149 330 196
bottle 0.0028 62 133 371 327
bottle 0.0024 293 146 314 195
bottle 0.0023 151 146 251 308
bottle 0.0021 285 230 296 263
bottle 0.0019 252 153 273 208
bottle 0.0019 269 159 315 201
bottle 0.0018 198 120 248 232
bottle 0.0017 180 160 291 328
bottle 0.0016 299 169 363 211
bottle 0.0016 236 154 259 224
bottle 0.0015 424 179 448 224
bottle 0.0015 398 173 419 242
bottle 0.0015 114 152 212 281
bottle 0.0014 405 174 428 241
bottle 0.0013 253 168 271 229
bottle 0.0013 248 156 262 187
bottle 0.0010 262 199 368 257
bottle 0.0010 286 165 300 194
bottle 0.0010 226 131 409 261
bottle 0.0010 98 170 161 209
bottle 0.0010 256 143 310 182
cat 0.0021 299 221 362 253
chair 0.0215 116 76 368 323
chair 0.0055 411 165 498 327
chair 0.0046 201 116 363 276
chair 0.0021 80 154 175 271
diningtable 0.0187 101 134 388 327
diningtable 0.0103 149 108 340 282
diningtable 0.0031 33 227 393 326
dog 0.0022 299 221 362 253
motorbike 0.0012 101 134 388 327
person 0.9467 116 76 368 323
person 0.1758 413 133 500 329
person 0.1663 201 116 363 276
person 0.0788 429 20 503 370
person 0.0106 181 79 289 271
person 0.0066 295 152 362 223
person 0.0055 26 35 468 363
person 0.0048 95 82 270 261
person 0.0022 374 -6 501 342
person 0.0014 450 83 494 190
person 0.0011 299 221 362 253
person 0.0011 466 -22 501 407
pottedplant 0.0018 268 150 367 226
sofa 0.0013 411 165 498 327
tvmonitor 0.0014 113 162 165 198
tvmonitor 0.0011 266 152 365 211
