aeroplane 0.0019 45 381 65 398
aeroplane 0.0015 3 379 26 395
aeroplane 0.0014 287 357 320 397
boat 0.9987 66 67 273 421
boat 0.2141 284 363 323 393
boat 0.1096 -1 380 21 394
boat 0.0176 283 379 311 394
boat 0.0161 1 374 18 391
boat 0.0096 290 369 318 389
boat 0.0082 231 300 274 403
boat 0.0074 0 371 28 404
boat 0.0069 223 289 256 393
boat 0.0065 273 373 318 398
boat 0.0063 45 381 65 398
boat 0.0050 32 382 79 415
boat 0.0046 244 301 293 403
boat 0.0042 26 370 46 387
boat 0.0036 317 382 330 397
boat 0.0034 261 362 310 394
boat 0.0032 21 375 70 403
boat 0.0030 32 389 95 424
boat 0.0030 304 382 326 395
boat 0.0028 0 361 20 397
boat 0.0022 285 344 309 401
boat 0.0020 256 383 279 395
boat 0.0018 26 392 177 431
boat 0.0017 11 366 59 392
boat 0.0016 17 401 33 414
boat 0.0015 -6 382 37 413
boat 0.0015 24 357 49 397
boat 0.0014 214 394 300 421
boat 0.0014 -3 375 54 402
boat 0.0013 5 400 28 413
boat 0.0013 32 368 61 408
boat 0.0011 287 316 325 400
boat 0.0010 298 356 328 398
boat 0.0010 3 389 27 407
car 0.0014 236 381 256 395
person 0.0082 226 379 247 396
person 0.0047 223 376 236 397
person 0.0022 126 389 138 411
person 0.0018 236 381 256 395
person 0.0014 135 391 148 411
person 0.0010 223 374 251 400
