bicycle 0.1991 101 219 257 485
bicycle 0.0170 2 245 35 352
bottle 0.0063 227 175 245 201
bottle 0.0014 223 174 251 219
car 0.0014 3 239 36 328
chair 0.0103 0 249 35 374
motorbike 0.9397 98 170 259 475
motorbike 0.0013 2 245 35 352
person 0.9977 104 90 253 419
person 0.0012 101 106 242 243
pottedplant 0.0322 229 175 258 219
pottedplant 0.0199 227 175 245 201
pottedplant 0.0067 217 173 255 202
pottedplant 0.0053 282 146 302 187
pottedplant 0.0041 280 123 310 243
pottedplant 0.0026 -24 -8 270 199
pottedplant 0.0020 235 175 254 201
pottedplant 0.0019 275 93 305 192
pottedplant 0.0011 -14 -5 188 108
pottedplant 0.0011 285 153 299 181
pottedplant 0.0010 253 -2 277 51
pottedplant 0.0010 228 181 246 211
