bottle 0.9880 21 78 158 376
bottle 0.0364 159 -8 411 307
bottle 0.0137 368 -31 497 246
bottle 0.0023 224 -7 434 148
bottle 0.0023 0 175 47 372
bottle 0.0022 250 -19 483 238
bottle 0.0017 0 39 51 356
bottle 0.0010 192 100 379 259
bottle 0.0010 4 56 93 375
chair 0.0010 0 160 26 350
person 0.0098 152 38 419 338
person 0.0054 14 0 484 373
person 0.0029 368 -31 497 246
person 0.0011 0 139 47 369
person 0.0010 26 77 209 377
pottedplant 0.0754 368 -31 497 246
pottedplant 0.0524 353 100 405 213
pottedplant 0.0141 342 60 415 223
pottedplant 0.0119 250 -19 483 238
pottedplant 0.0058 159 -8 411 307
pottedplant 0.0025 224 -7 434 148
pottedplant 0.0020 350 76 403 172
pottedplant 0.0013 350 103 434 248
pottedplant 0.0011 73 0 173 128
