bird 0.0010 -9 -79 105 87
car 0.0058 -2 73 92 319
car 0.0010 0 112 22 240
cow 0.9922 161 149 337 269
cow 0.0062 404 135 451 158
cow 0.0036 157 157 256 237
cow 0.0024 57 80 80 111
cow 0.0022 144 92 363 293
cow 0.0017 411 139 443 155
cow 0.0011 52 80 110 110
horse 0.0018 57 80 80 111
motorbike 0.0135 -2 73 92 319
person 0.0486 0 112 22 240
person 0.0473 53 80 77 114
person 0.0088 0 115 11 211
person 0.0039 54 76 84 163
person 0.0024 1 70 86 254
person 0.0021 0 98 44 218
person 0.0018 0 103 17 327
sheep 0.0036 404 135 451 158
sheep 0.0028 414 143 443 156
sheep 0.0024 426 145 446 157
sheep 0.0015 160 142 338 262
sheep 0.0014 402 139 433 154
sheep 0.0010 195 149 256 180
