bottle 0.0136 314 249 333 289
bottle 0.0051 487 308 500 384
bottle 0.0038 489 312 499 344
bottle 0.0027 489 351 500 379
bottle 0.0020 411 296 426 376
bottle 0.0017 52 196 109 228
bottle 0.0015 475 316 500 375
bottle 0.0014 251 239 276 278
bottle 0.0011 43 204 62 224
bottle 0.0011 246 257 261 281
bottle 0.0010 491 304 500 335
car 0.0018 268 232 317 283
chair 0.2068 203 287 306 376
chair 0.0596 150 317 221 375
chair 0.0068 440 291 497 375
chair 0.0018 366 296 415 377
chair 0.0015 119 283 211 380
chair 0.0015 445 334 505 379
chair 0.0014 159 310 278 377
chair 0.0014 487 325 500 386
chair 0.0013 208 279 269 364
diningtable 0.0050 196 288 366 375
diningtable 0.0049 414 296 500 376
diningtable 0.0017 119 283 211 380
diningtable 0.0015 156 297 243 377
person 0.0059 313 254 333 301
person 0.0016 487 325 500 386
person 0.0010 317 255 330 285
pottedplant 0.0090 185 287 320 375
sofa 0.0016 440 291 497 375
sofa 0.0015 268 230 318 273
tvmonitor 0.8538 268 230 318 273
tvmonitor 0.0093 330 270 374 307
tvmonitor 0.0044 251 234 298 267
tvmonitor 0.0032 252 231 276 270
tvmonitor 0.0025 262 230 285 270
tvmonitor 0.0019 312 239 334 282
tvmonitor 0.0011 256 241 273 264
tvmonitor 0.0011 481 161 500 344
