bottle 0.9786 359 30 391 136
bottle 0.0132 239 91 268 191
bottle 0.0120 368 29 390 103
bottle 0.0115 353 55 370 133
bottle 0.0106 3 51 21 122
bottle 0.0091 242 77 264 134
bottle 0.0061 182 28 196 86
bottle 0.0051 360 34 379 118
bottle 0.0045 368 33 403 132
bottle 0.0028 182 -9 194 66
bottle 0.0021 403 85 432 126
bottle 0.0012 62 113 119 156
chair 0.1107 408 91 494 145
chair 0.0482 416 97 459 133
chair 0.0456 25 0 71 90
chair 0.0251 404 70 498 296
chair 0.0250 -1 -3 22 127
chair 0.0096 364 86 501 372
chair 0.0078 436 106 500 367
chair 0.0068 0 253 26 372
chair 0.0052 0 -10 12 86
chair 0.0051 -2 279 45 372
chair 0.0050 399 88 458 128
chair 0.0042 437 104 496 145
chair 0.0041 1 2 20 77
chair 0.0038 415 104 476 141
chair 0.0037 264 73 365 131
chair 0.0037 0 31 21 205
chair 0.0036 -1 157 21 391
chair 0.0021 -2 2 47 115
chair 0.0018 9 2 79 127
chair 0.0016 0 72 11 157
chair 0.0016 2 60 118 392
chair 0.0015 477 76 498 279
chair 0.0015 42 1 80 114
chair 0.0012 0 82 8 204
chair 0.0012 0 130 56 381
chair 0.0012 1 61 23 129
chair 0.0011 0 71 19 322
chair 0.0011 407 197 501 385
chair 0.0010 0 91 30 415
chair 0.0010 365 90 467 141
diningtable 0.9945 -3 91 501 373
diningtable 0.0028 25 0 71 90
diningtable 0.0023 385 91 487 143
diningtable 0.0019 374 88 504 306
diningtable 0.0013 417 94 474 138
diningtable 0.0012 400 96 457 131
person 0.0016 404 70 498 296
person 0.0012 0 1 20 201
person 0.0010 359 30 391 136
pottedplant 0.0026 3 51 21 122
sofa 0.0019 408 91 494 145
sofa 0.0012 25 0 71 90
sofa 0.0011 -1 -3 22 127
sofa 0.0010 404 70 498 296
tvmonitor 0.0074 416 97 459 133
