bicycle 0.0064 385 77 488 338
bicycle 0.0030 373 96 413 286
bicycle 0.0013 129 60 147 75
bird 0.0021 129 60 147 75
car 0.0010 414 63 459 93
car 0.0010 425 64 448 78
cow 0.0564 129 60 147 75
cow 0.0057 201 115 311 201
cow 0.0024 372 7 494 323
dog 0.0060 129 60 147 75
dog 0.0024 201 115 311 201
horse 0.9056 199 121 311 211
horse 0.7410 369 88 419 294
horse 0.6317 372 7 494 323
horse 0.3951 38 126 173 297
horse 0.0266 38 142 110 314
horse 0.0113 370 122 450 323
horse 0.0087 129 60 147 75
horse 0.0054 97 132 180 255
horse 0.0034 392 106 422 268
horse 0.0026 143 133 176 246
horse 0.0018 225 125 284 209
horse 0.0014 52 144 160 236
horse 0.0010 379 93 415 214
motorbike 0.0080 369 106 421 307
motorbike 0.0020 385 106 485 338
person 0.0868 373 96 413 286
person 0.0203 246 31 263 74
person 0.0033 392 106 422 268
person 0.0032 384 53 489 330
person 0.0022 391 175 408 255
person 0.0020 -6 -118 94 70
person 0.0017 372 74 443 306
person 0.0017 349 73 416 306
person 0.0016 368 170 414 317
person 0.0016 363 150 395 302
person 0.0015 398 182 415 264
person 0.0013 129 60 147 75
sheep 0.0501 129 60 147 75
