boat 0.0033 120 124 384 375
car 0.0410 120 124 384 375
car 0.0011 450 214 498 332
chair 0.0165 120 124 384 375
chair 0.0061 76 228 339 372
chair 0.0034 183 227 380 376
chair 0.0016 99 149 251 366
chair 0.0012 50 241 227 372
chair 0.0011 73 272 172 357
diningtable 0.0054 120 124 384 375
diningtable 0.0016 76 228 339 372
person 0.9695 204 112 372 365
person 0.3178 101 121 309 361
person 0.0213 127 130 237 313
person 0.0018 47 142 236 370
sofa 0.0475 120 124 384 375
sofa 0.0014 76 228 339 372
train 0.0010 317 23 499 349
tvmonitor 0.0017 76 228 339 372
