aeroplane 0.0084 0 60 23 92
bicycle 0.0167 0 60 23 92
bird 0.0038 131 56 149 77
bird 0.0023 149 53 167 68
bird 0.0012 0 60 23 92
boat 0.0086 21 110 237 385
boat 0.0078 0 60 23 92
car 0.0929 0 60 23 92
car 0.0028 21 110 237 385
car 0.0010 287 30 323 119
cat 0.0013 127 53 169 80
chair 0.0114 241 189 393 382
chair 0.0039 21 110 237 385
cow 0.0038 131 56 149 77
cow 0.0022 127 53 169 80
cow 0.0014 149 53 167 68
cow 0.0014 0 60 23 92
cow 0.0013 129 55 154 97
dog 0.0061 127 53 169 80
dog 0.0029 131 56 149 77
dog 0.0011 0 63 23 89
dog 0.0010 129 55 154 97
horse 0.0045 0 60 23 92
horse 0.0017 21 110 237 385
horse 0.0015 127 55 169 97
horse 0.0012 131 56 149 77
motorbike 0.0544 0 60 23 92
motorbike 0.0031 21 110 237 385
motorbike 0.0011 241 189 393 382
person 0.9953 20 59 226 373
person 0.9894 253 51 481 378
person 0.9489 239 178 397 374
person 0.8198 287 30 323 119
person 0.1131 125 44 229 343
person 0.0234 121 68 213 221
person 0.0210 0 60 23 92
person 0.0188 127 53 169 80
person 0.0178 131 56 149 77
person 0.0116 129 55 154 97
person 0.0109 149 53 167 68
person 0.0079 305 71 482 236
person 0.0062 126 49 200 112
person 0.0060 138 56 158 74
person 0.0038 82 120 253 383
person 0.0036 100 63 196 292
person 0.0032 185 89 404 375
person 0.0028 226 163 333 356
person 0.0025 123 56 166 136
person 0.0020 139 51 195 79
person 0.0018 302 28 319 45
person 0.0014 291 21 318 91
person 0.0014 314 172 488 361
person 0.0011 0 43 15 96
train 0.0012 0 60 23 92
