bicycle 0.9996 37 221 312 477
bicycle 0.0034 73 266 187 447
bottle 0.0603 118 292 136 352
bottle 0.0472 123 296 141 364
bottle 0.0471 131 271 171 365
bottle 0.0240 111 278 153 362
bottle 0.0109 121 285 144 340
bottle 0.0073 114 278 137 330
bottle 0.0048 127 304 139 338
bottle 0.0037 116 322 134 375
bottle 0.0036 150 275 174 329
bottle 0.0035 121 304 132 338
bottle 0.0031 143 278 169 344
bottle 0.0027 84 289 175 352
bottle 0.0022 239 205 261 224
bottle 0.0018 111 289 126 352
bottle 0.0018 103 209 185 432
bottle 0.0013 228 201 271 227
bottle 0.0012 108 279 127 329
bottle 0.0010 143 299 167 362
bottle 0.0010 110 308 127 372
chair 0.0012 66 229 334 469
dog 0.0096 226 203 295 272
person 0.9986 68 29 275 445
person 0.0144 130 275 169 396
person 0.0100 103 173 186 419
person 0.0037 113 283 151 388
person 0.0024 201 205 291 271
person 0.0014 27 203 286 456
person 0.0010 84 289 175 352
person 0.0010 62 168 159 421
