bird 0.0126 181 155 209 195
cat 0.0071 181 155 209 195
cow 0.0190 181 155 209 195
cow 0.0116 191 171 289 267
cow 0.0043 312 354 371 376
cow 0.0030 287 165 337 196
cow 0.0027 188 160 244 190
cow 0.0018 292 224 312 275
cow 0.0015 362 189 416 273
cow 0.0014 283 174 388 269
cow 0.0010 216 218 275 261
dog 0.1235 181 155 209 195
horse 0.0015 179 154 210 208
person 0.0010 362 189 416 273
sheep 0.9511 191 171 289 267
sheep 0.8039 281 187 383 276
sheep 0.4412 362 189 416 273
sheep 0.1573 288 161 337 188
sheep 0.1344 327 168 394 200
sheep 0.0954 324 171 421 269
sheep 0.0796 181 155 209 195
sheep 0.0782 264 188 305 273
sheep 0.0433 274 165 331 199
sheep 0.0385 257 172 341 262
sheep 0.0168 257 167 307 202
sheep 0.0161 288 168 383 233
sheep 0.0149 213 168 277 197
sheep 0.0137 317 178 383 206
sheep 0.0129 187 163 267 233
sheep 0.0128 264 164 321 188
sheep 0.0128 211 164 301 236
sheep 0.0111 290 167 350 195
sheep 0.0111 201 177 376 263
sheep 0.0107 281 158 390 203
sheep 0.0101 188 160 244 190
sheep 0.0088 295 165 330 182
sheep 0.0086 267 171 296 215
sheep 0.0066 285 174 337 207
sheep 0.0053 179 151 218 209
sheep 0.0047 327 195 383 272
sheep 0.0044 317 163 386 189
sheep 0.0044 200 165 271 187
sheep 0.0040 258 167 300 234
sheep 0.0038 336 229 364 275
sheep 0.0037 238 193 317 271
sheep 0.0034 270 164 322 235
sheep 0.0034 338 175 400 210
sheep 0.0030 298 229 343 265
sheep 0.0028 328 231 354 270
sheep 0.0028 243 160 350 202
sheep 0.0024 292 224 312 275
sheep 0.0023 197 159 315 205
sheep 0.0020 309 171 334 189
sheep 0.0016 216 218 275 261
sheep 0.0015 320 234 342 252
sheep 0.0012 312 354 371 376
sheep 0.0011 302 216 401 280
sheep 0.0011 276 168 309 182
sheep 0.0010 320 158 423 205
