bicycle 0.0042 296 23 447 186
bottle 0.0046 296 23 447 186
bottle 0.0040 302 117 444 245
bottle 0.0034 1 -21 12 94
bottle 0.0032 0 -1 21 123
bottle 0.0016 1 0 20 58
bottle 0.0015 69 182 95 240
bottle 0.0012 345 140 375 187
bottle 0.0012 1 34 23 100
bottle 0.0010 0 2 10 128
car 0.0030 29 4 476 393
cat 0.0016 337 137 419 221
cat 0.0011 348 174 440 249
chair 0.0121 110 0 470 396
diningtable 0.0010 29 4 476 393
dog 0.9969 56 223 262 452
dog 0.1420 125 87 439 427
dog 0.0158 333 128 476 248
dog 0.0081 348 174 440 249
dog 0.0054 38 228 464 440
dog 0.0051 337 137 419 221
dog 0.0032 112 234 298 387
dog 0.0013 182 265 391 417
dog 0.0012 334 139 384 213
dog 0.0012 260 21 474 426
dog 0.0011 300 53 446 231
motorbike 0.0031 87 65 475 436
person 0.9769 109 16 466 430
person 0.0105 11 -14 353 459
person 0.0044 337 137 419 221
person 0.0042 36 206 259 431
person 0.0031 91 9 334 281
person 0.0021 245 100 479 429
person 0.0014 -4 186 503 477
person 0.0012 335 114 445 241
pottedplant 0.0128 296 23 447 186
pottedplant 0.0089 332 130 380 193
pottedplant 0.0012 36 50 139 190
pottedplant 0.0010 0 9 58 225
sofa 0.0154 7 60 493 447
sofa 0.0013 50 205 269 431
