bird 0.0081 119 19 209 103
boat 0.0060 0 73 499 330
cat 0.0241 119 19 209 103
cat 0.0223 46 16 128 95
cat 0.0010 29 17 228 106
chair 0.0116 289 102 501 349
chair 0.0111 7 35 275 326
cow 0.0054 46 16 128 95
cow 0.0049 119 19 209 103
cow 0.0011 29 17 228 106
dog 0.5134 46 16 128 95
dog 0.1705 119 19 209 103
dog 0.0124 29 17 228 106
dog 0.0011 7 22 178 146
dog 0.0011 48 23 124 174
horse 0.0014 46 16 128 95
horse 0.0013 7 35 275 326
person 0.9982 287 59 501 337
person 0.9954 10 80 275 328
person 0.0073 -3 -21 92 301
person 0.0048 118 22 232 103
person 0.0032 474 119 502 166
person 0.0017 -2 -81 64 237
person 0.0015 -2 14 135 155
person 0.0014 448 121 501 162
person 0.0014 1 -24 191 291
person 0.0013 434 14 501 266
person 0.0013 441 82 499 351
person 0.0011 133 68 444 338
pottedplant 0.0016 218 13 271 97
sheep 0.0475 119 19 209 103
sheep 0.0066 46 16 128 95
sheep 0.0051 29 17 228 106
sheep 0.0015 7 35 275 326
sofa 0.0601 7 35 275 326
sofa 0.0184 0 73 499 330
sofa 0.0050 289 102 501 349
tvmonitor 0.0057 9 111 273 340
