bicycle 0.0156 92 246 135 279
bicycle 0.0060 75 226 157 284
bicycle 0.0035 9 228 30 278
bicycle 0.0018 180 194 225 291
bicycle 0.0012 93 214 136 278
bicycle 0.0010 71 249 120 281
boat 0.0044 9 228 30 278
car 0.0012 241 224 258 243
cow 0.0026 182 200 232 291
cow 0.0014 92 246 135 279
dog 0.0011 92 246 135 279
horse 0.9781 178 212 227 302
horse 0.0012 93 231 134 277
motorbike 0.0070 182 200 232 291
motorbike 0.0027 9 228 30 278
motorbike 0.0026 92 246 135 279
person 0.7993 181 182 220 257
person 0.0722 9 228 30 278
person 0.0654 182 200 232 291
person 0.0149 199 183 217 247
person 0.0037 98 222 128 270
person 0.0025 178 196 201 257
person 0.0022 173 201 190 252
person 0.0015 100 228 111 259
person 0.0010 182 178 207 238
train 0.0012 9 228 30 278
