bird 0.0013 442 334 492 399
bird 0.0012 358 267 431 335
boat 0.6955 27 95 460 291
boat 0.0194 80 140 486 253
boat 0.0033 13 129 330 254
boat 0.0031 3 47 190 341
boat 0.0016 0 272 11 349
boat 0.0013 -3 118 185 271
person 0.0094 442 334 492 399
person 0.0026 290 206 299 237
person 0.0022 126 163 149 223
person 0.0015 287 192 303 234
person 0.0014 100 125 115 146
person 0.0011 358 267 431 335
person 0.0011 296 207 306 235
pottedplant 0.0147 411 213 500 276
pottedplant 0.0133 442 198 497 270
pottedplant 0.0124 442 334 492 399
pottedplant 0.0062 474 221 499 265
pottedplant 0.0050 474 353 498 401
pottedplant 0.0045 450 208 478 256
pottedplant 0.0015 202 335 320 392
pottedplant 0.0012 460 209 488 256
train 0.0027 27 95 460 291
