car 0.0011 442 76 499 225
dog 0.0016 445 96 497 231
horse 0.9973 10 65 288 246
horse 0.0201 88 91 312 224
horse 0.0073 444 116 499 236
horse 0.0021 20 65 181 216
motorbike 0.0012 444 116 499 236
person 0.9249 92 20 169 149
person 0.8829 445 96 497 231
person 0.0506 445 82 496 171
person 0.0467 470 92 498 233
person 0.0083 474 77 499 176
person 0.0080 435 101 479 224
person 0.0041 236 158 255 230
person 0.0016 90 23 161 84
person 0.0015 490 62 499 198
person 0.0014 433 111 481 150
person 0.0012 461 64 503 260
person 0.0010 267 179 280 230
person 0.0010 444 80 495 357
person 0.0010 350 171 372 184
train 0.0136 278 161 475 199
train 0.0017 283 126 467 214
