bottle 0.0133 141 43 155 71
bottle 0.0132 106 46 152 89
bottle 0.0121 143 38 156 61
bottle 0.0072 123 39 136 59
bottle 0.0071 133 45 147 70
bottle 0.0057 132 39 146 60
bottle 0.0051 95 48 108 68
bottle 0.0050 102 44 115 71
bottle 0.0049 151 43 164 69
bottle 0.0037 116 41 143 77
bottle 0.0036 156 48 176 65
bottle 0.0030 130 41 150 77
bottle 0.0030 101 45 120 87
bottle 0.0027 228 48 243 65
bottle 0.0026 121 46 139 68
bottle 0.0022 103 51 117 80
bottle 0.0018 189 58 333 262
bottle 0.0014 0 183 10 258
bottle 0.0014 19 194 85 228
bottle 0.0014 138 44 157 86
bottle 0.0011 95 54 109 76
car 0.0054 476 57 499 117
car 0.0010 451 61 497 110
chair 0.8604 183 60 332 316
chair 0.0137 -5 246 255 381
chair 0.0114 401 131 506 378
chair 0.0046 180 86 271 296
chair 0.0039 383 162 446 348
chair 0.0032 164 45 228 67
chair 0.0019 339 199 445 382
chair 0.0017 328 138 486 375
chair 0.0015 188 225 328 382
chair 0.0014 108 56 150 94
diningtable 0.0016 401 131 506 378
diningtable 0.0012 164 45 228 67
diningtable 0.0010 189 58 333 262
person 0.0014 483 54 501 122
person 0.0013 106 46 152 89
person 0.0011 183 42 337 280
person 0.0010 0 183 10 258
pottedplant 0.1283 106 46 152 89
pottedplant 0.0055 101 45 120 87
pottedplant 0.0055 189 58 333 262
pottedplant 0.0044 104 65 152 103
pottedplant 0.0042 95 48 108 68
pottedplant 0.0032 102 44 115 71
pottedplant 0.0023 104 55 153 140
pottedplant 0.0019 155 46 219 67
pottedplant 0.0015 103 51 117 80
pottedplant 0.0014 92 44 146 74
pottedplant 0.0014 116 41 143 77
sofa 0.0040 -5 246 255 381
sofa 0.0023 401 131 506 378
sofa 0.0020 155 46 219 67
sofa 0.0015 5 88 161 218
sofa 0.0011 191 67 329 360
tvmonitor 0.8583 338 17 437 139
tvmonitor 0.1898 345 28 407 124
tvmonitor 0.1166 5 88 161 218
tvmonitor 0.0418 476 57 499 117
tvmonitor 0.0125 155 46 219 67
tvmonitor 0.0088 -6 274 251 381
tvmonitor 0.0075 483 65 501 128
tvmonitor 0.0062 444 31 497 133
tvmonitor 0.0043 452 69 497 119
tvmonitor 0.0030 384 22 436 134
tvmonitor 0.0027 69 40 93 73
tvmonitor 0.0023 131 37 235 81
tvmonitor 0.0019 337 179 415 333
tvmonitor 0.0012 476 3 500 123
tvmonitor 0.0012 152 34 221 63
tvmonitor 0.0011 453 17 498 58
tvmonitor 0.0011 449 61 479 112
