aeroplane 0.0120 176 214 201 229
aeroplane 0.0057 167 209 209 229
aeroplane 0.0017 -3 198 92 353
bicycle 0.0029 315 225 327 248
bird 0.0042 -1 -22 114 330
bird 0.0016 -4 214 91 373
bird 0.0010 0 -15 65 253
boat 0.9413 189 14 359 253
boat 0.1981 -3 198 92 353
boat 0.1205 85 184 115 238
boat 0.1190 117 205 179 235
boat 0.0624 176 214 201 229
boat 0.0447 156 200 180 236
boat 0.0349 152 206 202 232
boat 0.0260 337 216 363 229
boat 0.0224 113 218 181 241
boat 0.0215 167 209 209 229
boat 0.0113 101 196 190 242
boat 0.0107 110 228 185 253
boat 0.0073 -2 60 92 374
boat 0.0033 77 193 106 242
boat 0.0027 72 181 112 225
boat 0.0025 102 79 158 113
boat 0.0024 328 210 372 230
boat 0.0023 -1 233 66 384
boat 0.0021 329 216 355 229
boat 0.0021 477 58 498 218
boat 0.0020 346 217 369 227
boat 0.0020 61 182 121 242
boat 0.0018 91 65 147 104
boat 0.0018 184 220 207 232
boat 0.0017 448 196 500 226
boat 0.0016 132 199 185 229
boat 0.0016 105 240 193 257
boat 0.0015 75 82 126 105
boat 0.0014 489 150 500 234
boat 0.0012 491 189 499 216
boat 0.0011 367 190 506 234
boat 0.0010 339 221 361 233
bus 0.0019 184 215 206 229
car 0.0159 184 215 206 229
car 0.0083 -4 120 94 357
car 0.0015 316 219 325 245
car 0.0012 -5 235 88 382
chair 0.0026 -3 198 92 353
chair 0.0011 -2 60 92 374
motorbike 0.0012 316 219 325 245
person 0.1659 -2 -22 108 389
person 0.1498 316 219 325 245
person 0.0268 -2 45 64 382
person 0.0077 -4 214 91 373
person 0.0069 274 226 289 248
person 0.0051 308 220 319 245
person 0.0050 314 212 328 248
person 0.0036 273 211 292 248
person 0.0028 323 222 333 240
person 0.0025 317 211 326 237
person 0.0018 283 230 299 244
person 0.0016 184 215 206 229
person 0.0013 0 250 26 380
person 0.0011 0 171 24 343
person 0.0010 85 184 115 238
pottedplant 0.0020 316 219 325 245
sofa 0.0029 -4 214 91 373
train 0.0048 -4 214 91 373
train 0.0015 167 209 209 229
train 0.0014 85 184 115 238
train 0.0013 184 215 206 229
tvmonitor 0.0090 -3 198 92 353
