aeroplane 0.2467 143 170 258 217
aeroplane 0.1053 153 177 219 210
aeroplane 0.0387 147 185 208 218
aeroplane 0.0185 119 143 302 222
aeroplane 0.0079 238 138 250 155
aeroplane 0.0051 235 152 256 169
aeroplane 0.0047 237 141 252 162
aeroplane 0.0040 203 147 312 214
aeroplane 0.0030 170 186 240 214
aeroplane 0.0029 233 135 255 169
aeroplane 0.0025 232 144 258 179
aeroplane 0.0010 136 110 359 212
bicycle 0.0017 153 184 219 217
bird 0.0933 141 253 171 270
bird 0.0126 238 138 250 155
bird 0.0034 237 141 252 162
bird 0.0026 233 135 255 169
bird 0.0011 235 152 256 169
boat 0.0011 141 253 171 270
boat 0.0011 153 177 219 210
bus 0.0013 283 173 302 190
car 0.0180 153 184 219 217
car 0.0050 283 173 302 190
car 0.0032 284 167 299 182
car 0.0013 146 189 193 217
cat 0.0011 141 253 171 270
cow 0.0188 141 253 171 270
dog 0.0264 141 253 171 270
horse 0.0024 141 253 171 270
person 0.0062 283 173 302 190
person 0.0054 141 253 171 270
person 0.0053 301 165 317 217
person 0.0044 284 167 299 182
person 0.0026 306 169 316 197
person 0.0023 278 168 306 215
person 0.0021 277 173 291 190
person 0.0020 297 173 309 192
person 0.0010 423 192 435 209
pottedplant 0.0036 283 173 302 190
pottedplant 0.0027 284 167 299 182
sheep 0.0375 141 253 171 270
train 0.0028 153 184 219 217
