bicycle 0.0133 206 145 245 248
bicycle 0.0081 75 124 238 258
bicycle 0.0011 332 137 418 297
bottle 0.0010 302 160 441 311
car 0.0032 73 101 239 253
car 0.0017 0 -20 99 219
chair 0.0548 330 161 418 305
chair 0.0265 206 145 245 248
chair 0.0068 316 164 483 313
chair 0.0046 292 158 379 315
diningtable 0.0015 302 155 410 313
diningtable 0.0012 323 265 501 322
horse 0.0010 66 114 189 272
motorbike 0.9070 69 118 209 264
motorbike 0.0065 58 60 256 271
motorbike 0.0030 63 65 154 249
person 0.0052 66 98 209 259
person 0.0012 63 65 154 249
