aeroplane 0.0017 14 -15 378 303
boat 0.0029 14 -15 378 303
bottle 0.0085 126 0 381 290
bottle 0.0010 155 -4 297 99
car 0.0042 14 -15 378 303
chair 0.0379 11 45 381 337
chair 0.0021 152 -25 395 313
chair 0.0018 116 170 394 334
chair 0.0013 60 242 334 334
chair 0.0011 165 -5 340 98
motorbike 0.0012 14 -15 378 303
person 0.9915 109 4 392 333
person 0.0065 56 24 276 317
person 0.0012 225 55 390 332
person 0.0012 345 18 390 241
sofa 0.0020 11 45 381 337
train 0.0011 14 -15 378 303
tvmonitor 0.0821 14 -15 378 303
