bicycle 0.7692 1 226 89 359
bicycle 0.1466 38 248 90 343
bicycle 0.1223 45 148 120 284
bicycle 0.0089 67 234 215 373
bicycle 0.0078 17 169 114 333
bicycle 0.0029 50 212 118 288
bicycle 0.0020 75 185 123 280
bicycle 0.0010 88 281 243 371
bottle 0.0024 33 174 52 248
bus 0.2190 9 -13 334 229
bus 0.1574 358 0 499 286
bus 0.0088 8 88 164 215
bus 0.0055 -6 -24 137 238
bus 0.0043 0 67 91 141
bus 0.0043 -1 0 92 158
bus 0.0025 51 11 296 148
bus 0.0022 2 7 193 150
bus 0.0014 43 -52 517 275
car 0.4951 359 118 497 266
car 0.1650 333 -2 504 286
car 0.1253 40 106 122 251
car 0.0074 87 149 134 195
car 0.0062 25 113 106 205
car 0.0054 273 125 461 250
car 0.0049 81 134 129 223
car 0.0038 71 143 131 182
car 0.0038 261 91 468 355
car 0.0034 56 139 148 217
car 0.0032 0 83 132 222
car 0.0026 63 119 139 273
car 0.0025 0 67 91 141
car 0.0024 65 124 117 162
car 0.0018 8 98 94 176
car 0.0018 -5 146 132 300
car 0.0012 0 108 56 296
car 0.0011 41 95 83 139
car 0.0010 35 105 129 174
motorbike 0.5220 -1 192 90 353
motorbike 0.2259 45 148 120 284
motorbike 0.0203 91 228 231 376
motorbike 0.0172 38 248 90 343
motorbike 0.0085 17 169 114 333
motorbike 0.0045 1 132 57 362
motorbike 0.0037 39 132 123 226
motorbike 0.0019 43 129 95 258
motorbike 0.0018 19 258 81 359
motorbike 0.0015 76 165 126 268
motorbike 0.0013 63 119 139 273
person 0.9454 0 120 54 350
person 0.9281 278 104 379 370
person 0.8785 188 101 239 374
person 0.5251 35 103 106 254
person 0.4814 99 92 198 380
person 0.1473 176 102 235 263
person 0.0530 0 121 27 347
person 0.0466 357 136 436 294
person 0.0459 39 99 90 180
person 0.0275 3 110 89 288
person 0.0188 -1 108 26 209
person 0.0169 -1 192 90 353
person 0.0153 133 106 228 364
person 0.0146 3 114 50 241
person 0.0139 195 101 235 218
person 0.0139 6 88 91 154
person 0.0126 363 -19 498 261
person 0.0114 180 97 230 182
person 0.0095 265 118 332 359
person 0.0074 0 102 48 178
person 0.0066 41 95 83 139
person 0.0055 39 110 66 159
person 0.0048 171 122 184 148
person 0.0043 168 118 202 240
person 0.0037 9 78 94 210
person 0.0036 20 150 118 315
person 0.0034 337 135 415 332
person 0.0033 26 108 76 205
person 0.0031 0 -4 52 92
person 0.0030 25 131 67 264
person 0.0027 492 229 500 346
person 0.0026 46 103 76 149
person 0.0025 163 92 238 154
person 0.0023 114 103 165 173
person 0.0023 268 122 385 255
person 0.0023 19 1 72 86
person 0.0022 174 118 197 168
person 0.0022 167 122 185 165
person 0.0020 184 101 206 146
person 0.0020 44 160 95 274
person 0.0020 -1 104 29 147
person 0.0019 385 165 434 297
person 0.0019 205 113 229 177
person 0.0019 261 91 468 355
person 0.0018 74 110 173 322
person 0.0017 0 -6 25 100
person 0.0017 165 99 206 177
person 0.0015 19 127 43 178
person 0.0015 198 87 236 158
person 0.0014 271 167 293 234
person 0.0014 52 113 110 208
person 0.0011 175 100 199 150
person 0.0011 477 68 499 245
person 0.0011 188 112 281 392
person 0.0011 187 110 203 135
person 0.0011 272 145 308 243
person 0.0010 0 134 10 229
tvmonitor 0.0042 19 1 72 86
tvmonitor 0.0017 0 -4 52 92
tvmonitor 0.0015 2 -4 87 137
