bottle 0.0742 457 179 476 242
bottle 0.0652 460 179 472 206
bottle 0.0157 480 188 495 237
bottle 0.0096 30 170 74 215
bottle 0.0072 464 181 486 240
bottle 0.0046 264 183 319 220
bottle 0.0028 482 205 492 236
bottle 0.0026 486 181 498 245
bottle 0.0021 488 188 498 222
bottle 0.0014 466 181 481 206
bottle 0.0011 491 177 499 212
cat 0.0041 264 183 319 220
chair 0.6489 355 183 433 277
chair 0.2850 93 45 348 279
chair 0.0583 113 153 382 277
chair 0.0313 412 207 495 279
chair 0.0084 253 148 402 274
chair 0.0045 443 181 493 278
chair 0.0017 0 222 12 295
chair 0.0014 330 179 476 280
chair 0.0013 95 205 348 280
chair 0.0012 208 207 447 278
chair 0.0011 409 183 453 277
chair 0.0010 258 182 310 222
diningtable 0.0162 315 203 488 279
diningtable 0.0104 208 207 447 278
diningtable 0.0097 412 207 495 279
diningtable 0.0060 361 186 453 277
diningtable 0.0055 113 153 382 277
diningtable 0.0029 93 45 348 279
diningtable 0.0020 -1 179 104 273
diningtable 0.0020 286 161 441 276
diningtable 0.0014 443 181 493 278
dog 0.0071 264 183 319 220
dog 0.0021 265 145 372 233
person 0.9978 105 0 373 283
person 0.2247 253 148 402 274
person 0.2103 265 145 372 233
person 0.0685 113 153 382 277
person 0.0104 330 179 476 280
person 0.0094 264 183 319 220
person 0.0056 298 171 345 216
person 0.0048 297 183 326 219
person 0.0019 28 164 104 214
person 0.0016 283 130 439 255
person 0.0016 301 193 322 214
person 0.0015 211 4 431 281
person 0.0013 267 196 338 223
pottedplant 0.0531 30 170 74 215
sofa 0.0852 103 45 380 281
sofa 0.0022 174 149 399 275
tvmonitor 0.0026 1 210 11 291
tvmonitor 0.0012 89 -4 348 244
