bottle 0.7766 147 197 200 320
bottle 0.4342 99 207 134 310
bottle 0.0588 153 180 201 271
bottle 0.0369 89 195 124 298
bottle 0.0277 106 224 127 307
bottle 0.0128 150 231 165 318
bottle 0.0104 153 250 176 313
bottle 0.0074 143 155 246 356
bottle 0.0061 118 200 159 314
bottle 0.0060 132 173 197 375
bottle 0.0055 138 192 218 258
bottle 0.0055 101 210 118 301
bottle 0.0046 138 237 211 311
bottle 0.0031 68 208 103 310
bottle 0.0019 174 186 197 246
bottle 0.0019 148 239 182 340
bottle 0.0019 65 54 262 503
bottle 0.0019 179 199 205 252
bottle 0.0018 177 188 214 293
bottle 0.0018 167 175 188 236
bottle 0.0016 88 182 147 334
bottle 0.0012 80 214 158 298
chair 0.5993 251 332 344 496
chair 0.0331 65 54 262 503
chair 0.0042 173 327 332 503
chair 0.0028 26 377 309 498
chair 0.0026 83 329 258 498
diningtable 0.0095 251 332 344 496
diningtable 0.0017 26 377 309 498
person 0.9971 52 8 268 496
person 0.0038 112 146 281 502
person 0.0031 144 159 246 392
person 0.0010 12 233 262 502
sofa 0.0090 254 348 342 502
