bottle 0.0685 283 249 293 279
bottle 0.0109 288 213 308 276
bottle 0.0084 284 220 295 246
bottle 0.0071 290 213 303 239
bottle 0.0069 290 250 303 277
bottle 0.0049 281 226 298 284
bottle 0.0045 155 233 169 259
bottle 0.0044 359 228 371 243
bottle 0.0037 298 229 317 278
bottle 0.0034 242 260 256 286
bottle 0.0031 261 212 272 242
bottle 0.0025 4 202 17 227
bottle 0.0025 340 236 352 256
bottle 0.0025 301 249 314 277
bottle 0.0024 281 258 294 283
bottle 0.0020 283 214 298 240
bottle 0.0017 357 235 372 254
bottle 0.0016 301 240 313 269
bottle 0.0015 300 231 313 258
bottle 0.0013 253 215 267 239
bottle 0.0012 3 196 20 236
bottle 0.0010 346 235 365 253
chair 0.9609 3 314 195 498
chair 0.3175 218 282 377 453
chair 0.2716 -10 274 317 481
chair 0.1603 334 248 376 297
chair 0.1375 57 271 140 443
chair 0.0833 313 252 375 421
chair 0.0691 170 252 263 462
chair 0.0632 59 272 137 349
chair 0.0373 129 239 226 468
chair 0.0261 83 251 192 462
chair 0.0255 303 253 330 293
chair 0.0108 204 261 300 454
chair 0.0104 -5 332 99 495
chair 0.0082 315 256 357 292
chair 0.0070 328 249 373 345
chair 0.0065 144 251 249 302
chair 0.0059 146 255 199 296
chair 0.0057 110 239 206 310
chair 0.0053 152 254 196 330
chair 0.0040 113 249 159 333
chair 0.0040 192 201 242 282
chair 0.0040 246 243 340 435
chair 0.0038 346 235 365 253
chair 0.0034 244 243 290 284
chair 0.0029 296 245 373 301
chair 0.0026 350 255 378 419
chair 0.0024 173 229 253 290
chair 0.0023 176 251 226 294
chair 0.0023 299 241 318 285
chair 0.0022 352 257 374 305
chair 0.0021 59 262 177 329
chair 0.0021 357 235 372 254
chair 0.0018 64 235 382 450
chair 0.0017 68 278 123 326
chair 0.0017 341 233 371 275
chair 0.0016 241 244 262 284
chair 0.0016 323 240 349 292
chair 0.0015 302 262 349 299
chair 0.0015 242 260 256 286
chair 0.0013 168 261 258 326
chair 0.0013 168 248 215 284
chair 0.0012 131 255 228 328
chair 0.0012 195 228 274 415
chair 0.0012 359 228 371 243
chair 0.0012 193 254 246 290
chair 0.0011 308 250 359 342
chair 0.0010 238 231 317 283
chair 0.0010 131 470 196 499
diningtable 0.9951 -1 290 380 488
diningtable 0.0154 -20 302 191 498
diningtable 0.0120 313 252 375 421
diningtable 0.0106 227 271 374 410
diningtable 0.0076 334 248 376 297
diningtable 0.0054 188 261 397 470
diningtable 0.0042 107 268 346 403
diningtable 0.0030 43 285 260 465
diningtable 0.0029 170 252 263 462
diningtable 0.0017 83 251 192 462
diningtable 0.0016 296 245 373 301
diningtable 0.0015 248 234 333 284
diningtable 0.0011 129 239 226 468
diningtable 0.0010 304 254 348 295
person 0.0046 -7 271 220 486
person 0.0031 253 215 267 239
person 0.0024 261 212 272 242
person 0.0023 359 228 371 243
person 0.0015 245 215 258 239
person 0.0012 249 210 270 256
pottedplant 0.0811 108 233 160 275
pottedplant 0.0748 113 234 162 315
pottedplant 0.0050 120 232 166 262
pottedplant 0.0044 177 246 224 283
pottedplant 0.0042 106 233 206 289
pottedplant 0.0040 187 255 235 290
pottedplant 0.0029 120 240 166 287
pottedplant 0.0028 290 213 303 239
pottedplant 0.0025 359 228 371 243
pottedplant 0.0020 155 233 169 259
pottedplant 0.0018 284 220 295 246
pottedplant 0.0018 4 202 17 227
pottedplant 0.0015 3 196 20 236
pottedplant 0.0012 346 235 365 253
pottedplant 0.0011 283 214 298 240
pottedplant 0.0010 287 212 307 256
sofa 0.0029 -10 274 317 481
sofa 0.0015 334 248 376 297
tvmonitor 0.0014 346 235 365 253
