boat 0.0011 3 71 81 291
person 0.0022 -1 93 20 300
person 0.0011 2 104 48 211
pottedplant 0.0010 0 102 60 322
tvmonitor 0.9993 40 16 449 374
tvmonitor 0.0269 437 -49 497 334
tvmonitor 0.0082 269 14 448 354
tvmonitor 0.0071 3 71 81 291
tvmonitor 0.0058 321 51 423 303
tvmonitor 0.0042 399 -17 464 300
tvmonitor 0.0035 298 59 371 297
tvmonitor 0.0031 0 97 22 257
tvmonitor 0.0028 31 25 257 343
tvmonitor 0.0027 2 104 48 211
tvmonitor 0.0023 -1 -12 62 254
tvmonitor 0.0010 372 20 451 336
tvmonitor 0.0010 -1 127 58 338
