boat 0.8716 115 92 473 223
boat 0.1801 39 156 164 263
boat 0.0899 19 126 410 248
boat 0.0832 30 125 73 148
boat 0.0427 37 128 64 145
boat 0.0307 96 113 226 157
boat 0.0278 27 131 95 151
boat 0.0167 33 124 107 148
boat 0.0151 35 134 67 149
boat 0.0107 45 149 161 210
boat 0.0104 39 190 133 269
boat 0.0101 20 167 309 258
boat 0.0092 113 132 184 155
boat 0.0077 239 353 289 374
boat 0.0075 32 118 59 152
boat 0.0060 79 112 174 162
boat 0.0059 164 105 229 144
boat 0.0055 58 164 182 230
boat 0.0043 38 113 134 160
boat 0.0039 234 337 292 376
boat 0.0035 43 166 118 197
boat 0.0032 248 227 385 278
boat 0.0030 247 359 281 373
boat 0.0029 112 122 200 150
boat 0.0029 120 94 236 146
boat 0.0028 113 166 477 262
boat 0.0027 107 64 220 140
boat 0.0024 154 98 220 134
boat 0.0024 335 251 386 287
boat 0.0023 432 349 498 379
boat 0.0018 18 50 484 315
boat 0.0017 33 159 115 237
boat 0.0016 212 213 382 266
boat 0.0016 88 175 151 207
boat 0.0016 131 68 462 174
boat 0.0015 83 184 195 245
boat 0.0015 54 204 187 262
boat 0.0015 299 86 482 204
boat 0.0014 106 117 133 169
boat 0.0013 411 268 466 308
boat 0.0012 97 121 196 183
boat 0.0010 81 166 138 200
boat 0.0010 25 113 93 143
boat 0.0010 272 232 334 268
boat 0.0010 36 173 106 210
bus 0.0022 434 343 495 369
car 0.0112 434 343 495 369
car 0.0013 421 351 492 377
person 0.0017 257 327 269 346
train 0.0034 434 343 495 369
