bottle 0.0048 389 144 407 164
bottle 0.0018 378 146 398 164
bottle 0.0016 401 143 415 164
chair 0.2886 227 157 286 240
chair 0.1350 110 225 398 337
chair 0.1228 0 219 127 330
chair 0.0343 179 172 231 210
chair 0.0255 228 118 283 205
chair 0.0146 167 163 238 224
chair 0.0127 218 139 271 224
chair 0.0126 133 161 234 278
chair 0.0070 -2 175 50 253
chair 0.0066 143 217 253 282
chair 0.0056 206 114 286 240
chair 0.0047 -4 216 51 331
chair 0.0041 -1 211 47 263
chair 0.0040 -1 129 90 267
chair 0.0029 -22 233 285 336
chair 0.0027 1 214 27 330
chair 0.0025 217 170 270 248
chair 0.0024 -1 161 46 202
chair 0.0020 -1 133 50 213
chair 0.0018 44 268 380 341
chair 0.0017 -1 272 128 338
chair 0.0017 264 150 285 211
chair 0.0017 256 131 287 224
chair 0.0014 151 201 283 267
chair 0.0013 -2 134 61 334
chair 0.0012 164 171 277 250
chair 0.0010 229 168 279 213
chair 0.0010 116 165 308 260
diningtable 0.0188 205 161 287 237
diningtable 0.0029 179 172 231 210
diningtable 0.0017 110 225 398 337
diningtable 0.0011 228 135 284 225
pottedplant 0.0047 265 130 283 195
pottedplant 0.0017 0 109 49 204
pottedplant 0.0013 220 29 288 208
pottedplant 0.0011 0 120 10 200
sofa 0.6809 110 225 398 337
sofa 0.0818 0 219 127 330
sofa 0.0094 0 175 88 255
sofa 0.0054 -2 153 89 317
sofa 0.0048 -22 233 285 336
sofa 0.0039 179 172 231 210
sofa 0.0038 44 268 380 341
sofa 0.0026 -22 165 373 335
sofa 0.0024 134 214 233 284
sofa 0.0020 -3 196 48 268
sofa 0.0017 116 165 308 260
sofa 0.0010 205 161 287 237
tvmonitor 0.9894 350 88 427 157
tvmonitor 0.0444 362 92 418 136
tvmonitor 0.0059 179 172 231 210
tvmonitor 0.0036 223 119 266 166
tvmonitor 0.0021 -3 196 48 268
tvmonitor 0.0019 0 175 88 255
