aeroplane 0.0043 0 174 46 209
aeroplane 0.0035 85 133 412 276
boat 0.8089 93 127 408 252
boat 0.0047 71 22 430 272
boat 0.0040 399 130 473 180
boat 0.0017 66 133 428 352
boat 0.0011 408 4 497 174
bus 0.0012 402 145 471 179
car 0.0348 402 145 471 179
car 0.0085 21 186 44 201
car 0.0050 0 174 46 209
car 0.0017 74 161 127 185
car 0.0017 76 119 417 296
car 0.0017 118 153 137 171
car 0.0015 21 192 46 205
car 0.0013 119 147 135 167
car 0.0012 465 168 487 182
car 0.0011 52 155 74 170
person 0.0059 119 147 135 167
person 0.0029 118 153 137 171
person 0.0020 113 154 130 172
person 0.0016 404 137 470 177
train 0.0029 85 133 412 276
train 0.0010 407 129 488 181
