bird 0.0054 105 143 219 412
bird 0.0011 146 467 318 499
bottle 0.0010 365 477 380 499
car 0.0051 271 462 385 501
cat 0.0036 217 473 283 501
cat 0.0016 234 470 303 501
cat 0.0014 170 469 252 502
cat 0.0013 96 208 224 499
cat 0.0012 146 467 318 499
cow 0.0184 225 471 293 501
cow 0.0037 170 469 252 502
cow 0.0020 106 124 239 474
cow 0.0019 211 484 287 500
cow 0.0016 146 467 318 499
dog 0.0157 225 471 293 501
dog 0.0128 154 454 315 499
dog 0.0029 170 469 252 502
dog 0.0025 96 208 224 499
dog 0.0024 181 468 360 499
dog 0.0023 98 468 293 498
dog 0.0019 99 439 354 502
dog 0.0018 236 459 301 494
dog 0.0018 218 484 299 500
horse 0.0021 225 471 293 501
motorbike 0.0010 242 450 385 499
person 0.8739 100 147 223 487
person 0.6967 249 173 373 481
person 0.5230 286 448 378 497
person 0.0260 154 454 315 499
person 0.0222 211 452 375 498
person 0.0208 217 473 283 501
person 0.0182 100 129 217 318
person 0.0154 79 454 273 498
person 0.0151 0 328 37 498
person 0.0075 313 162 373 471
person 0.0057 234 470 303 501
person 0.0043 218 484 299 500
person 0.0037 31 438 125 497
person 0.0025 91 164 348 487
person 0.0024 38 448 205 498
person 0.0022 353 450 377 499
person 0.0019 0 333 40 419
person 0.0015 257 213 329 491
person 0.0015 249 457 308 496
person 0.0015 148 152 234 400
person 0.0014 223 461 295 495
person 0.0013 365 477 380 499
person 0.0013 307 445 429 499
person 0.0011 61 390 239 502
person 0.0011 330 453 381 498
person 0.0011 234 486 264 500
person 0.0010 238 145 318 450
person 0.0010 363 486 382 500
sheep 0.0246 96 208 224 499
sheep 0.0033 146 467 318 499
sheep 0.0018 225 471 293 501
sheep 0.0016 233 465 393 500
sheep 0.0016 64 438 313 500
sheep 0.0015 161 470 242 503
sheep 0.0010 106 400 343 497
sheep 0.0010 61 390 239 502
sofa 0.0068 103 146 240 490
