cat 0.7486 97 95 454 296
cat 0.0231 99 96 335 205
cat 0.0204 23 141 476 373
cat 0.0168 4 252 168 375
cat 0.0025 -3 89 178 377
chair 0.0458 369 3 496 136
chair 0.0304 22 19 480 358
chair 0.0099 132 -16 372 95
chair 0.0068 67 100 441 288
chair 0.0049 247 -4 491 135
chair 0.0042 138 -49 512 136
cow 0.0012 4 252 168 375
diningtable 0.0014 369 3 496 136
dog 0.4012 97 95 454 296
dog 0.0481 4 252 168 375
dog 0.0149 23 141 476 373
dog 0.0102 116 94 391 218
dog 0.0052 -3 137 183 374
dog 0.0010 51 264 161 326
person 0.0029 7 274 170 378
person 0.0019 407 0 500 129
person 0.0017 23 141 476 373
sheep 0.0258 4 252 168 375
sheep 0.0021 48 99 461 335
sheep 0.0019 -3 89 178 377
sofa 0.0351 48 99 461 335
sofa 0.0014 369 3 496 136
