bicycle 0.0014 270 108 489 371
bottle 0.0087 143 52 157 82
bottle 0.0066 306 44 320 72
bottle 0.0056 151 51 162 84
bottle 0.0053 90 56 113 97
bottle 0.0041 172 48 190 87
bottle 0.0020 305 54 319 80
bottle 0.0014 490 201 500 299
bottle 0.0014 238 44 251 74
bottle 0.0012 295 56 312 78
bottle 0.0012 129 7 145 31
bottle 0.0011 302 46 322 85
bottle 0.0010 246 0 264 22
bottle 0.0010 176 54 194 80
chair 0.9925 303 123 494 380
chair 0.0093 6 213 169 377
chair 0.0037 474 144 498 288
chair 0.0029 0 250 26 372
chair 0.0013 -2 200 56 376
chair 0.0013 0 279 46 371
chair 0.0013 438 125 499 308
chair 0.0012 0 169 19 382
diningtable 0.0018 270 108 489 371
person 0.0067 270 108 489 371
person 0.0023 295 56 312 78
pottedplant 0.0134 304 39 323 78
pottedplant 0.0113 250 1 278 36
pottedplant 0.0038 89 52 114 87
pottedplant 0.0026 246 0 264 22
pottedplant 0.0014 259 -1 285 39
pottedplant 0.0013 293 40 332 77
pottedplant 0.0012 305 39 319 62
pottedplant 0.0011 243 3 267 50
pottedplant 0.0010 254 0 275 24
pottedplant 0.0010 240 8 285 46
pottedplant 0.0010 222 0 262 75
sofa 0.0027 270 108 489 371
tvmonitor 0.9730 248 86 325 164
tvmonitor 0.7958 171 84 246 182
tvmonitor 0.0018 324 100 357 149
tvmonitor 0.0015 271 49 316 83
tvmonitor 0.0010 295 56 312 78
