car 0.5198 223 46 435 162
car 0.1178 55 31 450 278
car 0.0431 261 60 453 220
car 0.0038 111 36 314 168
car 0.0032 322 52 470 175
car 0.0028 94 29 414 132
car 0.0021 157 72 420 205
car 0.0015 89 23 250 135
car 0.0012 96 54 189 139
car 0.0011 65 33 210 176
motorbike 0.9980 47 87 461 346
motorbike 0.0318 53 17 377 283
motorbike 0.0068 82 31 256 172
motorbike 0.0042 110 39 405 163
motorbike 0.0018 47 41 235 333
motorbike 0.0016 255 67 447 304
person 0.0042 37 56 400 333
person 0.0019 182 70 448 317
person 0.0010 159 43 433 162
pottedplant 0.1782 0 -8 100 83
pottedplant 0.0049 0 -12 96 174
pottedplant 0.0010 14 6 181 140
