cow 0.8723 83 96 334 249
cow 0.1887 -2 85 108 234
cow 0.1124 157 89 493 274
cow 0.0308 8 113 114 198
cow 0.0145 27 110 237 240
cow 0.0106 62 118 110 199
cow 0.0101 0 88 27 227
cow 0.0061 450 166 500 188
cow 0.0027 44 112 126 173
cow 0.0026 0 108 45 235
cow 0.0018 -9 -130 104 92
cow 0.0017 357 173 385 186
cow 0.0016 450 170 480 185
cow 0.0013 0 103 66 280
cow 0.0011 0 24 64 218
cow 0.0010 -3 75 283 278
horse 0.0018 -2 85 108 234
sheep 0.0086 450 166 500 188
sheep 0.0040 -2 85 108 234
sheep 0.0038 0 88 27 227
sheep 0.0035 450 170 480 185
sheep 0.0027 357 173 385 186
