bicycle 0.0155 337 179 383 213
bicycle 0.0017 318 179 363 214
bicycle 0.0013 360 188 379 210
bird 0.0011 308 163 317 184
bottle 0.0077 305 167 319 189
bottle 0.0054 326 167 339 194
bottle 0.0042 342 190 359 210
bottle 0.0039 308 163 317 184
bottle 0.0022 332 177 347 202
bottle 0.0021 325 165 354 212
bottle 0.0019 332 189 350 209
bottle 0.0018 325 177 340 201
bottle 0.0017 331 168 346 192
bottle 0.0015 322 159 344 201
bottle 0.0012 314 169 331 190
bottle 0.0012 352 163 369 182
bus 0.0017 299 132 362 151
car 0.1659 433 139 480 159
car 0.1210 445 131 488 158
car 0.0549 453 140 481 157
car 0.0341 195 123 237 142
car 0.0237 338 136 363 150
car 0.0160 299 132 362 151
car 0.0110 330 135 357 149
car 0.0098 463 134 485 153
car 0.0093 215 124 237 139
car 0.0071 436 140 455 161
car 0.0053 127 115 171 150
car 0.0045 348 181 389 213
car 0.0041 326 134 373 152
car 0.0030 386 135 412 149
car 0.0029 368 134 390 152
car 0.0018 421 130 474 158
car 0.0016 373 133 424 153
car 0.0015 396 137 420 150
car 0.0013 443 135 470 153
car 0.0013 173 118 222 146
car 0.0011 431 142 448 158
car 0.0011 142 112 193 150
car 0.0011 190 124 241 155
car 0.0011 316 135 346 148
car 0.0011 192 121 222 139
cat 0.0094 286 180 378 264
cat 0.0066 172 191 221 284
cat 0.0039 288 176 335 223
chair 0.0049 354 179 385 214
chair 0.0021 325 165 354 212
chair 0.0017 360 188 379 210
chair 0.0015 326 180 374 213
chair 0.0014 342 190 359 210
chair 0.0012 305 167 319 189
chair 0.0012 346 168 392 213
chair 0.0011 308 163 317 184
cow 0.0131 127 115 171 150
cow 0.0065 172 191 221 284
cow 0.0036 289 192 378 266
diningtable 0.0052 318 166 363 213
diningtable 0.0017 348 181 389 213
diningtable 0.0014 326 180 374 213
dog 0.9382 289 192 378 266
dog 0.9320 172 191 221 284
dog 0.0098 320 163 346 211
dog 0.0088 329 173 381 257
dog 0.0060 288 176 335 223
dog 0.0050 327 166 374 216
dog 0.0049 337 179 383 213
dog 0.0044 294 170 376 227
dog 0.0036 353 165 383 214
dog 0.0014 298 170 346 209
dog 0.0013 305 167 319 189
dog 0.0013 318 179 363 214
dog 0.0011 313 166 356 227
dog 0.0010 367 155 385 207
horse 0.0318 286 180 378 264
horse 0.0223 174 203 220 288
horse 0.0119 346 168 392 213
horse 0.0066 127 115 171 150
horse 0.0017 354 179 385 214
horse 0.0015 336 164 381 224
motorbike 0.0168 346 168 392 213
motorbike 0.0021 433 139 480 159
motorbike 0.0020 354 179 385 214
motorbike 0.0020 318 166 363 213
motorbike 0.0015 127 115 171 150
person 0.9876 63 89 145 271
person 0.6017 322 159 344 201
person 0.4590 337 165 383 214
person 0.2039 326 161 339 187
person 0.2010 348 160 374 202
person 0.0935 325 165 354 212
person 0.0447 352 163 369 182
person 0.0416 304 176 362 265
person 0.0340 330 163 346 185
person 0.0338 368 139 385 183
person 0.0251 352 168 368 191
person 0.0233 367 155 385 207
person 0.0197 305 167 319 189
person 0.0179 308 163 317 184
person 0.0158 354 179 385 214
person 0.0147 354 154 382 191
person 0.0138 173 181 219 263
person 0.0102 359 160 378 181
person 0.0095 329 173 381 257
person 0.0094 286 169 337 210
person 0.0088 127 115 171 150
person 0.0077 310 163 337 198
person 0.0056 314 169 331 190
person 0.0052 337 163 366 199
person 0.0045 325 177 340 201
person 0.0044 370 155 383 185
person 0.0044 301 162 324 194
person 0.0043 294 170 376 227
person 0.0042 326 159 338 172
person 0.0036 342 163 361 181
person 0.0035 313 166 356 227
person 0.0035 326 180 374 213
person 0.0034 342 169 360 189
person 0.0029 329 157 371 191
person 0.0026 362 151 380 173
person 0.0024 360 188 379 210
person 0.0022 371 137 387 165
person 0.0021 332 177 347 202
person 0.0021 360 167 376 192
person 0.0020 353 177 368 203
person 0.0018 114 105 165 144
person 0.0016 361 178 377 203
person 0.0015 289 162 334 194
person 0.0015 436 140 455 161
person 0.0015 353 156 369 171
person 0.0012 142 112 193 150
person 0.0010 75 95 170 171
person 0.0010 124 108 168 195
person 0.0010 371 186 383 211
sheep 0.0018 172 191 221 284
sheep 0.0014 127 115 171 150
sofa 0.0011 327 166 374 216
train 0.0011 299 132 362 151
