bicycle 0.0045 8 7 488 313
boat 0.0014 0 50 495 321
bottle 0.0785 57 6 433 248
bottle 0.0109 143 26 225 85
bottle 0.0068 129 39 362 196
bottle 0.0033 111 66 461 312
bottle 0.0033 61 150 182 224
bottle 0.0031 356 114 402 156
bottle 0.0029 212 85 433 225
bottle 0.0018 49 80 298 220
bottle 0.0016 116 33 213 99
bottle 0.0014 325 94 488 230
bottle 0.0013 10 42 248 185
bottle 0.0012 243 62 349 270
car 0.0134 2 -30 497 283
chair 0.1141 2 -30 497 283
chair 0.0045 -4 15 356 235
chair 0.0010 111 66 461 312
diningtable 0.0050 8 7 488 313
dog 0.0033 95 21 468 305
motorbike 0.0496 0 50 495 321
motorbike 0.0013 57 6 433 248
person 0.9228 0 27 422 293
person 0.3271 180 74 469 316
person 0.0147 321 101 492 289
person 0.0124 1 16 264 236
person 0.0119 -2 68 210 322
person 0.0091 3 47 199 188
person 0.0034 74 43 348 191
person 0.0033 270 92 469 225
person 0.0020 126 82 368 225
person 0.0015 41 15 306 151
person 0.0011 13 120 237 256
pottedplant 0.0026 8 7 488 313
sofa 0.0039 2 -30 497 283
tvmonitor 0.0024 2 -30 497 283
