aeroplane 0.0338 386 55 409 70
aeroplane 0.0272 455 54 475 65
aeroplane 0.0236 139 45 159 55
aeroplane 0.0202 444 54 468 65
aeroplane 0.0114 383 60 400 70
aeroplane 0.0090 433 55 459 65
aeroplane 0.0090 423 55 450 65
aeroplane 0.0069 147 46 167 56
aeroplane 0.0038 462 52 486 64
aeroplane 0.0031 110 43 129 55
aeroplane 0.0030 389 56 422 67
aeroplane 0.0030 39 51 66 64
aeroplane 0.0022 400 55 434 66
aeroplane 0.0022 129 44 149 55
aeroplane 0.0022 40 43 64 59
aeroplane 0.0018 43 40 99 61
aeroplane 0.0012 117 44 139 54
aeroplane 0.0011 55 44 88 57
aeroplane 0.0010 383 52 432 68
aeroplane 0.0010 66 45 95 59
boat 0.5670 386 55 409 70
boat 0.4673 38 48 104 68
boat 0.2640 383 52 432 68
boat 0.2624 423 55 450 65
boat 0.2523 455 54 475 65
boat 0.1964 383 60 400 70
boat 0.1825 444 54 468 65
boat 0.1410 433 55 459 65
boat 0.1070 43 40 99 61
boat 0.0828 110 43 129 55
boat 0.0772 139 45 159 55
boat 0.0758 402 51 453 66
boat 0.0712 389 56 422 67
boat 0.0672 24 47 80 67
boat 0.0668 400 55 434 66
boat 0.0632 39 51 66 64
boat 0.0472 462 52 486 64
boat 0.0273 117 44 139 54
boat 0.0258 147 46 167 56
boat 0.0248 63 51 98 64
boat 0.0246 40 43 64 59
boat 0.0237 449 48 498 67
boat 0.0224 66 45 95 59
boat 0.0218 374 57 421 73
boat 0.0213 -1 45 46 71
boat 0.0168 129 44 149 55
boat 0.0155 44 51 79 63
boat 0.0140 27 39 78 62
boat 0.0135 393 60 422 70
boat 0.0132 423 52 469 66
boat 0.0107 63 48 117 66
boat 0.0106 32 52 56 64
boat 0.0106 46 43 76 57
boat 0.0104 55 44 88 57
boat 0.0102 102 43 117 56
boat 0.0089 89 51 109 63
boat 0.0087 368 52 413 70
boat 0.0080 205 46 226 57
boat 0.0070 197 46 215 56
boat 0.0067 89 45 108 58
boat 0.0061 76 46 102 59
boat 0.0054 101 40 154 58
boat 0.0047 456 60 476 70
boat 0.0045 0 47 9 70
boat 0.0044 382 58 452 73
boat 0.0042 -4 30 103 71
boat 0.0041 379 48 404 72
boat 0.0039 1 43 21 58
boat 0.0039 157 47 176 56
boat 0.0038 213 46 235 56
boat 0.0036 32 58 110 74
boat 0.0036 188 46 204 56
boat 0.0036 372 62 391 69
boat 0.0036 0 37 7 63
boat 0.0035 487 17 499 83
boat 0.0034 1 51 23 65
boat 0.0030 39 34 66 65
boat 0.0030 0 40 61 63
boat 0.0030 489 38 498 65
boat 0.0026 474 49 497 65
boat 0.0024 8 51 37 65
boat 0.0023 21 52 45 65
boat 0.0022 404 61 431 69
boat 0.0022 371 57 391 66
boat 0.0021 415 60 441 70
boat 0.0021 10 42 33 57
boat 0.0020 121 41 174 58
boat 0.0018 64 36 96 64
boat 0.0018 451 47 477 70
boat 0.0018 474 22 500 74
boat 0.0017 458 45 471 61
boat 0.0016 38 62 65 69
boat 0.0015 425 59 450 70
boat 0.0014 33 42 55 58
boat 0.0014 44 28 95 56
boat 0.0014 463 43 506 71
boat 0.0013 447 45 464 60
boat 0.0013 422 48 450 69
boat 0.0012 139 52 160 59
boat 0.0011 439 46 455 60
boat 0.0011 446 60 470 69
boat 0.0011 441 47 469 69
boat 0.0010 101 50 118 63
boat 0.0010 166 47 186 55
boat 0.0010 427 46 446 59
boat 0.0010 1 61 22 72
boat 0.0010 108 34 132 63
boat 0.0010 411 47 442 69
boat 0.0010 434 60 459 70
car 0.0039 455 54 475 65
car 0.0026 444 54 468 65
car 0.0015 433 55 459 65
car 0.0010 423 55 450 65
car 0.0010 386 55 409 70
person 0.0011 455 54 475 65
person 0.0011 386 55 409 70
