bottle 0.0076 392 12 439 104
bottle 0.0076 414 41 439 107
bottle 0.0058 478 4 501 151
bottle 0.0036 191 158 242 200
bottle 0.0031 175 168 237 209
bottle 0.0026 452 57 501 146
bottle 0.0023 450 -2 502 118
bottle 0.0021 476 -12 500 95
bottle 0.0016 393 45 421 101
bottle 0.0013 429 5 482 109
bottle 0.0012 476 64 497 122
bottle 0.0011 323 7 421 183
bottle 0.0010 488 48 499 157
bottle 0.0010 345 10 438 103
car 0.0013 -1 -8 499 340
cat 0.0023 115 21 207 158
cat 0.0010 175 161 266 217
chair 0.0095 1 -14 122 171
chair 0.0041 301 0 496 176
chair 0.0025 106 12 226 162
chair 0.0022 165 -7 488 198
chair 0.0010 -1 -9 60 167
diningtable 0.0213 -1 -8 499 340
diningtable 0.0014 301 0 496 176
diningtable 0.0011 1 -14 122 171
dog 0.9712 115 21 207 158
person 0.0016 175 161 266 217
person 0.0014 106 12 226 162
person 0.0011 489 54 499 170
person 0.0010 301 0 496 176
pottedplant 0.0100 175 168 237 209
pottedplant 0.0059 191 158 242 200
pottedplant 0.0014 257 148 301 209
pottedplant 0.0012 239 160 356 213
pottedplant 0.0010 276 41 357 186
sofa 0.0023 -1 -44 503 307
sofa 0.0019 165 -7 488 198
sofa 0.0011 301 0 496 176
