bicycle 0.0483 349 220 370 257
bicycle 0.0050 130 209 144 232
bicycle 0.0016 342 230 375 261
bicycle 0.0010 0 204 11 256
bicycle 0.0010 0 215 9 245
boat 0.0013 0 195 12 249
car 0.9719 206 208 264 232
car 0.2478 343 200 378 220
car 0.1345 198 212 253 241
car 0.0186 347 194 374 212
car 0.0158 349 195 375 249
car 0.0157 200 203 252 227
car 0.0089 0 195 12 249
car 0.0069 0 215 9 245
car 0.0068 372 199 388 217
car 0.0060 206 219 228 237
car 0.0058 0 205 10 235
car 0.0056 316 198 364 219
car 0.0040 349 220 370 257
car 0.0037 286 201 301 217
car 0.0035 216 204 253 220
car 0.0035 319 202 340 217
car 0.0034 343 194 363 211
car 0.0034 315 204 332 217
car 0.0027 344 196 392 245
car 0.0025 356 197 402 220
car 0.0025 369 195 388 211
car 0.0017 130 209 144 232
car 0.0017 328 201 354 216
car 0.0016 380 200 397 217
car 0.0012 0 211 10 267
car 0.0012 199 220 219 237
car 0.0010 225 206 285 231
car 0.0010 352 190 381 219
cow 0.0140 349 220 370 257
cow 0.0101 130 209 144 232
dog 0.0041 349 220 370 257
dog 0.0024 130 209 144 232
horse 0.0240 349 220 370 257
horse 0.0075 130 209 144 232
motorbike 0.0699 349 220 370 257
motorbike 0.0082 130 209 144 232
motorbike 0.0016 0 204 11 256
motorbike 0.0011 0 215 9 245
person 0.2497 350 207 369 258
person 0.1774 130 209 144 232
person 0.0171 358 200 377 261
person 0.0068 383 220 395 246
person 0.0043 343 220 367 258
person 0.0037 0 215 9 245
person 0.0020 371 203 391 256
person 0.0018 0 205 10 235
person 0.0017 127 209 140 229
person 0.0016 0 195 12 249
person 0.0013 346 185 377 255
person 0.0012 362 226 374 255
person 0.0010 286 201 301 217
