bird 0.0013 474 218 500 336
bottle 0.0182 5 237 43 311
bottle 0.0115 193 401 214 472
bottle 0.0014 308 413 333 463
bottle 0.0010 33 235 51 311
chair 0.0169 476 194 500 326
chair 0.0017 478 218 498 416
chair 0.0013 -1 273 19 478
pottedplant 0.0275 474 218 500 336
pottedplant 0.0058 476 276 500 325
pottedplant 0.0038 486 262 500 343
pottedplant 0.0026 478 248 499 422
pottedplant 0.0011 469 126 498 462
pottedplant 0.0011 446 194 502 433
tvmonitor 0.9788 203 118 293 211
tvmonitor 0.0035 202 60 238 120
tvmonitor 0.0013 476 194 500 326
