bottle 0.0456 0 -1 268 245
bottle 0.0203 30 11 388 316
bottle 0.0057 81 25 255 209
bottle 0.0034 138 53 443 343
bottle 0.0020 0 -5 56 206
bottle 0.0018 5 4 122 193
bottle 0.0013 0 -1 24 201
chair 0.0020 13 1 487 334
person 0.9816 172 -8 485 334
person 0.1201 127 215 198 286
person 0.0933 370 -11 500 334
person 0.0484 30 11 388 316
person 0.0369 435 -44 498 360
person 0.0224 395 -13 499 179
person 0.0094 0 -1 268 245
person 0.0038 31 210 220 332
person 0.0034 154 -7 432 206
person 0.0017 0 -50 502 246
person 0.0016 98 217 199 327
person 0.0015 0 98 28 242
person 0.0015 95 7 315 176
person 0.0011 329 -6 496 126
person 0.0011 0 124 24 303
tvmonitor 0.0695 -2 102 46 209
tvmonitor 0.0281 3 208 197 331
tvmonitor 0.0208 0 84 58 262
tvmonitor 0.0197 13 1 487 334
tvmonitor 0.0193 27 171 72 247
tvmonitor 0.0107 0 98 28 242
tvmonitor 0.0088 2 245 49 329
tvmonitor 0.0068 -1 175 87 327
tvmonitor 0.0068 33 180 57 239
tvmonitor 0.0048 -2 173 50 250
tvmonitor 0.0034 0 182 25 325
tvmonitor 0.0034 127 215 198 286
tvmonitor 0.0028 0 -1 268 245
tvmonitor 0.0024 -2 187 49 319
tvmonitor 0.0022 47 -7 370 199
tvmonitor 0.0016 -1 61 205 349
tvmonitor 0.0014 37 161 84 237
tvmonitor 0.0012 0 127 26 196
tvmonitor 0.0012 -1 26 25 210
tvmonitor 0.0012 -1 16 95 251
tvmonitor 0.0011 -1 184 9 252
