bottle 0.8591 2 244 29 349
bottle 0.6809 155 263 185 366
bottle 0.3339 106 250 142 328
bottle 0.1234 238 284 268 372
bottle 0.0413 228 241 260 346
bottle 0.0331 2 238 21 318
bottle 0.0239 458 287 498 370
bottle 0.0141 235 242 256 317
bottle 0.0099 458 319 475 375
bottle 0.0089 1 224 12 348
bottle 0.0076 107 280 135 330
bottle 0.0071 117 273 140 324
bottle 0.0071 1 179 23 332
bottle 0.0047 475 303 499 369
bottle 0.0043 491 209 499 308
bottle 0.0042 86 252 162 327
bottle 0.0040 474 214 500 372
bottle 0.0030 148 228 182 328
bottle 0.0028 203 245 237 341
bottle 0.0023 488 278 500 376
bottle 0.0022 119 251 158 338
bottle 0.0022 243 253 261 321
bottle 0.0020 238 222 271 330
bottle 0.0018 30 291 57 341
bottle 0.0017 14 257 30 339
bottle 0.0013 243 268 265 345
bottle 0.0011 124 271 151 325
bottle 0.0011 0 263 11 367
bottle 0.0010 102 265 155 314
chair 0.0433 368 195 495 327
chair 0.0364 -5 158 97 311
chair 0.0359 21 160 110 236
chair 0.0199 67 103 229 319
chair 0.0183 0 147 27 242
chair 0.0045 0 152 100 214
chair 0.0032 0 142 22 327
chair 0.0026 39 160 105 204
chair 0.0024 -1 145 14 201
chair 0.0018 248 124 368 331
chair 0.0017 -1 174 23 228
chair 0.0016 38 157 131 281
chair 0.0015 -2 150 44 214
chair 0.0015 474 214 500 372
chair 0.0015 365 255 475 322
chair 0.0013 -4 163 48 266
chair 0.0012 0 159 11 243
chair 0.0011 391 238 498 314
diningtable 0.6882 13 288 494 376
diningtable 0.0202 -4 293 272 374
diningtable 0.0118 -5 158 97 311
diningtable 0.0102 280 326 466 380
diningtable 0.0087 368 195 495 327
diningtable 0.0049 368 319 497 375
diningtable 0.0046 239 300 493 383
diningtable 0.0041 123 318 282 377
diningtable 0.0033 0 155 102 238
diningtable 0.0015 7 124 195 303
diningtable 0.0014 -30 323 200 373
diningtable 0.0011 -9 302 139 365
diningtable 0.0010 0 147 27 242
person 0.9122 82 100 231 323
person 0.8976 244 119 358 324
person 0.0210 446 -8 499 326
person 0.0097 375 -11 496 313
person 0.0072 368 195 495 327
person 0.0044 2 244 29 349
person 0.0038 7 124 195 303
person 0.0038 -4 148 120 295
person 0.0027 0 147 27 242
person 0.0023 458 287 498 370
person 0.0023 471 -29 499 346
person 0.0020 472 253 499 374
person 0.0018 0 155 102 238
person 0.0012 0 142 22 327
person 0.0011 0 147 11 217
sofa 0.0180 0 155 102 238
sofa 0.0106 -5 158 97 311
sofa 0.0034 368 195 495 327
sofa 0.0030 0 140 26 225
sofa 0.0013 60 92 234 312
sofa 0.0010 247 130 357 329
tvmonitor 0.0376 -2 147 27 200
tvmonitor 0.0031 368 195 495 327
