bottle 0.0310 327 206 338 233
bottle 0.0293 335 206 346 233
bottle 0.0237 314 208 329 232
bottle 0.0196 326 195 338 225
bottle 0.0164 237 218 251 237
bottle 0.0155 322 187 342 229
bottle 0.0137 332 184 350 231
bottle 0.0120 286 219 301 240
bottle 0.0094 311 198 331 238
bottle 0.0072 293 219 310 239
bottle 0.0068 314 218 329 240
bottle 0.0068 327 216 338 242
bottle 0.0063 286 228 300 247
bottle 0.0050 271 213 294 230
bottle 0.0050 291 212 312 232
bottle 0.0047 314 196 328 224
bottle 0.0041 284 213 303 231
bottle 0.0041 260 214 286 229
bottle 0.0041 192 220 204 243
bottle 0.0037 342 219 357 240
bottle 0.0037 273 219 293 238
bottle 0.0036 335 216 347 242
bottle 0.0034 342 209 356 232
bottle 0.0032 302 219 320 238
bottle 0.0031 289 210 313 245
bottle 0.0028 247 214 298 244
bottle 0.0027 165 186 192 239
bottle 0.0027 263 220 284 237
bottle 0.0026 225 219 245 236
bottle 0.0025 302 210 320 232
bottle 0.0022 262 229 283 246
bottle 0.0022 256 222 274 239
bottle 0.0019 246 208 299 231
bottle 0.0019 200 218 211 242
bottle 0.0018 282 214 339 243
bottle 0.0018 349 220 368 236
bottle 0.0018 341 228 357 247
bottle 0.0017 254 230 274 246
bottle 0.0016 200 198 250 236
bottle 0.0015 244 227 301 251
bottle 0.0012 202 210 213 235
bottle 0.0011 292 228 310 246
bottle 0.0011 330 217 389 243
bottle 0.0011 333 207 350 251
bottle 0.0010 335 228 348 249
bottle 0.0010 193 215 255 240
cat 0.0010 441 189 490 235
chair 0.9472 193 256 281 372
chair 0.9192 274 249 351 368
chair 0.4840 349 257 395 373
chair 0.2384 110 166 185 329
chair 0.1501 151 226 200 327
chair 0.1176 112 225 167 328
chair 0.1173 452 238 500 380
chair 0.0638 357 281 468 375
chair 0.0627 344 219 480 382
chair 0.0475 331 241 381 352
chair 0.0325 145 228 292 364
chair 0.0227 361 324 500 377
chair 0.0175 449 330 499 378
chair 0.0162 180 264 225 362
chair 0.0107 401 288 498 373
chair 0.0084 143 250 222 334
chair 0.0074 310 244 356 347
chair 0.0074 360 263 417 368
chair 0.0071 291 229 342 331
chair 0.0063 229 249 282 346
chair 0.0059 351 218 397 333
chair 0.0051 123 220 202 352
chair 0.0050 177 220 223 332
chair 0.0045 165 186 192 239
chair 0.0043 285 231 383 354
chair 0.0032 469 279 501 379
chair 0.0024 162 251 245 369
chair 0.0022 258 259 301 362
chair 0.0021 200 198 250 236
chair 0.0019 116 199 250 336
chair 0.0016 489 302 501 390
chair 0.0014 246 208 299 231
chair 0.0014 440 197 491 243
chair 0.0013 156 261 205 356
chair 0.0013 449 313 499 361
chair 0.0012 338 202 408 356
chair 0.0011 113 267 142 326
chair 0.0011 109 198 150 316
chair 0.0010 198 204 242 350
diningtable 0.8919 176 222 388 366
diningtable 0.0836 145 228 292 364
diningtable 0.0645 344 219 480 382
diningtable 0.0317 147 234 250 321
diningtable 0.0169 264 253 346 342
diningtable 0.0168 284 245 382 367
diningtable 0.0132 360 280 494 376
diningtable 0.0114 116 230 202 324
diningtable 0.0094 181 258 277 368
diningtable 0.0081 284 210 456 348
diningtable 0.0072 321 230 391 358
diningtable 0.0049 190 246 288 313
diningtable 0.0047 450 286 500 372
diningtable 0.0044 212 204 514 376
diningtable 0.0037 229 228 362 284
diningtable 0.0035 298 188 343 230
diningtable 0.0031 110 166 185 329
diningtable 0.0030 151 245 203 338
diningtable 0.0022 313 242 397 313
diningtable 0.0021 225 190 330 237
diningtable 0.0020 308 225 400 287
diningtable 0.0019 116 199 250 336
diningtable 0.0017 333 226 380 328
diningtable 0.0017 205 213 349 250
diningtable 0.0016 275 204 397 263
diningtable 0.0015 343 248 406 374
diningtable 0.0013 229 230 333 362
diningtable 0.0013 135 231 302 281
diningtable 0.0012 449 330 499 378
diningtable 0.0012 130 224 226 293
diningtable 0.0011 116 247 162 331
dog 0.0032 203 184 248 235
dog 0.0017 441 189 490 235
dog 0.0012 246 208 299 231
dog 0.0011 280 188 326 234
dog 0.0011 452 210 500 373
person 0.9043 108 148 190 324
person 0.7689 447 204 500 374
person 0.7338 446 168 501 252
person 0.6227 364 200 469 376
person 0.5655 332 171 381 228
person 0.4326 204 174 249 234
person 0.4301 160 160 197 237
person 0.4041 285 185 338 234
person 0.1611 402 199 502 379
person 0.1196 308 188 334 229
person 0.0847 295 186 327 220
person 0.0731 328 169 354 227
person 0.0693 395 188 440 230
person 0.0303 473 171 501 234
person 0.0277 354 170 381 218
person 0.0271 121 156 196 236
person 0.0232 466 196 503 315
person 0.0204 322 187 342 229
person 0.0182 144 175 208 328
person 0.0165 287 198 315 237
person 0.0163 440 197 491 243
person 0.0146 310 191 330 213
person 0.0122 266 192 323 231
person 0.0122 206 187 311 238
person 0.0119 310 181 351 221
person 0.0091 300 192 322 211
person 0.0085 314 196 328 224
person 0.0083 157 157 195 312
person 0.0079 452 209 498 251
person 0.0069 346 176 389 241
person 0.0065 135 210 284 338
person 0.0058 210 200 258 235
person 0.0057 471 212 500 267
person 0.0052 390 183 471 243
person 0.0049 326 195 338 225
person 0.0039 293 184 384 236
person 0.0038 258 206 306 232
person 0.0036 332 184 350 231
person 0.0033 449 190 481 235
person 0.0033 391 209 406 229
person 0.0032 433 201 479 306
person 0.0032 318 178 360 238
person 0.0031 471 195 500 249
person 0.0028 225 180 332 227
person 0.0027 441 209 506 295
person 0.0027 420 198 436 221
person 0.0027 418 172 496 235
person 0.0027 193 200 240 236
person 0.0025 334 190 381 318
person 0.0024 485 209 501 272
person 0.0023 333 172 361 200
person 0.0022 294 184 338 326
person 0.0020 298 196 324 238
person 0.0020 413 179 501 302
person 0.0020 291 212 312 232
person 0.0020 352 197 393 315
person 0.0020 113 173 240 296
person 0.0019 453 169 498 217
person 0.0018 394 202 407 223
person 0.0018 485 173 501 249
person 0.0017 292 192 316 212
person 0.0017 284 210 456 348
person 0.0016 488 217 500 302
person 0.0015 271 213 294 230
person 0.0015 50 173 73 211
person 0.0015 469 240 499 381
person 0.0014 338 202 408 356
person 0.0014 301 186 323 203
person 0.0014 333 178 351 204
person 0.0014 200 203 280 352
person 0.0014 165 186 192 239
person 0.0014 117 163 177 272
person 0.0014 320 176 345 212
person 0.0013 428 201 443 221
person 0.0013 323 182 341 203
person 0.0012 284 213 303 231
person 0.0012 415 191 439 227
person 0.0011 309 185 332 203
person 0.0011 188 178 254 340
person 0.0010 162 166 246 233
person 0.0010 293 199 312 222
pottedplant 0.0647 49 185 93 214
pottedplant 0.0063 58 191 84 212
pottedplant 0.0027 50 173 73 211
pottedplant 0.0027 53 189 74 212
sofa 0.0275 110 166 185 329
sofa 0.0190 443 225 498 382
sofa 0.0143 450 286 500 372
sofa 0.0075 364 200 469 376
sofa 0.0029 155 216 345 340
sofa 0.0016 192 180 253 238
sofa 0.0015 116 199 250 336
sofa 0.0011 206 187 311 238
tvmonitor 0.0068 165 186 192 239
tvmonitor 0.0013 160 160 197 237
