aeroplane 0.9822 16 132 493 256
aeroplane 0.0035 121 173 282 232
aeroplane 0.0033 26 161 306 246
aeroplane 0.0021 32 170 218 231
aeroplane 0.0016 341 282 364 294
aeroplane 0.0014 148 201 206 241
aeroplane 0.0013 78 342 123 370
aeroplane 0.0012 179 343 232 372
bus 0.0061 179 343 232 372
car 0.4386 178 350 236 374
car 0.0064 78 342 123 370
car 0.0025 157 354 220 373
car 0.0021 191 352 224 371
car 0.0019 183 349 211 363
car 0.0018 18 351 85 375
car 0.0016 192 347 224 364
car 0.0010 181 354 213 370
car 0.0010 200 339 229 375
car 0.0010 196 339 253 372
person 0.0023 198 194 214 212
train 0.0011 179 343 232 372
