bird 0.0286 471 335 501 378
bottle 0.0659 218 250 234 323
bottle 0.0063 210 240 239 341
bottle 0.0059 131 165 230 339
bottle 0.0053 220 237 260 350
bottle 0.0038 222 163 293 373
bottle 0.0015 237 232 276 358
cat 0.0255 471 335 501 378
chair 0.0015 471 335 501 378
cow 0.0023 471 335 501 378
diningtable 0.0013 129 135 309 316
dog 0.0515 471 335 501 378
person 0.2156 226 127 330 271
person 0.0605 214 122 310 345
person 0.0542 257 127 333 215
person 0.0068 129 135 309 316
person 0.0031 248 130 343 381
person 0.0023 471 335 501 378
person 0.0019 185 108 377 350
sheep 0.0024 471 335 501 378
tvmonitor 0.0043 131 165 230 339
tvmonitor 0.0035 129 135 309 316
