bicycle 0.0284 346 87 452 270
bicycle 0.0050 359 115 459 200
bicycle 0.0020 263 8 368 73
bicycle 0.0011 331 0 482 113
bottle 0.0018 490 33 501 115
chair 0.9941 115 16 291 306
chair 0.1659 344 109 454 279
chair 0.0411 6 -2 177 123
chair 0.0303 -4 -10 271 272
chair 0.0255 122 2 286 174
chair 0.0198 329 0 483 260
chair 0.0178 331 0 482 113
chair 0.0132 81 3 262 113
chair 0.0103 359 115 459 200
chair 0.0048 355 17 498 157
chair 0.0035 160 3 332 105
chair 0.0031 33 4 230 162
chair 0.0028 0 38 25 200
chair 0.0027 108 20 217 185
chair 0.0024 2 -19 137 270
chair 0.0024 199 14 286 100
chair 0.0022 254 6 341 74
chair 0.0022 253 0 300 76
chair 0.0020 490 33 501 115
chair 0.0020 -2 -4 99 161
chair 0.0019 0 62 193 347
chair 0.0018 125 23 455 309
chair 0.0016 97 -7 186 135
chair 0.0015 375 41 496 112
chair 0.0014 400 27 501 244
chair 0.0012 476 26 500 171
chair 0.0012 -1 -11 24 133
chair 0.0010 99 -2 153 84
chair 0.0010 11 8 115 109
chair 0.0010 -1 6 53 227
chair 0.0010 269 21 468 146
diningtable 0.0046 87 38 281 343
diningtable 0.0030 260 1 469 260
diningtable 0.0023 331 19 484 153
diningtable 0.0015 6 -2 177 123
person 0.0025 170 0 186 50
pottedplant 0.0421 340 1 443 70
pottedplant 0.0044 346 5 411 47
pottedplant 0.0029 0 0 134 330
pottedplant 0.0028 334 21 454 89
pottedplant 0.0026 331 0 482 113
pottedplant 0.0023 -1 86 136 238
pottedplant 0.0018 6 -2 177 123
pottedplant 0.0017 0 60 24 217
pottedplant 0.0016 386 91 449 117
pottedplant 0.0013 349 26 408 64
pottedplant 0.0013 329 0 483 260
pottedplant 0.0011 342 16 397 52
pottedplant 0.0010 123 4 293 108
sofa 0.0027 6 -2 177 123
