bicycle 0.0045 226 156 239 180
bird 0.0705 92 253 129 279
boat 0.0038 92 253 129 279
car 0.9381 187 148 241 179
car 0.0082 184 142 230 169
car 0.0046 226 156 239 180
car 0.0042 192 150 224 173
car 0.0014 193 145 221 163
car 0.0011 201 156 228 178
cat 0.0047 92 253 129 279
cow 0.0279 92 253 129 279
dog 0.0181 92 253 129 279
horse 0.0029 92 253 129 279
motorbike 0.0028 226 156 239 180
motorbike 0.0025 195 147 255 179
person 0.0156 226 156 239 180
person 0.0043 92 253 129 279
person 0.0017 219 154 235 180
person 0.0012 195 147 255 179
sheep 0.0272 92 253 129 279
