car 0.0138 -2 78 501 384
chair 0.5087 317 8 480 131
chair 0.2140 -3 48 274 380
chair 0.1128 218 99 498 369
chair 0.1001 3 94 494 413
chair 0.0592 108 94 387 368
chair 0.0239 166 183 326 358
chair 0.0096 297 -24 506 322
chair 0.0033 150 271 338 384
chair 0.0032 408 -4 501 135
chair 0.0016 146 80 258 206
chair 0.0011 206 104 377 264
chair 0.0010 445 24 502 138
diningtable 0.0171 -2 78 501 384
diningtable 0.0109 218 99 498 369
diningtable 0.0064 108 94 387 368
diningtable 0.0053 317 8 480 131
diningtable 0.0015 -1 41 274 363
diningtable 0.0010 150 271 338 384
dog 0.0042 190 100 458 370
person 0.9668 166 204 322 380
person 0.7683 -3 48 274 380
person 0.7045 147 91 425 376
person 0.0903 83 154 348 375
person 0.0209 221 70 506 332
person 0.0176 188 179 376 352
person 0.0084 298 124 496 385
person 0.0045 3 94 494 413
person 0.0020 206 104 377 264
person 0.0013 239 121 409 324
person 0.0011 51 200 286 340
pottedplant 0.0012 317 8 480 131
sofa 0.6479 -2 78 501 384
sofa 0.1583 218 99 498 369
sofa 0.0370 108 94 387 368
sofa 0.0061 -1 41 274 363
sofa 0.0010 317 8 480 131
