bottle 0.0299 186 197 262 334
bottle 0.0228 188 228 237 308
bottle 0.0036 175 215 253 289
bottle 0.0028 190 204 259 266
bottle 0.0014 200 244 253 314
bottle 0.0014 175 230 217 303
bottle 0.0010 148 233 240 300
cat 0.0010 111 177 276 336
chair 0.2752 63 117 274 413
chair 0.2554 5 60 328 448
chair 0.0095 91 174 252 340
chair 0.0016 1 266 101 433
diningtable 0.0010 56 197 288 442
dog 0.0064 75 196 318 446
dog 0.0014 111 177 276 336
dog 0.0010 231 277 326 429
person 0.9449 56 31 276 427
person 0.0585 114 146 335 436
person 0.0290 91 174 252 340
person 0.0056 105 24 276 287
person 0.0051 8 147 194 431
person 0.0035 79 270 326 448
person 0.0021 17 12 194 364
person 0.0015 231 277 326 429
person 0.0013 21 27 251 226
person 0.0011 263 274 328 326
sofa 0.0361 5 60 328 448
sofa 0.0030 61 148 281 431
