bird 0.0063 259 242 293 310
bird 0.0019 271 257 291 300
boat 0.8595 47 247 299 357
boat 0.0694 154 268 288 315
boat 0.0320 21 225 274 317
boat 0.0201 187 249 293 309
boat 0.0115 44 287 316 329
boat 0.0115 61 241 223 304
boat 0.0059 50 262 205 318
boat 0.0058 259 242 293 310
boat 0.0056 193 287 276 308
boat 0.0044 176 281 252 311
boat 0.0028 212 277 294 301
boat 0.0018 232 240 289 313
boat 0.0015 69 303 328 359
boat 0.0011 209 264 298 294
boat 0.0010 63 282 118 313
bus 0.0030 61 241 223 304
car 0.0013 52 242 68 255
car 0.0010 173 281 237 310
cow 0.0011 176 281 252 311
horse 0.0032 164 252 209 300
motorbike 0.0025 164 252 209 300
person 0.4301 48 258 77 361
person 0.3864 172 246 200 294
person 0.2393 168 250 189 301
person 0.0834 59 263 79 328
person 0.0536 182 250 207 290
person 0.0512 171 256 221 298
person 0.0310 180 273 230 298
person 0.0306 52 259 74 321
person 0.0288 156 247 244 304
person 0.0255 62 267 79 288
person 0.0237 259 242 293 310
person 0.0183 194 278 217 294
person 0.0177 272 243 290 296
person 0.0175 173 281 237 310
person 0.0154 74 269 86 288
person 0.0143 48 248 62 346
person 0.0116 188 256 203 281
person 0.0090 129 266 275 314
person 0.0077 103 238 227 303
person 0.0064 57 263 83 296
person 0.0058 38 256 71 342
person 0.0057 133 288 147 303
person 0.0055 190 262 217 296
person 0.0053 55 266 71 289
person 0.0051 109 280 129 296
person 0.0050 102 280 118 295
person 0.0050 139 289 156 303
person 0.0048 171 261 184 294
person 0.0045 74 275 87 295
person 0.0040 50 248 73 296
person 0.0035 271 266 292 308
person 0.0033 178 255 194 283
person 0.0032 188 265 205 289
person 0.0030 195 269 214 288
person 0.0028 162 267 211 302
person 0.0023 109 288 127 302
person 0.0022 103 288 118 302
person 0.0022 178 247 195 273
person 0.0021 57 265 104 352
person 0.0020 63 271 78 299
person 0.0019 178 265 194 292
person 0.0019 144 237 193 303
person 0.0019 163 244 180 295
person 0.0018 92 272 107 286
person 0.0016 48 266 92 310
person 0.0015 82 279 99 293
person 0.0015 52 275 69 356
person 0.0015 275 261 289 292
person 0.0014 193 286 218 303
person 0.0014 52 242 68 255
person 0.0013 275 237 289 258
person 0.0013 101 273 116 286
person 0.0013 83 270 98 287
person 0.0012 169 274 184 300
person 0.0012 191 278 221 312
person 0.0011 92 276 147 300
person 0.0011 158 239 197 286
person 0.0011 90 280 109 293
person 0.0010 195 260 213 279
person 0.0010 54 258 70 282
person 0.0010 170 247 187 273
train 0.0085 61 241 223 304
train 0.0011 40 261 174 323
