bottle 0.1026 153 282 246 347
bottle 0.0198 310 1 324 29
bottle 0.0190 194 -2 209 17
bottle 0.0148 245 94 259 164
bottle 0.0130 173 291 231 334
bottle 0.0113 244 0 295 28
bottle 0.0110 251 98 265 159
bottle 0.0104 185 281 237 325
bottle 0.0065 262 0 314 30
bottle 0.0051 285 -1 311 31
bottle 0.0041 231 2 249 24
bottle 0.0040 122 266 238 334
bottle 0.0038 316 3 333 28
bottle 0.0035 254 122 264 157
bottle 0.0035 200 -1 221 16
bottle 0.0031 203 282 257 326
bottle 0.0030 223 2 239 23
bottle 0.0028 164 285 219 321
bottle 0.0028 249 2 270 26
bottle 0.0025 213 1 229 22
bottle 0.0024 295 -1 320 31
bottle 0.0023 224 1 275 26
bottle 0.0023 165 218 253 368
bottle 0.0021 181 -2 202 17
bottle 0.0016 239 3 260 25
bottle 0.0016 246 100 256 138
bottle 0.0014 267 4 289 26
bottle 0.0013 175 272 227 317
bottle 0.0011 139 246 247 320
car 0.0051 -9 128 385 517
chair 0.6645 61 210 377 493
chair 0.2917 -11 32 387 476
chair 0.0918 63 109 300 417
chair 0.0297 108 191 264 382
chair 0.0212 -2 62 40 188
chair 0.0138 3 158 216 489
chair 0.0071 -3 -3 49 178
chair 0.0023 -8 309 152 504
chair 0.0020 58 168 246 323
chair 0.0017 -19 293 318 495
chair 0.0014 122 184 329 317
diningtable 0.0144 24 214 354 494
diningtable 0.0014 71 152 296 447
person 0.7553 74 165 366 500
person 0.1156 63 109 300 417
person 0.0683 -11 32 387 476
person 0.0393 108 191 264 382
person 0.0110 148 267 244 336
person 0.0027 58 168 246 323
person 0.0018 8 93 219 490
person 0.0016 122 184 329 317
pottedplant 0.0050 244 0 295 28
pottedplant 0.0016 -3 -3 49 178
sofa 0.1970 -9 128 385 517
sofa 0.0087 71 152 296 447
sofa 0.0045 20 74 284 351
sofa 0.0039 122 215 380 495
tvmonitor 0.0168 19 0 142 51
tvmonitor 0.0026 257 90 300 131
tvmonitor 0.0024 30 0 168 31
tvmonitor 0.0011 252 82 302 160
