cow 0.0330 436 161 478 184
cow 0.0127 388 226 449 275
cow 0.0036 365 176 388 191
cow 0.0034 280 210 360 264
cow 0.0027 294 185 310 194
cow 0.0015 449 165 482 182
cow 0.0010 440 166 458 182
person 0.9877 3 -3 331 336
person 0.0039 167 204 341 343
person 0.0027 190 206 246 306
person 0.0025 175 190 266 322
sheep 0.9550 280 210 360 264
sheep 0.7878 390 226 460 277
sheep 0.4568 436 161 478 184
sheep 0.0983 294 185 310 194
sheep 0.0402 449 165 482 182
sheep 0.0178 365 176 388 191
sheep 0.0137 440 166 458 182
sheep 0.0084 451 160 498 186
sheep 0.0067 444 168 470 184
sheep 0.0066 462 164 485 180
sheep 0.0065 454 168 476 184
sheep 0.0017 288 191 374 252
sheep 0.0014 218 219 234 240
sofa 0.0028 0 -12 478 338
