bicycle 0.0010 333 179 386 296
bottle 0.0016 123 228 134 253
car 0.3732 355 172 384 188
car 0.3507 326 159 353 185
car 0.1266 355 168 401 194
car 0.0769 426 165 448 180
car 0.0475 367 167 390 184
car 0.0364 351 172 373 187
car 0.0352 377 166 399 184
car 0.0284 319 165 362 192
car 0.0252 296 159 349 185
car 0.0171 366 164 410 188
car 0.0152 388 166 407 184
car 0.0135 321 161 380 185
car 0.0127 351 168 371 182
car 0.0121 328 169 354 187
car 0.0107 379 169 397 192
car 0.0103 272 163 296 177
car 0.0085 375 165 400 199
car 0.0080 387 164 429 200
car 0.0076 346 172 393 207
car 0.0066 419 170 456 201
car 0.0051 435 166 455 181
car 0.0043 429 159 446 173
car 0.0037 457 166 474 184
car 0.0036 263 161 304 182
car 0.0033 323 155 345 174
car 0.0033 311 154 355 180
car 0.0032 340 171 362 186
car 0.0029 387 163 409 200
car 0.0029 427 171 449 191
car 0.0029 398 163 419 182
car 0.0025 283 164 302 179
car 0.0024 420 164 454 185
car 0.0022 398 159 418 172
car 0.0022 341 164 361 181
car 0.0021 272 159 293 173
car 0.0019 477 162 494 181
car 0.0017 398 158 435 189
car 0.0016 490 159 497 185
car 0.0014 379 160 398 173
car 0.0014 282 157 386 203
car 0.0012 389 160 406 173
car 0.0012 299 156 325 171
car 0.0012 283 155 339 328
car 0.0011 394 163 433 282
car 0.0011 406 159 426 172
cow 0.0197 333 179 386 296
dog 0.0014 333 179 386 296
horse 0.9961 41 173 246 351
horse 0.8286 343 180 398 297
horse 0.0393 379 170 415 299
horse 0.0248 132 174 267 350
horse 0.0174 356 168 430 300
horse 0.0027 337 171 382 265
horse 0.0011 100 168 192 351
motorbike 0.0020 355 172 384 188
motorbike 0.0020 355 168 401 194
motorbike 0.0017 343 194 399 299
motorbike 0.0013 426 165 448 180
motorbike 0.0013 381 191 416 303
person 0.9963 283 164 338 336
person 0.9858 115 125 165 262
person 0.9818 392 167 431 301
person 0.8957 422 170 452 296
person 0.3306 379 170 415 299
person 0.1003 222 202 262 342
person 0.0228 172 196 269 340
person 0.0176 343 180 398 297
person 0.0137 407 162 427 180
person 0.0120 405 160 429 204
person 0.0118 424 171 451 216
person 0.0090 426 165 448 180
person 0.0086 379 169 397 192
person 0.0082 398 163 419 182
person 0.0075 353 161 398 236
person 0.0070 224 170 266 295
person 0.0069 390 168 405 193
person 0.0066 377 166 400 215
person 0.0062 388 165 408 216
person 0.0058 427 171 449 191
person 0.0058 392 160 441 202
person 0.0057 106 193 133 248
person 0.0056 398 158 435 189
person 0.0044 406 159 426 172
person 0.0043 398 159 418 172
person 0.0041 106 165 154 256
person 0.0040 367 167 390 184
person 0.0039 427 177 450 247
person 0.0038 436 186 455 274
person 0.0036 419 165 437 181
person 0.0035 291 155 341 237
person 0.0033 337 171 382 265
person 0.0033 421 169 436 191
person 0.0029 0 125 25 233
person 0.0029 393 163 436 237
person 0.0028 421 171 438 230
person 0.0028 399 169 419 190
person 0.0026 377 166 399 184
person 0.0024 404 165 466 301
person 0.0024 111 190 128 212
person 0.0023 366 169 393 212
person 0.0023 16 149 36 215
person 0.0022 357 167 383 184
person 0.0022 25 157 36 185
person 0.0022 422 175 434 204
person 0.0019 396 163 421 219
person 0.0018 123 228 134 253
person 0.0017 428 179 447 200
person 0.0017 378 180 402 241
person 0.0016 179 276 195 334
person 0.0015 421 180 435 280
person 0.0015 408 167 426 190
person 0.0014 316 155 358 233
person 0.0013 391 176 404 204
person 0.0013 386 182 408 242
person 0.0013 0 145 26 201
person 0.0013 22 160 40 220
person 0.0013 106 183 132 219
person 0.0012 0 174 9 267
person 0.0012 382 176 396 203
person 0.0012 477 162 494 181
person 0.0012 339 209 361 292
person 0.0012 490 159 497 185
person 0.0011 357 172 385 228
person 0.0011 371 163 409 234
person 0.0010 468 164 481 184
person 0.0010 -1 129 10 198
person 0.0010 287 235 322 336
person 0.0010 429 159 446 173
