bicycle 0.9885 120 102 195 240
bicycle 0.0134 106 90 194 187
bicycle 0.0022 73 86 183 226
bicycle 0.0014 8 84 167 238
bicycle 0.0012 155 115 199 227
bicycle 0.0011 8 159 114 232
car 0.0040 2 90 103 247
car 0.0015 3 77 102 152
car 0.0013 -6 234 73 262
dog 0.0010 137 74 191 199
horse 0.0020 118 79 197 210
horse 0.0012 8 84 167 238
motorbike 0.0028 117 88 196 231
person 0.9197 10 74 111 236
person 0.2043 118 79 197 210
person 0.0223 138 82 190 161
person 0.0101 23 73 103 135
person 0.0073 156 73 196 194
