aeroplane 0.0017 264 271 337 298
bicycle 0.2223 278 242 347 294
bicycle 0.0086 301 260 360 292
bicycle 0.0056 305 244 334 290
bicycle 0.0029 278 272 343 297
bicycle 0.0018 273 261 315 295
bicycle 0.0016 295 256 328 293
bird 0.0018 211 163 223 183
bird 0.0010 278 272 343 297
boat 0.0012 278 272 343 297
bus 0.0018 179 211 302 260
bus 0.0011 306 209 441 264
bus 0.0010 298 37 504 317
car 0.0109 418 243 435 261
car 0.0099 212 207 276 233
car 0.0085 287 244 337 291
car 0.0063 148 252 170 271
car 0.0054 143 247 192 274
car 0.0017 156 250 178 270
car 0.0016 140 253 162 271
car 0.0014 132 253 182 279
car 0.0013 142 253 210 281
car 0.0012 301 260 360 292
cow 0.0296 273 244 332 291
cow 0.0021 296 246 345 290
cow 0.0012 297 234 327 286
dog 0.0127 287 244 337 291
dog 0.0010 297 234 327 286
horse 0.0759 287 244 337 291
horse 0.0023 297 234 327 286
motorbike 0.1837 287 244 337 291
motorbike 0.0050 301 260 360 292
motorbike 0.0013 306 256 335 293
person 0.1275 291 233 333 292
person 0.0234 298 231 326 272
person 0.0132 307 239 330 284
person 0.0105 292 231 316 270
person 0.0086 281 256 342 293
person 0.0033 295 236 312 261
person 0.0025 303 236 321 259
person 0.0023 296 232 311 251
person 0.0021 211 163 223 183
person 0.0021 306 256 335 293
person 0.0019 302 230 320 250
person 0.0018 303 248 357 292
person 0.0015 277 238 289 264
person 0.0011 312 246 327 272
person 0.0011 312 256 329 282
person 0.0010 448 233 463 250
train 0.0028 179 211 302 260
train 0.0023 2 185 264 274
train 0.0010 70 188 431 281
