bottle 0.0586 132 203 167 302
bottle 0.0154 138 212 160 271
bottle 0.0134 2 250 50 375
bottle 0.0030 145 217 168 284
bottle 0.0018 0 239 88 373
bottle 0.0017 55 239 154 306
bottle 0.0016 271 221 293 260
bottle 0.0013 215 147 275 180
bottle 0.0012 274 227 290 254
bottle 0.0012 0 250 26 376
bottle 0.0010 125 170 165 269
car 0.0014 247 126 453 376
cat 0.0010 35 293 228 379
chair 0.0060 472 282 499 378
chair 0.0058 450 291 497 374
chair 0.0048 406 156 500 384
chair 0.0018 486 301 500 391
chair 0.0017 213 119 441 364
chair 0.0014 232 216 425 377
chair 0.0013 -4 128 124 331
chair 0.0011 240 68 328 157
chair 0.0011 417 317 494 373
diningtable 0.5587 136 124 453 360
diningtable 0.5204 40 158 303 371
diningtable 0.0243 31 232 230 372
diningtable 0.0095 250 138 409 373
diningtable 0.0052 65 166 281 293
diningtable 0.0035 53 293 277 380
diningtable 0.0028 9 171 167 355
diningtable 0.0019 150 127 352 247
diningtable 0.0018 81 116 253 240
diningtable 0.0012 54 99 193 258
dog 0.0119 35 293 228 379
person 0.9886 240 126 424 375
person 0.9641 378 86 457 275
person 0.9386 242 59 328 143
person 0.9235 176 75 233 190
person 0.9200 119 75 198 207
person 0.9102 407 132 499 342
person 0.8794 339 73 401 164
person 0.6998 47 77 155 245
person 0.3421 0 133 105 298
person 0.2441 210 39 263 128
person 0.0826 343 81 404 237
person 0.0373 95 133 390 371
person 0.0276 13 156 259 375
person 0.0224 240 51 324 219
person 0.0216 -2 159 92 387
person 0.0160 356 71 401 122
person 0.0159 3 89 166 358
person 0.0135 437 132 501 277
person 0.0080 352 120 445 310
person 0.0078 475 126 499 343
person 0.0071 127 87 234 182
person 0.0070 159 78 210 198
person 0.0063 338 81 382 127
person 0.0060 387 83 449 189
person 0.0040 192 62 243 149
person 0.0029 332 94 488 367
person 0.0028 46 154 212 290
person 0.0027 197 117 290 361
person 0.0025 193 66 461 332
person 0.0023 398 63 496 263
person 0.0023 435 198 499 379
person 0.0023 388 91 410 155
person 0.0022 366 77 408 164
person 0.0021 0 237 63 376
person 0.0020 181 70 230 123
person 0.0019 328 92 374 139
person 0.0018 348 90 480 213
person 0.0018 198 53 281 141
person 0.0017 -1 135 24 295
person 0.0016 0 120 10 204
person 0.0016 473 125 501 232
person 0.0016 43 81 124 156
person 0.0016 231 129 327 309
person 0.0016 175 46 260 165
person 0.0015 81 116 253 240
person 0.0014 351 84 367 106
person 0.0013 -4 71 101 252
person 0.0012 0 134 7 169
person 0.0012 202 83 229 147
person 0.0011 47 301 199 371
person 0.0011 188 62 330 164
person 0.0010 297 73 327 119
person 0.0010 451 124 498 203
person 0.0010 235 59 288 143
sofa 0.0082 136 124 453 360
