aeroplane 0.0021 442 52 453 65
bicycle 0.0011 68 104 112 150
bird 0.1691 243 98 285 133
bird 0.0657 462 45 488 88
bird 0.0627 344 13 365 66
bird 0.0294 442 52 453 65
bird 0.0279 62 107 102 148
bird 0.0166 422 56 431 80
bird 0.0098 260 48 271 65
bird 0.0083 395 23 413 60
bird 0.0074 250 104 279 128
bird 0.0059 461 128 482 169
bird 0.0059 280 72 290 86
bird 0.0058 349 47 374 93
bird 0.0052 271 90 293 138
bird 0.0044 70 103 110 139
bird 0.0030 137 175 199 211
bird 0.0027 68 108 95 131
bird 0.0021 72 173 128 215
bird 0.0017 446 51 462 67
bird 0.0017 258 91 289 130
bird 0.0016 343 27 361 87
bird 0.0013 282 89 305 140
bird 0.0013 249 84 297 141
bird 0.0010 94 185 166 223
boat 0.0020 462 45 488 88
boat 0.0010 242 107 284 139
boat 0.0010 343 15 363 79
cat 0.0537 75 177 200 225
cat 0.0516 62 107 102 148
cat 0.0185 72 173 128 215
cat 0.0069 137 175 199 211
cat 0.0066 462 45 488 88
cat 0.0055 94 185 166 223
cat 0.0019 65 107 104 182
cat 0.0014 70 103 110 139
chair 0.1980 462 45 488 88
chair 0.0056 64 106 97 149
cow 0.0267 62 107 102 148
cow 0.0061 61 177 194 226
cow 0.0020 65 107 104 182
dog 0.8429 60 168 194 222
dog 0.2933 62 107 102 148
dog 0.0548 65 107 104 182
dog 0.0287 72 173 128 215
dog 0.0068 137 175 199 211
dog 0.0062 104 178 205 224
dog 0.0048 94 185 166 223
dog 0.0033 70 103 110 139
dog 0.0025 462 45 488 88
dog 0.0014 442 52 453 65
dog 0.0011 30 169 151 217
horse 0.0049 62 107 102 148
horse 0.0026 60 168 194 222
person 0.0075 260 48 271 65
person 0.0063 422 56 431 80
person 0.0017 62 107 102 148
person 0.0011 341 14 368 87
pottedplant 0.0237 243 98 285 133
pottedplant 0.0070 462 45 488 88
pottedplant 0.0014 250 106 279 140
sheep 0.0303 62 107 102 148
sheep 0.0029 75 177 200 225
sheep 0.0024 442 52 453 65
sheep 0.0013 94 185 166 223
sheep 0.0013 70 103 110 139
sheep 0.0012 65 107 104 182
sheep 0.0011 72 173 128 215
