boat 0.0025 399 303 468 364
boat 0.0015 477 256 498 379
bus 0.0078 399 303 468 364
bus 0.0024 345 273 407 414
car 0.0170 404 300 452 341
car 0.0034 399 303 468 364
car 0.0012 369 284 391 301
person 0.9689 354 283 396 419
person 0.0980 345 288 378 418
person 0.0349 368 287 403 394
person 0.0095 346 329 360 390
person 0.0061 348 310 367 395
person 0.0045 341 292 411 389
person 0.0028 488 288 499 379
person 0.0022 345 294 361 370
person 0.0022 477 256 498 379
person 0.0019 317 294 326 325
person 0.0012 369 284 391 301
person 0.0011 390 310 406 372
person 0.0011 339 280 375 364
person 0.0010 313 282 329 327
train 0.9968 33 77 384 481
train 0.0300 399 303 468 364
tvmonitor 0.0013 399 303 468 364
