bird 0.0010 -1 112 89 272
bottle 0.0030 316 3 328 29
car 0.0032 0 -4 191 100
car 0.0015 0 -26 80 268
cat 0.0016 0 177 97 261
cat 0.0011 -1 112 89 272
chair 0.0100 -2 7 70 264
chair 0.0025 -1 112 89 272
cow 0.0013 13 83 356 262
dog 0.9903 52 92 363 256
dog 0.0111 0 193 103 272
dog 0.0106 -1 112 89 272
dog 0.0047 -2 129 187 274
dog 0.0010 178 112 376 237
horse 0.0044 -2 134 131 277
horse 0.0034 13 83 356 262
person 0.0384 -2 7 70 264
person 0.0140 -1 112 89 272
person 0.0064 286 21 297 53
person 0.0055 1 48 196 282
person 0.0052 -3 20 356 265
person 0.0021 284 0 302 53
person 0.0017 296 -1 324 34
person 0.0012 279 23 292 50
person 0.0011 0 177 97 261
person 0.0011 0 -11 10 63
person 0.0010 316 3 328 29
person 0.0010 0 -4 191 100
pottedplant 0.0012 327 -5 373 22
sofa 0.0063 -2 7 70 264
sofa 0.0013 13 83 356 262
tvmonitor 0.0020 0 -4 191 100
tvmonitor 0.0014 -2 7 70 264
