bicycle 0.0022 399 236 501 304
bottle 0.1018 438 227 458 271
bottle 0.0635 346 203 442 262
bottle 0.0185 444 235 463 277
bottle 0.0090 396 220 420 258
bottle 0.0070 427 226 450 270
bottle 0.0062 405 228 429 265
bottle 0.0046 355 199 403 241
bottle 0.0046 371 221 425 255
bottle 0.0039 359 209 417 250
bottle 0.0035 434 229 477 270
bottle 0.0033 394 219 441 261
bottle 0.0032 414 228 460 270
bottle 0.0024 430 244 445 270
bottle 0.0023 348 219 410 257
bottle 0.0021 409 234 426 260
bottle 0.0019 440 242 455 272
bottle 0.0019 301 204 324 253
bottle 0.0018 380 210 436 249
bottle 0.0017 386 219 411 256
bottle 0.0015 399 236 501 304
bottle 0.0013 275 207 440 254
bottle 0.0012 425 237 468 277
bottle 0.0012 439 228 455 252
bottle 0.0011 430 234 446 262
bottle 0.0011 349 238 371 258
bottle 0.0010 343 218 472 283
diningtable 0.0656 106 226 464 323
diningtable 0.0011 358 237 512 300
motorbike 0.0017 399 236 501 304
motorbike 0.0010 177 200 480 308
person 0.9992 153 11 437 257
person 0.0236 346 203 442 262
person 0.0018 77 101 100 143
person 0.0017 275 207 440 254
train 0.0012 144 -20 452 235
tvmonitor 0.1598 144 -20 452 235
tvmonitor 0.0010 49 145 72 179
