aeroplane 0.8401 161 242 205 272
aeroplane 0.5600 168 211 203 271
aeroplane 0.1618 174 250 206 274
aeroplane 0.0619 171 218 184 233
aeroplane 0.0610 172 211 189 241
aeroplane 0.0245 181 255 200 272
aeroplane 0.0178 174 211 189 229
aeroplane 0.0103 181 249 202 266
aeroplane 0.0084 158 237 194 265
aeroplane 0.0076 190 250 203 264
aeroplane 0.0068 174 188 192 235
aeroplane 0.0057 134 0 155 10
aeroplane 0.0043 174 257 194 272
aeroplane 0.0042 169 219 192 264
aeroplane 0.0031 191 244 203 259
aeroplane 0.0028 168 243 184 259
aeroplane 0.0023 178 234 202 267
aeroplane 0.0020 144 10 156 28
aeroplane 0.0018 155 250 194 276
aeroplane 0.0017 166 249 186 265
aeroplane 0.0016 172 250 195 266
aeroplane 0.0015 91 61 110 99
aeroplane 0.0015 179 246 215 268
aeroplane 0.0014 127 0 148 8
aeroplane 0.0013 168 207 195 232
aeroplane 0.0012 124 -1 164 12
aeroplane 0.0012 97 71 110 106
aeroplane 0.0011 145 17 157 33
aeroplane 0.0011 98 78 109 98
aeroplane 0.0011 143 9 160 42
bird 0.0066 134 0 155 10
bird 0.0058 172 211 189 241
bird 0.0041 171 218 184 233
bird 0.0040 144 10 156 28
bird 0.0033 174 188 192 235
bird 0.0029 114 19 126 33
bird 0.0028 168 211 203 271
bird 0.0024 127 0 148 8
bird 0.0020 96 65 111 100
bird 0.0017 117 0 141 8
bird 0.0017 142 4 157 34
bird 0.0014 78 49 88 64
bird 0.0014 145 17 157 33
bird 0.0014 174 211 189 229
bird 0.0012 98 78 109 98
bird 0.0010 103 -1 153 11
boat 0.0019 171 218 184 233
boat 0.0018 168 211 203 271
boat 0.0011 171 212 191 254
train 0.0044 168 211 203 271
