bird 0.0011 245 68 485 377
bird 0.0010 183 36 403 362
bottle 0.9223 190 54 396 382
bottle 0.6929 245 68 485 377
bottle 0.0682 321 150 430 361
bottle 0.0411 300 97 341 178
bottle 0.0203 295 80 379 279
bottle 0.0090 239 133 355 372
bottle 0.0073 274 132 459 313
bottle 0.0066 302 120 343 229
bottle 0.0062 204 51 385 241
bottle 0.0047 276 110 360 318
bottle 0.0041 316 225 488 373
bottle 0.0033 294 101 377 175
bottle 0.0026 300 158 344 273
bottle 0.0025 414 212 494 371
bottle 0.0022 313 105 487 272
bottle 0.0015 267 81 361 161
bottle 0.0014 192 227 386 377
bottle 0.0012 263 43 368 199
bottle 0.0011 359 177 498 354
bottle 0.0010 258 173 299 258
bottle 0.0010 228 181 328 251
bottle 0.0010 479 248 500 376
cat 0.0032 183 36 403 362
chair 0.0044 -2 92 83 384
chair 0.0020 190 31 455 289
chair 0.0010 138 13 519 378
diningtable 0.0017 20 43 484 392
diningtable 0.0013 22 282 485 383
person 0.4184 181 37 476 364
person 0.0519 0 69 64 403
person 0.0031 -2 2 32 392
person 0.0026 -3 -2 116 389
person 0.0023 0 198 83 378
person 0.0021 0 77 22 319
person 0.0016 303 86 490 375
sofa 0.0016 -2 92 83 384
tvmonitor 0.0010 190 31 455 289
