bottle 0.0064 430 339 484 375
bottle 0.0049 415 352 478 376
bottle 0.0033 67 318 256 372
bottle 0.0022 476 303 500 367
bottle 0.0020 426 355 446 375
bottle 0.0020 419 353 436 376
bottle 0.0015 426 332 448 375
bottle 0.0012 451 290 503 369
bottle 0.0012 447 338 503 373
car 0.0061 36 123 284 372
car 0.0021 0 33 59 322
car 0.0018 409 8 499 229
chair 0.0469 276 146 452 351
chair 0.0397 36 123 284 372
chair 0.0019 262 238 459 360
chair 0.0016 472 286 500 376
chair 0.0012 -1 54 60 339
chair 0.0011 0 289 51 371
diningtable 0.2419 -5 304 506 385
diningtable 0.0204 243 314 484 384
diningtable 0.0128 49 319 236 372
diningtable 0.0121 0 297 273 376
diningtable 0.0051 269 329 439 375
diningtable 0.0035 292 152 483 346
diningtable 0.0033 -18 220 513 387
diningtable 0.0028 355 325 508 375
diningtable 0.0020 15 123 276 373
diningtable 0.0015 25 253 310 367
diningtable 0.0010 262 238 459 360
dog 0.0011 472 286 500 376
motorbike 0.0051 15 123 276 373
person 0.9993 22 84 274 347
person 0.9939 269 130 452 350
person 0.0424 472 286 500 376
person 0.0083 0 33 59 322
person 0.0067 451 290 503 369
person 0.0038 441 145 501 368
person 0.0023 412 -24 497 225
person 0.0018 0 151 95 360
person 0.0016 487 295 500 379
person 0.0015 476 177 500 371
sofa 0.0028 15 123 276 373
sofa 0.0016 230 136 453 361
