bottle 0.0681 254 181 269 235
bottle 0.0081 222 196 238 219
bottle 0.0043 154 161 168 193
bottle 0.0041 216 196 244 237
bottle 0.0023 261 187 272 225
bottle 0.0021 257 193 275 238
bottle 0.0018 366 477 379 498
bottle 0.0018 214 195 229 220
bottle 0.0016 105 205 123 228
bottle 0.0015 80 171 96 225
bottle 0.0015 265 183 287 230
bottle 0.0014 231 195 244 219
bottle 0.0012 231 195 246 238
bottle 0.0010 256 182 266 215
chair 0.6500 134 258 255 324
chair 0.5411 2 264 125 322
chair 0.1665 -20 261 337 501
chair 0.0282 -5 265 135 375
chair 0.0096 -2 306 148 502
chair 0.0094 311 144 361 194
chair 0.0090 13 252 206 331
chair 0.0074 123 306 379 500
chair 0.0074 2 228 121 305
chair 0.0041 42 253 153 314
chair 0.0039 -61 364 125 502
chair 0.0035 305 140 356 226
chair 0.0030 -2 274 57 310
chair 0.0027 17 267 96 304
chair 0.0022 -4 365 311 503
chair 0.0021 53 273 120 310
chair 0.0021 337 162 354 230
chair 0.0018 102 256 221 314
chair 0.0016 304 144 351 173
chair 0.0014 333 150 358 206
chair 0.0012 335 192 354 241
chair 0.0012 -10 447 128 501
chair 0.0011 14 272 284 368
chair 0.0011 165 265 292 320
chair 0.0011 288 159 343 246
chair 0.0010 215 374 373 500
chair 0.0010 27 271 123 351
chair 0.0010 71 259 124 331
chair 0.0010 331 149 363 249
chair 0.0010 190 449 396 499
chair 0.0010 110 268 216 358
diningtable 0.9950 0 299 381 505
diningtable 0.0101 115 253 263 328
diningtable 0.0074 2 264 125 322
diningtable 0.0030 13 252 206 331
diningtable 0.0015 2 296 118 370
diningtable 0.0013 311 144 361 194
diningtable 0.0013 277 164 354 242
diningtable 0.0012 183 196 288 234
pottedplant 0.0096 168 194 213 237
pottedplant 0.0085 152 162 170 194
pottedplant 0.0062 255 121 292 203
pottedplant 0.0044 143 158 167 196
pottedplant 0.0039 109 176 206 228
pottedplant 0.0015 158 172 203 235
pottedplant 0.0013 210 120 237 178
pottedplant 0.0012 239 115 276 207
pottedplant 0.0011 115 253 263 328
pottedplant 0.0010 167 183 196 226
sofa 0.0115 2 264 125 322
sofa 0.0020 311 144 361 194
tvmonitor 0.0157 312 144 359 175
tvmonitor 0.0017 290 192 345 239
tvmonitor 0.0011 287 158 345 197
tvmonitor 0.0011 302 146 351 189
