bottle 0.1147 23 181 46 240
bottle 0.0674 41 185 62 237
bottle 0.0290 229 150 247 195
bottle 0.0099 32 184 54 237
bottle 0.0087 295 163 311 187
bottle 0.0038 0 178 44 247
bottle 0.0034 22 173 41 215
bottle 0.0033 235 148 248 181
bottle 0.0032 45 185 57 221
bottle 0.0027 0 140 23 260
bottle 0.0019 25 178 38 208
bottle 0.0018 47 187 73 236
bottle 0.0017 67 167 142 227
bottle 0.0013 153 147 197 214
bottle 0.0011 19 187 66 236
bottle 0.0011 0 340 10 373
bottle 0.0010 14 171 36 232
bottle 0.0010 0 327 12 379
chair 0.5590 369 206 496 378
chair 0.0446 366 149 495 320
chair 0.0315 435 192 498 388
chair 0.0116 153 147 197 214
chair 0.0071 446 174 500 292
chair 0.0029 474 199 499 383
chair 0.0026 126 144 195 234
chair 0.0015 451 283 499 376
chair 0.0013 375 290 495 373
diningtable 0.0045 369 206 496 378
person 0.0014 368 4 500 385
person 0.0010 0 158 23 267
pottedplant 0.0061 295 163 311 187
pottedplant 0.0024 280 160 307 190
pottedplant 0.0017 279 164 326 187
pottedplant 0.0011 343 164 396 264
sofa 0.0100 370 140 505 336
tvmonitor 0.0505 127 140 199 223
tvmonitor 0.0022 67 167 142 227
tvmonitor 0.0010 152 156 203 207
