aeroplane 0.9792 2 124 414 341
aeroplane 0.3345 305 122 491 268
aeroplane 0.0270 158 147 315 203
aeroplane 0.0108 198 127 458 261
aeroplane 0.0096 406 152 500 314
aeroplane 0.0092 280 166 326 194
aeroplane 0.0061 229 149 360 205
aeroplane 0.0050 197 155 213 169
aeroplane 0.0045 288 162 332 187
aeroplane 0.0040 308 128 412 184
aeroplane 0.0033 217 137 337 189
aeroplane 0.0032 291 166 316 184
aeroplane 0.0031 117 153 460 297
aeroplane 0.0027 51 136 362 249
aeroplane 0.0026 431 114 502 283
aeroplane 0.0023 405 199 498 277
aeroplane 0.0023 71 164 91 181
aeroplane 0.0023 109 146 256 203
aeroplane 0.0019 13 159 326 299
aeroplane 0.0018 291 172 316 190
aeroplane 0.0018 254 156 273 167
aeroplane 0.0017 444 167 500 269
aeroplane 0.0015 254 149 272 162
aeroplane 0.0015 190 155 205 170
aeroplane 0.0014 274 148 292 161
aeroplane 0.0012 61 159 100 187
aeroplane 0.0012 5 230 61 270
aeroplane 0.0010 446 125 500 227
bicycle 0.0104 101 44 116 69
bicycle 0.0032 478 46 491 70
bicycle 0.0031 94 46 110 68
bicycle 0.0029 78 39 103 72
bicycle 0.0026 100 28 119 70
bicycle 0.0023 70 36 91 74
bicycle 0.0017 343 44 358 67
bicycle 0.0015 468 47 482 69
bicycle 0.0015 461 46 472 70
bicycle 0.0014 352 44 366 68
bicycle 0.0014 64 37 83 74
bird 0.0047 197 155 213 169
bird 0.0037 71 164 91 181
bird 0.0032 101 44 116 69
bird 0.0030 94 46 110 68
bird 0.0024 190 155 205 170
bird 0.0017 291 166 316 184
bird 0.0010 64 164 82 182
boat 0.0021 62 14 83 25
boat 0.0019 100 13 121 26
boat 0.0015 69 14 91 25
boat 0.0010 288 165 333 195
bottle 0.0277 30 47 40 70
bottle 0.0258 343 44 358 67
bottle 0.0197 249 46 262 67
bottle 0.0188 352 44 366 68
bottle 0.0156 335 46 348 68
bottle 0.0132 327 47 338 68
bottle 0.0130 254 46 272 66
bottle 0.0105 264 46 280 66
bottle 0.0084 101 44 116 69
bottle 0.0072 28 56 39 73
bottle 0.0067 468 47 482 69
bottle 0.0066 461 46 472 70
bottle 0.0064 249 38 261 61
bottle 0.0047 31 33 41 63
bottle 0.0043 336 36 348 63
bottle 0.0041 94 46 110 68
bottle 0.0037 478 46 491 70
bottle 0.0036 364 35 376 62
bottle 0.0035 238 46 252 67
bottle 0.0035 163 30 173 64
bottle 0.0034 393 46 405 70
bottle 0.0032 286 46 300 68
bottle 0.0032 73 42 88 72
bottle 0.0031 266 40 279 61
bottle 0.0030 363 43 375 70
bottle 0.0027 306 19 319 35
bottle 0.0026 83 45 100 69
bottle 0.0026 328 36 338 63
bottle 0.0026 371 28 383 49
bottle 0.0025 240 35 251 61
bottle 0.0023 34 46 47 69
bottle 0.0023 67 44 80 72
bottle 0.0022 6 15 18 39
bottle 0.0022 394 33 406 62
bottle 0.0021 161 44 174 70
bottle 0.0020 371 35 386 60
bottle 0.0020 315 48 329 68
bottle 0.0019 305 47 319 68
bottle 0.0019 273 48 292 66
bottle 0.0018 403 33 414 62
bottle 0.0017 36 17 47 37
bottle 0.0017 36 33 46 62
bottle 0.0016 341 28 360 69
bottle 0.0015 382 0 396 14
bottle 0.0014 453 33 463 62
bottle 0.0012 333 29 352 68
bottle 0.0012 342 19 355 37
bottle 0.0012 421 32 433 62
bottle 0.0011 159 25 175 68
bottle 0.0011 28 27 43 67
bottle 0.0011 401 46 414 69
bottle 0.0011 394 24 405 52
bottle 0.0011 134 16 145 36
bottle 0.0011 36 22 46 53
bottle 0.0011 3 15 20 59
bottle 0.0010 380 47 398 68
bottle 0.0010 294 47 311 67
bottle 0.0010 363 17 378 39
bottle 0.0010 365 25 376 51
bus 0.0021 100 13 121 26
car 0.0259 100 13 121 26
car 0.0101 62 14 83 25
car 0.0077 69 14 91 25
car 0.0039 396 2 419 16
car 0.0032 224 13 243 27
car 0.0024 478 46 491 70
car 0.0024 438 20 456 34
car 0.0017 399 27 436 66
car 0.0010 330 11 350 27
cat 0.0034 101 44 116 69
cat 0.0030 94 46 110 68
cat 0.0017 78 39 103 72
cat 0.0016 343 44 358 67
cat 0.0010 83 45 100 69
chair 0.0900 352 44 366 68
chair 0.0872 343 44 358 67
chair 0.0447 335 46 348 68
chair 0.0399 468 47 482 69
chair 0.0398 101 44 116 69
chair 0.0398 70 36 91 74
chair 0.0381 94 46 110 68
chair 0.0320 407 27 432 65
chair 0.0320 78 39 103 72
chair 0.0301 83 45 100 69
chair 0.0268 478 46 491 70
chair 0.0224 341 28 360 69
chair 0.0221 461 46 472 70
chair 0.0192 363 43 375 70
chair 0.0189 64 37 83 74
chair 0.0177 364 35 376 62
chair 0.0176 418 28 436 66
chair 0.0167 327 47 338 68
chair 0.0157 147 27 172 69
chair 0.0137 336 36 348 63
chair 0.0131 75 32 87 65
chair 0.0126 371 35 386 60
chair 0.0115 361 29 380 66
chair 0.0113 333 29 352 68
chair 0.0110 149 47 168 69
chair 0.0109 370 45 388 68
chair 0.0100 183 26 210 66
chair 0.0098 349 30 370 67
chair 0.0094 100 28 119 70
chair 0.0094 305 47 319 68
chair 0.0089 463 39 486 72
chair 0.0087 254 46 272 66
chair 0.0086 92 29 113 71
chair 0.0084 367 30 391 64
chair 0.0074 294 47 311 67
chair 0.0073 433 26 458 67
chair 0.0073 96 37 109 63
chair 0.0062 380 47 398 68
chair 0.0061 393 46 405 70
chair 0.0061 315 48 329 68
chair 0.0059 421 44 435 70
chair 0.0058 249 46 262 67
chair 0.0052 411 33 427 61
chair 0.0049 131 46 148 70
chair 0.0049 286 46 300 68
chair 0.0049 84 35 98 63
chair 0.0048 401 26 418 66
chair 0.0047 159 25 175 68
chair 0.0046 403 33 414 62
chair 0.0045 161 44 174 70
chair 0.0045 371 28 383 49
chair 0.0044 391 28 409 66
chair 0.0043 127 40 171 70
chair 0.0043 139 47 158 68
chair 0.0043 238 46 252 67
chair 0.0043 273 48 292 66
chair 0.0041 394 33 406 62
chair 0.0041 303 27 322 68
chair 0.0040 396 2 419 16
chair 0.0040 68 32 79 66
chair 0.0038 365 25 376 51
chair 0.0036 264 46 280 66
chair 0.0035 375 30 402 65
chair 0.0035 361 40 399 69
chair 0.0034 287 277 352 338
chair 0.0033 163 24 188 69
chair 0.0032 221 28 248 64
chair 0.0030 333 18 350 36
chair 0.0029 163 30 173 64
chair 0.0028 307 34 319 63
chair 0.0028 72 16 91 64
chair 0.0027 69 14 91 25
chair 0.0026 363 17 378 39
chair 0.0026 187 26 207 48
chair 0.0024 458 39 475 72
chair 0.0023 66 54 80 74
chair 0.0023 401 46 414 69
chair 0.0022 187 18 207 38
chair 0.0022 380 36 398 59
chair 0.0022 306 19 319 35
chair 0.0022 112 43 124 70
chair 0.0021 36 33 46 62
chair 0.0021 225 48 244 66
chair 0.0020 316 36 327 62
chair 0.0019 185 47 207 66
chair 0.0019 328 36 338 63
chair 0.0019 411 27 427 50
chair 0.0018 452 44 464 68
chair 0.0018 224 19 245 37
chair 0.0017 305 280 336 332
chair 0.0017 33 27 50 66
chair 0.0016 151 35 167 62
chair 0.0016 224 27 245 47
chair 0.0016 96 53 109 72
chair 0.0015 342 19 355 37
chair 0.0015 438 20 456 34
chair 0.0015 0 12 15 67
chair 0.0015 382 0 396 14
chair 0.0015 344 25 355 53
chair 0.0015 34 46 47 69
cow 0.0089 94 46 110 68
cow 0.0084 101 44 116 69
cow 0.0020 78 39 103 72
cow 0.0015 83 45 100 69
diningtable 0.0048 70 39 111 71
diningtable 0.0028 399 27 436 66
diningtable 0.0018 359 29 401 65
diningtable 0.0015 70 36 91 74
diningtable 0.0012 343 44 358 67
diningtable 0.0011 330 29 372 68
diningtable 0.0010 367 41 410 69
diningtable 0.0010 458 39 494 72
diningtable 0.0010 352 44 366 68
dog 0.0144 101 44 116 69
dog 0.0140 94 46 110 68
dog 0.0059 78 39 103 72
dog 0.0041 83 45 100 69
dog 0.0027 70 36 91 74
dog 0.0017 80 40 122 69
dog 0.0017 343 44 358 67
dog 0.0011 352 44 366 68
horse 0.0032 101 44 116 69
horse 0.0024 94 46 110 68
horse 0.0015 78 39 103 72
horse 0.0015 100 28 119 70
horse 0.0015 71 27 90 71
motorbike 0.0014 101 44 116 69
person 0.3687 103 164 120 199
person 0.0365 101 44 116 69
person 0.0331 461 46 472 70
person 0.0283 71 27 90 71
person 0.0274 478 46 491 70
person 0.0262 468 47 482 69
person 0.0232 101 12 121 69
person 0.0194 352 44 366 68
person 0.0193 343 44 358 67
person 0.0181 465 26 485 73
person 0.0171 418 28 436 66
person 0.0129 407 27 432 65
person 0.0115 134 16 145 36
person 0.0105 94 46 110 68
person 0.0100 3 15 20 59
person 0.0093 36 17 47 37
person 0.0092 459 27 475 72
person 0.0089 75 32 87 65
person 0.0083 430 31 441 62
person 0.0082 335 46 348 68
person 0.0080 341 28 360 69
person 0.0077 453 33 463 62
person 0.0077 65 26 83 73
person 0.0070 111 162 125 187
person 0.0060 114 33 123 64
person 0.0060 327 47 338 68
person 0.0058 160 14 174 65
person 0.0057 34 15 49 62
person 0.0057 254 46 272 66
person 0.0056 96 37 109 63
person 0.0055 461 34 472 64
person 0.0052 249 46 262 67
person 0.0052 92 29 113 71
person 0.0050 264 46 280 66
person 0.0049 421 27 432 51
person 0.0048 79 29 102 70
person 0.0047 364 35 376 62
person 0.0046 372 152 384 169
person 0.0045 6 15 18 39
person 0.0044 75 23 88 53
person 0.0043 306 19 319 35
person 0.0043 427 26 444 66
person 0.0035 336 36 348 63
person 0.0035 403 33 414 62
person 0.0035 433 26 458 67
person 0.0034 401 26 418 66
person 0.0034 304 14 320 64
person 0.0034 30 47 40 70
person 0.0034 93 164 128 199
person 0.0033 311 11 330 67
person 0.0033 36 22 46 53
person 0.0032 468 25 481 50
person 0.0032 391 13 407 64
person 0.0031 133 11 148 69
person 0.0030 111 11 124 68
person 0.0030 107 158 128 193
person 0.0029 163 15 174 40
person 0.0029 429 43 441 70
person 0.0028 421 44 435 70
person 0.0028 31 33 41 63
person 0.0028 363 43 375 70
person 0.0027 69 14 91 25
person 0.0027 163 22 172 54
person 0.0026 100 13 121 26
person 0.0026 361 29 380 66
person 0.0025 430 26 442 49
person 0.0025 333 29 352 68
person 0.0025 411 33 427 61
person 0.0025 83 45 100 69
person 0.0025 452 25 462 51
person 0.0024 469 34 482 65
person 0.0024 31 23 41 52
person 0.0024 68 32 79 66
person 0.0024 411 27 427 50
person 0.0023 438 20 456 34
person 0.0021 0 12 15 67
person 0.0021 28 17 43 61
person 0.0019 394 33 406 62
person 0.0019 84 35 98 63
person 0.0019 249 38 261 61
person 0.0018 71 164 91 181
person 0.0018 396 2 419 16
person 0.0017 452 44 464 68
person 0.0017 393 46 405 70
person 0.0017 266 40 279 61
person 0.0016 29 17 42 37
person 0.0016 36 33 46 62
person 0.0016 72 18 91 36
person 0.0016 62 14 83 25
person 0.0016 373 146 387 167
person 0.0015 328 36 338 63
person 0.0015 450 27 465 68
person 0.0014 197 155 213 169
person 0.0014 238 46 252 67
person 0.0014 67 25 78 53
person 0.0014 349 30 370 67
person 0.0014 466 19 483 37
person 0.0013 488 43 498 71
person 0.0013 112 43 124 70
person 0.0013 394 24 405 52
pottedplant 0.2289 254 46 272 66
pottedplant 0.1230 264 46 280 66
pottedplant 0.1226 287 277 352 338
pottedplant 0.0839 249 46 262 67
pottedplant 0.0299 252 33 276 65
pottedplant 0.0272 238 46 252 67
pottedplant 0.0251 249 38 261 61
pottedplant 0.0251 273 48 292 66
pottedplant 0.0216 266 40 279 61
pottedplant 0.0215 335 46 348 68
pottedplant 0.0184 225 48 244 66
pottedplant 0.0167 478 46 491 70
pottedplant 0.0160 343 44 358 67
pottedplant 0.0156 305 280 336 332
pottedplant 0.0128 352 44 366 68
pottedplant 0.0124 468 47 482 69
pottedplant 0.0097 327 47 338 68
pottedplant 0.0085 396 2 419 16
pottedplant 0.0084 461 46 472 70
pottedplant 0.0083 30 47 40 70
pottedplant 0.0082 101 44 116 69
pottedplant 0.0078 371 28 383 49
pottedplant 0.0078 247 43 282 67
pottedplant 0.0078 221 28 248 64
pottedplant 0.0075 184 19 210 56
pottedplant 0.0066 371 35 386 60
pottedplant 0.0060 247 40 266 72
pottedplant 0.0060 240 35 251 61
pottedplant 0.0058 286 46 300 68
pottedplant 0.0055 438 20 456 34
pottedplant 0.0048 28 56 39 73
pottedplant 0.0047 69 14 91 25
pottedplant 0.0046 306 19 319 35
pottedplant 0.0043 149 47 168 69
pottedplant 0.0042 224 27 245 47
pottedplant 0.0037 433 26 458 67
pottedplant 0.0037 225 36 244 58
pottedplant 0.0036 333 18 350 36
pottedplant 0.0033 294 47 311 67
pottedplant 0.0033 367 30 391 64
pottedplant 0.0032 393 46 405 70
pottedplant 0.0032 185 47 207 66
pottedplant 0.0031 330 11 350 27
pottedplant 0.0031 336 36 348 63
pottedplant 0.0031 255 21 270 35
pottedplant 0.0030 364 35 376 62
pottedplant 0.0030 342 19 355 37
pottedplant 0.0029 62 14 83 25
pottedplant 0.0029 187 18 207 38
pottedplant 0.0028 380 47 398 68
pottedplant 0.0028 224 13 243 27
pottedplant 0.0028 419 57 436 72
pottedplant 0.0027 370 45 388 68
pottedplant 0.0027 187 26 207 48
pottedplant 0.0026 161 44 174 70
pottedplant 0.0026 224 19 245 37
pottedplant 0.0024 421 44 435 70
pottedplant 0.0023 363 43 375 70
pottedplant 0.0022 94 46 110 68
pottedplant 0.0022 100 13 121 26
pottedplant 0.0022 305 47 319 68
pottedplant 0.0021 71 27 90 71
pottedplant 0.0021 306 277 355 319
pottedplant 0.0021 147 27 172 69
pottedplant 0.0020 465 26 485 73
pottedplant 0.0020 67 44 80 72
pottedplant 0.0019 315 48 329 68
pottedplant 0.0019 363 17 378 39
pottedplant 0.0019 215 49 234 66
pottedplant 0.0018 341 28 360 69
pottedplant 0.0018 365 25 376 51
pottedplant 0.0018 101 12 121 69
pottedplant 0.0018 333 29 352 68
pottedplant 0.0018 418 28 436 66
pottedplant 0.0017 159 25 175 68
pottedplant 0.0017 488 43 498 71
pottedplant 0.0017 392 57 406 71
pottedplant 0.0017 208 18 222 36
pottedplant 0.0017 83 45 100 69
pottedplant 0.0017 235 40 256 69
pottedplant 0.0017 407 19 430 60
pottedplant 0.0015 163 24 188 69
pottedplant 0.0015 239 27 250 49
pottedplant 0.0015 73 42 88 72
pottedplant 0.0014 362 17 379 63
pottedplant 0.0014 261 34 283 65
pottedplant 0.0014 186 13 206 27
pottedplant 0.0014 163 30 173 64
pottedplant 0.0013 36 17 47 37
pottedplant 0.0013 210 25 221 49
pottedplant 0.0013 382 0 396 14
pottedplant 0.0013 226 56 244 71
pottedplant 0.0013 250 36 298 63
pottedplant 0.0013 196 27 214 47
pottedplant 0.0013 275 40 291 60
pottedplant 0.0013 310 12 331 25
pottedplant 0.0013 187 34 206 59
pottedplant 0.0012 214 43 255 68
pottedplant 0.0012 421 27 432 51
pottedplant 0.0012 324 18 341 35
sheep 0.0034 94 46 110 68
sheep 0.0022 101 44 116 69
sofa 0.0022 407 27 432 65
sofa 0.0014 367 30 408 66
train 0.0027 409 179 499 324
train 0.0014 100 13 121 26
tvmonitor 0.0219 396 2 419 16
tvmonitor 0.0178 224 13 243 27
tvmonitor 0.0160 330 11 350 27
tvmonitor 0.0108 100 13 121 26
tvmonitor 0.0083 407 27 432 65
tvmonitor 0.0076 224 19 245 37
tvmonitor 0.0052 186 13 206 27
tvmonitor 0.0049 187 18 207 38
tvmonitor 0.0046 69 14 91 25
tvmonitor 0.0041 254 46 272 66
tvmonitor 0.0035 317 7 361 31
tvmonitor 0.0033 221 13 246 43
tvmonitor 0.0031 62 14 83 25
tvmonitor 0.0029 185 13 210 45
tvmonitor 0.0028 418 28 436 66
tvmonitor 0.0027 336 2 383 37
tvmonitor 0.0025 411 27 427 50
tvmonitor 0.0022 333 18 350 36
tvmonitor 0.0021 363 17 378 39
tvmonitor 0.0018 194 19 216 37
tvmonitor 0.0018 335 46 348 68
tvmonitor 0.0017 336 36 348 63
tvmonitor 0.0017 224 27 245 47
tvmonitor 0.0016 187 26 207 48
tvmonitor 0.0015 397 8 420 26
tvmonitor 0.0015 308 0 370 19
tvmonitor 0.0014 343 44 358 67
tvmonitor 0.0014 180 10 229 30
tvmonitor 0.0013 411 33 427 61
tvmonitor 0.0013 192 13 218 26
tvmonitor 0.0011 192 18 218 57
tvmonitor 0.0011 478 46 491 70
tvmonitor 0.0011 320 10 344 26
tvmonitor 0.0011 196 27 214 47
tvmonitor 0.0010 371 35 386 60
tvmonitor 0.0010 388 0 426 20
tvmonitor 0.0010 371 28 383 49
tvmonitor 0.0010 394 3 422 33
tvmonitor 0.0010 352 44 366 68
