bottle 0.0010 324 160 353 207
bus 0.9953 2 58 501 369
bus 0.0207 -6 32 217 348
bus 0.0122 250 88 412 214
bus 0.0076 313 75 493 229
bus 0.0039 234 46 491 322
bus 0.0017 433 14 500 341
bus 0.0014 363 58 498 375
bus 0.0014 -3 59 66 334
car 0.0141 1 118 498 380
car 0.0051 182 195 249 226
person 0.8188 104 161 191 225
person 0.7290 263 134 338 216
person 0.2591 325 103 417 218
person 0.0805 126 167 230 225
person 0.0748 347 109 391 139
person 0.0618 157 180 199 223
person 0.0534 250 88 412 214
person 0.0284 265 105 360 236
person 0.0216 276 137 393 215
person 0.0179 347 142 430 214
person 0.0101 87 174 206 241
person 0.0080 305 94 358 136
person 0.0077 125 165 170 216
person 0.0076 307 104 365 216
person 0.0059 171 44 472 329
person 0.0043 44 167 173 222
person 0.0037 312 108 404 180
person 0.0034 268 96 325 191
person 0.0033 294 162 420 220
person 0.0031 325 165 354 215
person 0.0025 313 75 493 229
person 0.0023 331 95 417 146
person 0.0021 268 154 296 211
person 0.0021 269 94 365 150
person 0.0019 355 116 382 134
person 0.0018 359 169 418 212
person 0.0017 234 99 336 220
person 0.0015 231 158 333 227
person 0.0011 0 159 10 223
person 0.0011 344 107 436 178
train 0.0135 1 118 498 380
tvmonitor 0.0079 105 -6 523 371
