aeroplane 0.0077 4 0 498 420
bus 0.0012 4 0 498 420
car 0.0046 4 0 498 420
person 0.0147 425 95 446 135
person 0.0111 176 104 194 146
person 0.0084 147 98 167 154
person 0.0082 88 104 110 147
person 0.0073 144 97 183 188
person 0.0072 172 111 185 139
person 0.0065 396 113 418 152
person 0.0064 127 92 163 189
person 0.0062 414 96 440 137
person 0.0059 169 106 188 148
person 0.0042 324 87 340 143
person 0.0034 92 118 107 149
person 0.0021 159 99 200 187
person 0.0020 392 107 443 142
person 0.0017 178 118 192 143
person 0.0016 159 101 176 152
person 0.0015 373 83 416 155
person 0.0015 368 84 388 143
person 0.0015 170 120 184 144
person 0.0014 415 113 436 133
person 0.0013 83 106 102 145
person 0.0012 148 121 169 184
person 0.0012 0 52 18 263
person 0.0012 388 112 411 154
person 0.0012 143 98 160 170
person 0.0011 436 92 454 140
person 0.0010 86 118 98 149
train 0.9985 5 0 499 372
train 0.0012 322 35 498 188
train 0.0012 449 80 495 161
