boat 0.0091 186 163 245 195
boat 0.0035 32 171 313 312
bottle 0.0021 373 139 386 166
chair 0.2320 59 160 282 256
chair 0.1402 74 150 180 236
chair 0.0488 14 162 333 336
chair 0.0468 0 172 184 332
chair 0.0171 1 183 99 327
chair 0.0093 186 163 245 195
chair 0.0060 0 173 25 338
chair 0.0046 64 134 274 224
chair 0.0026 177 154 235 190
chair 0.0018 0 146 140 278
chair 0.0010 -1 108 59 327
diningtable 0.0022 59 160 282 256
diningtable 0.0015 32 171 313 312
person 0.0021 59 160 282 256
pottedplant 0.8111 404 135 460 225
pottedplant 0.3124 390 67 473 214
pottedplant 0.2930 -2 5 171 184
pottedplant 0.0477 187 158 243 188
pottedplant 0.0164 406 174 465 223
pottedplant 0.0109 -1 125 13 197
pottedplant 0.0108 411 154 462 205
pottedplant 0.0074 0 131 24 193
pottedplant 0.0069 2 8 92 158
pottedplant 0.0068 57 75 154 155
pottedplant 0.0061 162 153 248 197
pottedplant 0.0053 373 139 386 166
pottedplant 0.0050 384 77 439 202
pottedplant 0.0041 -1 0 51 88
pottedplant 0.0040 25 -4 305 193
pottedplant 0.0038 71 40 169 118
pottedplant 0.0036 429 56 499 225
pottedplant 0.0031 -1 105 179 227
pottedplant 0.0029 136 40 234 109
pottedplant 0.0026 10 2 240 116
pottedplant 0.0024 0 72 23 206
pottedplant 0.0019 24 51 147 143
pottedplant 0.0017 64 134 274 224
pottedplant 0.0016 433 156 459 203
pottedplant 0.0016 0 115 21 276
pottedplant 0.0016 189 143 239 179
pottedplant 0.0015 0 4 26 151
pottedplant 0.0015 405 71 500 161
pottedplant 0.0015 9 70 123 160
pottedplant 0.0014 424 93 467 220
pottedplant 0.0013 -4 10 190 317
pottedplant 0.0012 386 180 411 217
pottedplant 0.0012 177 165 237 195
pottedplant 0.0012 2 56 97 216
pottedplant 0.0010 126 72 153 115
sofa 0.0340 14 162 333 336
sofa 0.0166 59 160 282 256
sofa 0.0113 186 163 245 195
sofa 0.0023 0 181 137 327
tvmonitor 0.0267 186 163 245 195
