aeroplane 0.0016 374 115 500 241
bus 0.0010 450 124 501 236
car 0.0122 450 137 500 252
car 0.0032 409 101 501 253
car 0.0019 76 144 428 388
car 0.0017 472 125 500 233
cow 0.0257 1 158 62 241
cow 0.0039 5 172 62 212
cow 0.0020 0 143 25 252
dog 0.0016 1 158 62 241
horse 0.9990 70 108 436 378
horse 0.0223 1 158 62 241
horse 0.0022 374 115 500 241
horse 0.0010 0 143 25 252
horse 0.0010 1 174 142 318
person 0.9378 231 34 315 278
person 0.0323 193 54 298 263
person 0.0038 89 69 346 376
person 0.0020 1 158 62 241
person 0.0019 257 159 305 264
person 0.0017 -1 148 10 219
person 0.0013 0 119 23 240
person 0.0010 174 99 455 376
sheep 0.0014 1 158 62 241
