aeroplane 0.9966 33 100 376 205
aeroplane 0.0400 191 110 437 206
aeroplane 0.0382 8 106 185 204
aeroplane 0.0070 232 212 367 254
aeroplane 0.0039 367 191 501 246
aeroplane 0.0033 201 209 322 252
aeroplane 0.0032 217 212 272 249
aeroplane 0.0025 333 209 463 251
aeroplane 0.0024 308 112 496 225
aeroplane 0.0021 295 109 313 122
aeroplane 0.0017 1 97 50 178
aeroplane 0.0016 244 146 482 249
aeroplane 0.0012 157 208 287 250
aeroplane 0.0012 0 136 46 165
aeroplane 0.0011 364 145 497 254
aeroplane 0.0010 220 196 377 245
boat 0.0039 368 209 500 251
boat 0.0032 448 138 498 247
boat 0.0024 404 184 500 246
boat 0.0014 426 223 504 253
person 0.0027 256 189 269 212
train 0.0014 232 212 367 254
