aeroplane 0.0026 8 28 487 391
boat 0.9977 -4 -14 422 374
boat 0.0059 2 320 99 377
boat 0.0041 -2 206 98 381
boat 0.0038 181 11 471 342
boat 0.0034 474 248 498 308
boat 0.0021 -5 -1 214 374
boat 0.0017 450 269 499 306
boat 0.0015 486 232 498 327
boat 0.0014 454 234 493 313
boat 0.0013 0 321 29 374
car 0.0011 2 320 99 377
person 0.2940 240 187 266 239
person 0.0467 238 183 276 257
person 0.0302 249 173 275 229
person 0.0088 35 328 90 363
person 0.0061 239 192 256 245
person 0.0056 243 173 268 216
person 0.0050 49 327 73 364
person 0.0045 238 180 256 226
person 0.0038 254 176 270 204
person 0.0036 209 179 222 206
person 0.0029 241 189 275 311
person 0.0026 220 186 296 254
person 0.0021 20 328 67 367
person 0.0020 240 185 253 217
person 0.0017 256 171 270 194
person 0.0017 247 179 264 204
person 0.0017 259 193 287 230
person 0.0013 251 195 276 241
person 0.0012 199 178 214 206
person 0.0012 264 199 282 222
person 0.0012 18 325 105 374
person 0.0011 244 197 261 225
person 0.0011 240 179 253 205
person 0.0010 241 202 252 238
train 0.0022 2 320 99 377
