bicycle 0.0043 18 295 33 321
bird 0.0046 389 34 414 82
bottle 0.0022 18 295 33 321
bottle 0.0016 45 324 64 346
bottle 0.0012 402 288 416 310
bottle 0.0012 400 295 417 316
bus 0.0020 0 251 11 306
car 0.0039 0 272 9 301
car 0.0024 19 268 33 291
car 0.0018 0 251 11 306
car 0.0014 25 268 39 292
car 0.0010 4 265 42 297
car 0.0010 3 269 22 290
cat 0.0020 332 232 383 310
cat 0.0014 313 238 362 310
chair 0.0296 309 268 355 308
chair 0.0229 293 247 310 308
chair 0.0087 357 289 381 306
chair 0.0066 400 295 417 316
chair 0.0059 301 252 320 302
chair 0.0059 402 288 416 310
chair 0.0049 356 261 383 310
chair 0.0042 282 248 301 307
chair 0.0040 45 324 64 346
chair 0.0039 409 288 424 309
chair 0.0037 244 254 263 300
chair 0.0032 427 287 448 308
chair 0.0029 296 279 347 310
chair 0.0026 392 296 408 316
chair 0.0026 241 319 267 348
chair 0.0025 273 249 294 307
chair 0.0024 349 293 407 317
chair 0.0023 317 254 347 303
chair 0.0023 51 325 72 346
chair 0.0022 313 238 362 310
chair 0.0022 335 251 363 307
chair 0.0021 222 237 246 298
chair 0.0020 448 286 464 309
chair 0.0018 251 240 271 298
chair 0.0018 425 268 449 305
chair 0.0017 237 241 255 296
chair 0.0017 294 295 366 316
chair 0.0016 326 263 374 312
chair 0.0016 437 286 457 309
chair 0.0015 389 259 409 315
chair 0.0015 406 296 427 313
chair 0.0014 43 321 81 349
chair 0.0013 313 276 331 300
chair 0.0013 399 280 418 311
chair 0.0012 335 282 386 310
chair 0.0012 454 266 474 308
chair 0.0011 292 268 332 304
chair 0.0011 245 278 261 296
chair 0.0011 332 232 383 310
chair 0.0011 455 298 475 312
chair 0.0010 341 304 415 326
chair 0.0010 309 254 333 302
cow 0.0012 11 165 75 202
diningtable 0.0025 316 264 364 310
diningtable 0.0017 305 278 356 313
horse 0.0012 18 270 35 322
motorbike 0.0021 18 270 35 322
motorbike 0.0016 18 295 33 321
person 0.6800 18 270 35 322
person 0.0894 22 266 40 311
person 0.0447 332 232 383 310
person 0.0322 313 238 362 310
person 0.0205 4 152 43 194
person 0.0199 25 268 39 292
person 0.0141 20 269 32 306
person 0.0133 0 161 65 200
person 0.0096 18 295 33 321
person 0.0034 2 158 55 276
person 0.0030 0 272 9 301
person 0.0029 24 277 36 316
person 0.0020 14 263 37 300
person 0.0020 4 275 42 318
person 0.0017 33 274 47 296
person 0.0015 16 152 29 176
person 0.0013 208 314 221 338
person 0.0013 3 209 48 302
person 0.0013 0 151 25 284
person 0.0012 427 287 448 308
person 0.0012 402 288 416 310
person 0.0011 334 250 363 290
person 0.0010 -1 261 11 314
person 0.0010 409 288 424 309
person 0.0010 205 315 225 352
person 0.0010 295 207 333 302
person 0.0010 302 263 373 314
pottedplant 0.3721 273 249 294 307
pottedplant 0.3471 265 213 301 306
pottedplant 0.2381 351 231 385 309
pottedplant 0.2149 244 244 263 295
pottedplant 0.1564 277 207 314 304
pottedplant 0.1244 282 248 301 307
pottedplant 0.1198 295 207 333 302
pottedplant 0.1119 293 247 310 308
pottedplant 0.0586 237 241 255 296
pottedplant 0.0426 251 240 271 298
pottedplant 0.0275 312 215 362 301
pottedplant 0.0272 358 219 381 282
pottedplant 0.0227 247 253 261 286
pottedplant 0.0200 225 229 261 314
pottedplant 0.0179 316 232 390 312
pottedplant 0.0161 222 233 247 286
pottedplant 0.0141 356 261 383 310
pottedplant 0.0138 246 265 260 294
pottedplant 0.0122 245 278 261 296
pottedplant 0.0111 263 234 283 304
pottedplant 0.0078 205 236 228 279
pottedplant 0.0077 357 289 381 306
pottedplant 0.0073 240 220 280 298
pottedplant 0.0058 274 276 294 304
pottedplant 0.0056 293 275 310 302
pottedplant 0.0050 301 239 319 300
pottedplant 0.0043 368 248 387 310
pottedplant 0.0042 239 251 252 285
pottedplant 0.0041 455 252 474 305
pottedplant 0.0040 427 287 448 308
pottedplant 0.0038 275 262 291 297
pottedplant 0.0037 402 288 416 310
pottedplant 0.0033 285 261 298 297
pottedplant 0.0025 255 252 268 284
pottedplant 0.0025 297 199 379 311
pottedplant 0.0025 295 261 308 297
pottedplant 0.0025 337 243 381 294
pottedplant 0.0025 448 286 464 309
pottedplant 0.0024 283 275 301 304
pottedplant 0.0024 271 267 313 304
pottedplant 0.0024 409 288 424 309
pottedplant 0.0023 392 236 427 310
pottedplant 0.0023 207 245 225 269
pottedplant 0.0022 458 275 471 302
pottedplant 0.0022 426 244 448 293
pottedplant 0.0022 425 268 449 305
pottedplant 0.0022 400 295 417 316
pottedplant 0.0021 212 233 235 284
pottedplant 0.0021 59 247 81 289
pottedplant 0.0020 255 265 269 292
pottedplant 0.0019 257 207 338 299
pottedplant 0.0019 456 286 473 308
pottedplant 0.0018 241 264 252 294
pottedplant 0.0017 300 217 322 282
pottedplant 0.0015 226 246 243 271
pottedplant 0.0015 449 278 464 302
pottedplant 0.0014 334 192 383 290
pottedplant 0.0014 413 237 452 309
pottedplant 0.0013 247 231 313 305
pottedplant 0.0013 376 210 416 307
pottedplant 0.0012 281 164 355 302
pottedplant 0.0012 236 248 273 291
pottedplant 0.0012 306 213 333 268
pottedplant 0.0011 322 148 388 318
pottedplant 0.0011 437 286 457 309
pottedplant 0.0010 282 238 359 305
pottedplant 0.0010 388 249 410 309
pottedplant 0.0010 428 237 471 309
pottedplant 0.0010 445 251 466 307
pottedplant 0.0010 454 231 493 311
pottedplant 0.0010 61 267 78 288
pottedplant 0.0010 264 263 287 305
sheep 0.0010 370 -99 498 135
sofa 0.0034 316 264 364 310
sofa 0.0022 302 238 375 310
sofa 0.0012 305 278 356 313
tvmonitor 0.0012 357 289 381 306
