bottle 0.0131 164 179 237 469
bottle 0.0058 0 59 11 146
bottle 0.0056 5 66 47 166
bottle 0.0049 401 341 485 483
bottle 0.0048 27 70 60 160
bottle 0.0036 14 70 30 136
bottle 0.0035 5 109 197 489
bottle 0.0030 32 75 51 149
bottle 0.0029 1 71 23 135
bottle 0.0025 41 116 59 164
bottle 0.0019 43 72 86 158
bottle 0.0019 468 343 484 427
bottle 0.0016 467 327 489 471
bottle 0.0015 0 41 21 191
bottle 0.0014 480 219 488 306
bottle 0.0012 476 339 488 434
bottle 0.0011 154 45 486 485
car 0.0010 5 109 197 489
cat 0.0030 5 109 197 489
chair 0.0069 5 109 197 489
chair 0.0016 18 0 483 479
diningtable 0.0019 2 213 489 480
person 0.9994 162 -1 479 483
person 0.9924 2 88 201 475
person 0.0048 0 32 55 470
person 0.0045 -25 81 365 475
person 0.0033 164 179 237 469
person 0.0019 0 41 29 456
person 0.0013 0 129 18 406
sofa 0.0012 18 0 483 479
tvmonitor 0.0042 5 109 197 489
tvmonitor 0.0027 18 0 483 479
