car 0.0136 296 64 332 185
car 0.0126 141 0 335 101
car 0.0083 305 85 330 153
car 0.0050 -13 2 340 430
car 0.0032 74 6 335 61
car 0.0027 223 6 320 84
car 0.0016 176 0 327 56
car 0.0014 287 36 330 139
car 0.0014 288 23 338 218
chair 0.1909 -8 57 341 503
chair 0.0682 18 21 320 333
chair 0.0047 -4 302 327 499
chair 0.0040 149 7 333 170
chair 0.0016 89 0 321 95
diningtable 0.0056 18 21 320 333
diningtable 0.0014 141 0 335 101
motorbike 0.0013 296 64 332 185
person 0.8980 16 30 317 476
person 0.0052 3 24 172 313
person 0.0038 7 15 325 259
person 0.0030 -12 245 268 488
person 0.0025 127 17 343 403
person 0.0010 48 0 81 9
sofa 0.1364 -13 2 340 430
tvmonitor 0.0019 89 0 321 95
tvmonitor 0.0015 116 2 275 54
