bicycle 0.0165 241 291 263 334
bicycle 0.0138 0 309 14 381
bicycle 0.0040 201 289 216 326
bicycle 0.0025 -1 258 21 374
bicycle 0.0018 202 299 213 330
bicycle 0.0012 -1 302 22 352
boat 0.0010 242 286 262 330
bottle 0.0033 203 289 214 326
car 0.0073 0 295 14 361
car 0.0026 0 300 9 333
car 0.0022 -1 258 21 374
car 0.0014 0 309 10 341
car 0.0013 242 286 262 330
car 0.0012 0 268 9 349
chair 0.0020 241 291 263 334
chair 0.0018 0 292 21 374
cow 0.0167 242 286 262 330
cow 0.0036 0 309 14 381
dog 0.0039 0 292 21 374
dog 0.0037 242 286 262 330
horse 0.0494 242 286 262 330
horse 0.0136 0 292 21 374
horse 0.0011 -1 323 13 381
motorbike 0.0113 242 286 262 330
motorbike 0.0097 0 309 14 381
motorbike 0.0022 -1 258 21 374
motorbike 0.0019 201 289 216 326
motorbike 0.0012 0 286 12 351
motorbike 0.0011 -1 302 22 352
person 0.7857 242 286 262 330
person 0.1228 0 309 14 381
person 0.0682 203 289 214 326
person 0.0099 -1 258 21 374
person 0.0077 0 286 12 351
person 0.0053 207 289 219 326
person 0.0041 -1 302 22 352
person 0.0040 0 300 9 333
person 0.0038 253 286 270 328
person 0.0026 0 163 19 347
person 0.0024 0 309 10 341
person 0.0023 242 290 255 325
person 0.0017 102 287 116 307
pottedplant 0.0047 201 289 216 326
