bicycle 0.0202 364 208 501 330
bicycle 0.0055 407 93 500 173
car 0.0076 412 77 496 154
car 0.0055 0 -43 22 169
car 0.0017 360 131 498 305
car 0.0015 397 81 439 128
car 0.0015 361 94 494 227
car 0.0011 404 112 500 193
car 0.0010 0 0 11 73
diningtable 0.0013 369 77 494 193
horse 0.0378 407 93 500 173
horse 0.0010 400 71 435 153
motorbike 0.5878 364 208 501 330
motorbike 0.0462 407 93 500 173
motorbike 0.0029 400 71 435 153
motorbike 0.0029 448 214 500 332
motorbike 0.0018 473 208 497 336
motorbike 0.0017 447 105 499 202
person 0.8898 8 44 79 181
person 0.7435 361 157 500 335
person 0.5342 266 62 322 103
person 0.4523 93 40 126 90
person 0.2548 436 71 478 138
person 0.2338 0 -21 25 178
person 0.1663 285 59 316 95
person 0.1496 396 66 434 132
person 0.1459 137 37 180 76
person 0.1390 172 37 203 90
person 0.0468 0 35 52 165
person 0.0467 412 77 496 154
person 0.0324 436 78 462 128
person 0.0279 0 0 11 73
person 0.0264 128 39 202 92
person 0.0241 153 35 182 90
person 0.0210 440 85 494 180
person 0.0186 124 42 174 85
person 0.0172 23 38 69 128
person 0.0134 76 50 127 94
person 0.0128 154 35 202 78
person 0.0100 274 57 323 170
person 0.0072 146 42 218 104
person 0.0059 -3 -60 51 185
person 0.0052 442 71 470 118
person 0.0047 149 43 169 65
person 0.0042 38 42 80 161
person 0.0038 0 -53 17 100
person 0.0035 0 -40 7 59
person 0.0035 179 37 209 77
person 0.0034 400 77 436 182
person 0.0034 165 36 212 145
person 0.0033 361 94 494 227
person 0.0028 401 63 430 107
person 0.0027 448 214 500 332
person 0.0026 142 43 171 99
person 0.0026 289 63 312 87
person 0.0023 87 36 128 147
person 0.0022 163 44 193 99
person 0.0021 -2 33 23 74
person 0.0021 167 37 230 93
person 0.0021 268 68 300 100
person 0.0020 404 112 500 193
person 0.0019 449 77 481 128
person 0.0019 473 208 497 336
person 0.0019 0 26 10 64
person 0.0018 -2 -92 21 65
person 0.0016 255 75 309 108
person 0.0016 0 55 8 170
person 0.0015 395 94 500 305
person 0.0015 397 67 472 132
person 0.0015 425 84 469 135
person 0.0015 157 42 176 65
person 0.0014 264 60 301 173
person 0.0014 1 27 83 279
person 0.0013 384 92 436 133
person 0.0013 140 46 160 66
person 0.0013 474 74 499 163
person 0.0012 36 43 65 105
person 0.0012 429 152 503 325
person 0.0012 1 2 43 127
person 0.0011 283 64 305 85
person 0.0010 104 47 188 98
person 0.0010 414 84 436 124
person 0.0010 99 41 119 66
