bottle 0.9190 47 249 262 489
bottle 0.1479 53 78 324 510
bottle 0.0092 98 254 338 407
bottle 0.0057 221 -1 296 33
bottle 0.0055 127 239 392 496
bottle 0.0029 11 256 230 410
bottle 0.0022 62 228 253 360
bottle 0.0019 6 387 368 499
bottle 0.0016 97 319 347 480
bottle 0.0013 139 3 225 25
cat 0.0010 -34 -1 158 30
chair 0.0707 0 17 375 493
chair 0.0045 139 3 225 25
chair 0.0022 221 -1 296 33
chair 0.0020 117 0 313 32
chair 0.0019 47 213 324 471
chair 0.0016 -34 -1 158 30
chair 0.0014 222 7 375 178
chair 0.0014 35 -1 240 30
chair 0.0013 290 1 361 27
chair 0.0011 203 -2 380 31
diningtable 0.0049 -49 441 346 498
diningtable 0.0014 -16 390 324 497
diningtable 0.0012 -39 48 351 522
dog 0.0022 -34 -1 158 30
person 0.9655 0 17 375 493
person 0.0035 66 240 367 490
pottedplant 0.0014 285 2 347 26
sofa 0.0023 -12 24 382 419
