bus 0.9997 83 70 323 282
bus 0.6999 15 90 88 225
bus 0.6182 366 104 496 214
bus 0.1489 -1 91 29 223
bus 0.0157 -10 74 69 237
bus 0.0101 449 100 499 180
bus 0.0077 316 103 392 180
bus 0.0065 313 151 354 214
bus 0.0057 378 113 443 203
bus 0.0055 -4 10 31 267
bus 0.0039 -1 43 22 199
bus 0.0036 311 114 358 205
bus 0.0032 298 104 455 210
bus 0.0012 81 80 174 278
bus 0.0012 -11 117 75 199
bus 0.0012 257 82 330 239
car 0.3344 341 167 383 215
car 0.1287 313 158 352 221
car 0.0153 312 156 336 211
car 0.0128 317 157 393 211
car 0.0127 318 155 344 196
car 0.0039 367 165 460 220
car 0.0035 371 169 463 193
car 0.0025 353 167 380 204
car 0.0025 315 155 332 171
car 0.0020 13 104 85 238
car 0.0015 301 168 344 214
car 0.0013 -1 91 29 223
car 0.0012 304 161 322 224
car 0.0012 374 96 494 245
car 0.0011 345 147 445 211
person 0.0927 135 124 161 159
person 0.0123 252 123 272 168
person 0.0084 117 122 163 152
person 0.0044 420 144 435 164
person 0.0043 132 125 151 148
person 0.0021 215 119 236 168
person 0.0020 133 119 182 152
person 0.0018 236 170 254 195
person 0.0016 218 121 232 145
person 0.0016 247 129 267 177
person 0.0015 244 171 261 194
person 0.0015 172 134 223 173
person 0.0014 385 144 449 179
person 0.0013 145 124 166 147
person 0.0011 250 132 264 158
person 0.0011 233 151 256 194
person 0.0010 94 129 166 158
pottedplant 0.0044 384 195 432 225
pottedplant 0.0013 388 209 407 227
train 0.0407 25 102 82 214
train 0.0087 -1 91 29 223
train 0.0022 378 105 489 203
train 0.0015 449 100 499 180
