bicycle 0.0013 302 203 315 235
bus 0.8743 142 145 299 232
bus 0.0146 358 204 382 239
bus 0.0069 17 166 47 200
bus 0.0061 10 176 53 213
bus 0.0050 103 156 228 223
bus 0.0029 4 145 23 202
bus 0.0028 16 174 89 234
bus 0.0025 -2 190 8 274
bus 0.0025 -1 148 11 218
bus 0.0019 10 152 85 214
bus 0.0017 228 158 317 232
bus 0.0016 0 214 17 340
bus 0.0013 14 170 68 196
bus 0.0012 13 193 36 214
bus 0.0012 -1 190 12 211
bus 0.0011 33 194 90 245
car 0.9567 337 233 500 380
car 0.8182 90 189 128 228
car 0.3874 33 194 90 245
car 0.3310 13 193 36 214
car 0.0986 358 204 382 239
car 0.0923 1 192 29 211
car 0.0898 13 190 51 216
car 0.0617 -1 190 12 211
car 0.0527 20 190 43 231
car 0.0433 0 214 17 340
car 0.0432 -1 202 9 278
car 0.0202 10 176 53 213
car 0.0159 -1 197 11 219
car 0.0131 13 169 51 199
car 0.0124 23 197 41 221
car 0.0095 19 173 48 192
car 0.0090 0 238 8 338
car 0.0089 23 177 100 231
car 0.0064 -3 182 14 219
car 0.0063 0 191 27 250
car 0.0049 -2 177 22 301
car 0.0049 69 184 117 221
car 0.0045 3 198 27 217
car 0.0044 5 194 42 224
car 0.0041 15 193 71 233
car 0.0038 18 167 48 184
car 0.0035 47 176 94 208
car 0.0033 83 181 103 225
car 0.0029 19 195 33 245
car 0.0028 20 184 45 204
car 0.0025 85 175 97 193
car 0.0025 88 179 128 211
car 0.0023 98 190 138 220
car 0.0022 120 190 133 212
car 0.0022 113 189 126 215
car 0.0022 2 171 27 216
car 0.0022 428 233 501 384
car 0.0017 85 195 100 224
car 0.0017 -1 228 8 266
car 0.0016 4 145 23 202
car 0.0016 344 293 486 371
car 0.0016 0 181 11 207
car 0.0014 42 182 59 197
car 0.0014 85 181 98 203
car 0.0014 337 205 386 238
car 0.0014 111 185 126 204
car 0.0014 -1 203 7 235
car 0.0013 26 203 41 236
car 0.0012 98 185 123 201
car 0.0012 29 192 53 210
car 0.0012 29 171 92 199
motorbike 0.0028 337 233 500 380
motorbike 0.0010 302 185 317 235
person 0.7019 302 185 317 235
person 0.0154 300 189 310 232
person 0.0021 312 182 327 236
person 0.0020 228 174 240 193
person 0.0020 0 238 8 338
person 0.0019 33 194 90 245
person 0.0017 297 183 311 204
person 0.0016 0 214 17 340
person 0.0016 85 175 97 193
person 0.0015 43 176 58 193
person 0.0014 222 174 233 194
person 0.0014 -1 202 9 278
person 0.0013 316 185 325 220
train 0.0018 358 204 382 239
train 0.0011 13 169 51 199
tvmonitor 0.0012 358 204 382 239
