bus 0.0206 409 129 498 184
bus 0.0035 437 141 494 186
bus 0.0032 421 141 472 168
bus 0.0013 361 130 475 183
bus 0.0010 433 142 462 186
car 0.0029 437 141 494 186
car 0.0024 445 147 467 162
car 0.0023 430 142 481 167
car 0.0017 424 144 470 184
car 0.0013 382 159 435 183
car 0.0012 436 147 459 163
person 0.0037 375 142 386 166
person 0.0035 432 171 444 191
person 0.0032 378 143 396 181
person 0.0023 -8 18 361 362
person 0.0016 381 139 394 167
person 0.0016 374 147 388 175
train 0.9996 -10 18 426 361
train 0.0334 375 131 495 183
train 0.0026 323 94 500 202
train 0.0022 437 141 494 186
train 0.0017 421 141 472 168
