aeroplane 0.0010 298 8 401 104
cow 0.0038 215 193 277 323
cow 0.0021 366 60 445 124
cow 0.0012 9 265 55 313
sheep 0.9901 251 7 297 86
sheep 0.9848 368 53 446 124
sheep 0.9800 300 5 400 87
sheep 0.9548 223 182 360 321
sheep 0.9017 215 193 277 323
sheep 0.8826 111 177 225 344
sheep 0.7739 11 193 128 311
sheep 0.0110 9 265 55 313
sheep 0.0081 10 234 99 306
sheep 0.0047 402 57 445 118
sheep 0.0039 354 76 405 122
sheep 0.0021 110 220 147 331
sheep 0.0020 271 8 370 80
sheep 0.0018 324 51 423 110
sheep 0.0016 489 106 499 128
sheep 0.0014 401 81 453 129
sheep 0.0013 489 114 498 136
sheep 0.0010 112 185 214 252
sheep 0.0010 94 172 159 336
