bicycle 0.0022 401 218 414 255
bus 0.0040 449 165 465 178
bus 0.0029 478 166 496 182
bus 0.0020 478 172 496 186
bus 0.0019 455 165 473 179
bus 0.0012 440 160 490 182
car 0.0245 478 172 496 186
car 0.0146 449 165 465 178
car 0.0105 478 166 496 182
car 0.0063 455 165 473 179
car 0.0042 467 172 486 184
car 0.0026 488 164 498 184
car 0.0018 489 170 499 192
car 0.0015 455 171 476 183
car 0.0012 431 172 442 192
horse 0.0011 398 217 416 253
person 0.0514 392 209 409 250
person 0.0191 398 217 416 253
person 0.0027 449 165 465 178
person 0.0019 405 212 424 250
person 0.0012 396 217 406 253
person 0.0012 89 -1 424 291
person 0.0011 431 172 442 192
person 0.0011 408 219 421 255
person 0.0010 455 165 473 179
train 0.9998 81 47 437 308
train 0.0019 440 160 490 182
train 0.0014 449 165 465 178
