chair 0.0174 443 110 498 359
chair 0.0160 452 201 499 305
chair 0.0049 473 150 499 320
chair 0.0035 474 211 500 373
chair 0.0032 -1 219 24 370
chair 0.0027 0 133 54 377
chair 0.0021 0 230 134 377
chair 0.0014 478 87 500 265
chair 0.0012 0 248 47 374
chair 0.0011 453 252 500 373
diningtable 0.0013 452 201 499 305
person 0.0107 477 100 500 291
person 0.0050 445 96 498 335
person 0.0014 142 23 223 90
sofa 0.0085 445 96 498 335
sofa 0.0034 452 201 499 305
tvmonitor 0.9916 133 83 279 211
tvmonitor 0.0066 267 135 446 299
tvmonitor 0.0025 -2 50 96 227
tvmonitor 0.0017 478 87 500 265
tvmonitor 0.0014 453 179 499 296
tvmonitor 0.0010 115 31 296 265
