bird 0.0011 28 67 57 121
chair 0.9525 0 70 221 377
chair 0.0023 18 58 220 239
chair 0.0011 -2 127 54 226
pottedplant 0.9988 278 12 500 375
pottedplant 0.0212 -5 33 219 282
pottedplant 0.0087 438 125 495 386
pottedplant 0.0061 0 -1 58 201
pottedplant 0.0048 4 51 55 150
pottedplant 0.0046 251 -14 424 329
pottedplant 0.0041 28 67 57 121
pottedplant 0.0028 400 24 501 334
pottedplant 0.0024 295 2 498 138
pottedplant 0.0021 288 108 388 362
pottedplant 0.0015 360 170 500 362
pottedplant 0.0014 1 91 55 188
pottedplant 0.0014 308 1 396 77
pottedplant 0.0011 -1 43 23 194
pottedplant 0.0011 488 293 500 379
pottedplant 0.0010 256 186 414 355
pottedplant 0.0010 452 195 496 355
pottedplant 0.0010 289 -4 387 171
sofa 0.1463 1 119 218 383
