aeroplane 0.9832 100 156 479 279
aeroplane 0.0108 141 189 212 212
aeroplane 0.0087 80 176 247 223
aeroplane 0.0052 282 167 305 180
aeroplane 0.0046 255 160 311 182
aeroplane 0.0046 164 198 491 297
aeroplane 0.0028 49 184 92 206
aeroplane 0.0024 272 165 297 178
aeroplane 0.0024 294 169 494 289
aeroplane 0.0021 262 166 285 177
aeroplane 0.0019 153 179 218 208
aeroplane 0.0016 108 188 260 237
aeroplane 0.0011 126 198 227 221
car 0.0138 51 190 72 208
car 0.0086 48 187 92 210
car 0.0056 57 186 84 203
car 0.0026 49 190 61 209
person 0.0064 49 190 61 209
person 0.0024 51 190 72 208
train 0.0024 24 176 231 216
