aeroplane 0.6588 9 80 492 197
aeroplane 0.0805 5 91 257 190
aeroplane 0.0297 467 139 500 214
aeroplane 0.0154 240 116 479 199
aeroplane 0.0084 4 89 133 183
aeroplane 0.0055 454 158 503 220
aeroplane 0.0048 -1 89 50 179
aeroplane 0.0043 438 142 498 209
aeroplane 0.0034 472 176 500 220
aeroplane 0.0030 449 123 504 196
aeroplane 0.0029 0 253 27 285
aeroplane 0.0024 359 122 499 196
aeroplane 0.0023 -2 134 48 170
aeroplane 0.0019 0 121 27 166
aeroplane 0.0019 451 253 498 281
aeroplane 0.0019 -3 113 47 153
aeroplane 0.0017 474 157 500 205
aeroplane 0.0016 477 153 495 168
aeroplane 0.0013 -1 110 30 200
aeroplane 0.0012 230 301 296 323
aeroplane 0.0010 451 133 499 169
bird 0.0022 472 164 500 217
boat 0.0072 472 164 500 217
boat 0.0011 219 302 288 323
sheep 0.0017 467 152 500 228
