bottle 0.0041 23 -2 44 39
bottle 0.0029 26 4 41 31
bottle 0.0022 31 -4 53 41
car 0.0069 5 -3 49 60
car 0.0048 238 3 507 286
car 0.0017 258 4 339 71
cow 0.0046 0 -6 261 292
dog 0.9955 244 22 505 335
dog 0.0210 0 -6 261 292
dog 0.0026 9 114 258 342
dog 0.0022 191 8 396 331
horse 0.9914 0 3 262 327
horse 0.0515 -3 2 133 333
horse 0.0043 289 37 503 344
horse 0.0020 1 15 60 304
horse 0.0013 10 -13 493 342
horse 0.0010 90 55 312 346
motorbike 0.0029 -8 -9 224 296
person 0.0240 270 -13 508 301
person 0.0185 -4 42 215 338
person 0.0102 16 1 33 66
person 0.0084 -1 89 57 334
person 0.0058 2 1 51 72
person 0.0055 31 -5 53 56
person 0.0034 27 0 287 280
person 0.0031 -2 33 96 320
person 0.0024 217 42 453 340
person 0.0023 -1 77 20 313
person 0.0018 23 -3 43 56
person 0.0015 0 -2 24 82
person 0.0014 2 -32 63 275
person 0.0013 -1 29 32 361
