bicycle 0.0026 53 39 352 266
bicycle 0.0016 72 89 330 211
bus 0.0073 26 34 74 69
bus 0.0057 61 34 82 65
bus 0.0017 -2 24 9 76
bus 0.0016 -1 32 7 62
car 0.9194 21 39 66 76
car 0.0624 64 43 79 66
car 0.0387 -1 32 7 62
car 0.0319 -1 30 10 87
car 0.0144 61 34 82 65
car 0.0115 0 29 23 88
car 0.0092 39 38 87 71
car 0.0052 74 44 82 67
car 0.0014 24 38 61 60
car 0.0013 58 40 72 69
motorbike 0.0024 -1 30 10 87
person 0.0290 -1 30 10 87
person 0.0210 -1 32 7 62
person 0.0015 0 29 23 88
person 0.0014 88 77 126 161
person 0.0010 74 44 82 67
pottedplant 0.0012 54 71 349 301
train 0.0018 54 71 349 301
