bottle 0.0074 363 217 378 242
bottle 0.0042 359 208 382 248
bottle 0.0030 373 213 384 245
bottle 0.0021 344 244 356 268
bottle 0.0020 355 224 367 248
bottle 0.0017 450 236 462 265
bottle 0.0016 357 216 368 245
bottle 0.0013 369 208 387 249
car 0.0228 137 258 160 272
car 0.0208 136 251 162 268
car 0.0192 105 257 118 274
car 0.0093 108 258 127 271
car 0.0087 126 249 170 271
car 0.0036 131 259 151 272
car 0.0031 100 253 121 269
car 0.0029 106 254 129 268
car 0.0027 124 255 190 274
car 0.0026 129 252 152 268
car 0.0018 92 258 111 271
car 0.0017 79 253 101 267
car 0.0014 70 258 93 269
car 0.0010 112 256 166 277
chair 0.0037 310 158 371 330
chair 0.0023 319 157 435 333
dog 0.0012 316 226 364 324
motorbike 0.0011 105 257 118 274
person 0.9655 311 125 369 312
person 0.7884 318 133 439 334
person 0.0105 105 257 118 274
person 0.0025 325 136 377 256
person 0.0023 358 144 383 198
person 0.0015 317 166 326 191
person 0.0014 351 138 440 268
person 0.0014 316 226 364 324
person 0.0010 317 130 363 225
pottedplant 0.0017 359 208 382 248
pottedplant 0.0010 363 217 378 242
