bus 0.9998 66 138 412 302
bus 0.0078 25 191 79 224
bus 0.0051 21 191 43 210
bus 0.0042 12 189 54 215
bus 0.0021 73 186 90 234
bus 0.0020 -1 198 10 218
bus 0.0019 -1 180 27 217
bus 0.0017 489 203 499 270
bus 0.0010 75 198 87 219
car 0.0301 21 191 43 210
car 0.0216 17 190 68 222
car 0.0098 -1 198 10 218
car 0.0054 2 185 45 215
car 0.0037 75 198 87 219
car 0.0031 18 196 34 220
car 0.0028 16 190 35 210
car 0.0024 67 322 153 340
car 0.0021 491 230 499 265
car 0.0021 -1 180 27 217
car 0.0018 2 199 24 219
car 0.0016 -1 189 10 211
car 0.0016 23 184 40 199
car 0.0014 -1 205 8 227
car 0.0011 43 191 63 208
car 0.0010 28 192 55 207
person 0.0897 104 197 115 217
person 0.0557 219 194 231 222
person 0.0284 264 206 281 231
person 0.0273 123 197 135 217
person 0.0264 489 203 499 270
person 0.0250 112 198 125 216
person 0.0231 228 195 239 223
person 0.0224 286 193 297 221
person 0.0167 276 206 291 229
person 0.0167 277 195 291 222
person 0.0164 212 194 223 219
person 0.0108 263 215 282 236
person 0.0105 264 196 282 222
person 0.0092 257 207 273 230
person 0.0084 274 215 291 236
person 0.0077 364 224 376 248
person 0.0063 491 230 499 265
person 0.0055 465 216 484 260
person 0.0050 284 187 300 228
person 0.0049 97 198 108 218
person 0.0049 75 198 87 219
person 0.0039 286 203 298 230
person 0.0038 131 196 143 216
person 0.0037 272 201 294 236
person 0.0035 255 215 274 235
person 0.0031 -1 198 10 218
person 0.0027 467 232 481 261
person 0.0027 290 189 312 243
person 0.0025 258 196 272 222
person 0.0022 278 189 292 214
person 0.0022 74 189 88 249
person 0.0021 391 182 405 250
person 0.0019 326 221 337 251
person 0.0019 22 194 42 219
person 0.0016 254 202 292 233
person 0.0016 491 171 501 264
person 0.0016 151 190 163 207
person 0.0013 299 189 323 243
person 0.0012 330 166 353 211
person 0.0012 282 203 303 248
person 0.0012 298 161 337 251
person 0.0011 54 182 69 196
person 0.0011 84 199 95 220
person 0.0011 321 207 340 247
person 0.0011 260 179 286 219
person 0.0010 76 203 86 231
person 0.0010 67 197 79 218
train 0.0053 25 191 79 224
train 0.0032 13 190 53 222
