bicycle 0.0012 95 139 104 166
boat 0.0018 111 136 129 151
bus 0.0207 -2 79 104 207
bus 0.0049 111 136 129 151
bus 0.0043 90 114 110 161
bus 0.0022 111 129 128 145
bus 0.0021 103 135 116 153
bus 0.0018 97 121 141 153
bus 0.0016 106 126 133 162
bus 0.0014 102 128 118 146
bus 0.0011 98 118 122 157
bus 0.0010 95 132 105 157
car 0.0144 111 136 129 151
car 0.0050 103 135 116 153
car 0.0033 95 132 105 157
car 0.0021 111 129 128 145
car 0.0017 110 143 129 160
car 0.0014 102 128 118 146
car 0.0012 95 139 104 166
car 0.0010 122 135 135 152
person 0.0364 95 139 104 166
person 0.0291 95 132 105 157
person 0.0227 87 139 95 167
person 0.0107 92 122 109 169
person 0.0106 28 119 38 150
person 0.0090 78 130 87 159
person 0.0087 103 135 116 153
person 0.0086 93 135 107 191
person 0.0061 84 122 99 170
person 0.0055 111 136 129 151
person 0.0042 76 140 86 166
person 0.0038 93 125 107 148
person 0.0034 171 142 181 167
person 0.0033 76 122 90 168
person 0.0029 77 124 88 148
person 0.0028 1 114 23 176
person 0.0023 127 19 372 282
person 0.0023 103 141 115 162
person 0.0022 85 124 97 149
person 0.0022 102 128 118 146
person 0.0020 162 143 174 166
person 0.0018 111 129 128 145
person 0.0017 122 135 135 152
person 0.0016 27 129 37 158
person 0.0015 168 137 184 190
person 0.0014 24 119 39 167
person 0.0012 335 174 351 228
person 0.0012 0 101 10 190
person 0.0011 28 113 39 139
train 0.9555 131 21 426 284
train 0.2812 -1 89 104 172
train 0.0081 232 36 489 305
train 0.0037 89 109 128 183
train 0.0034 -1 81 49 180
train 0.0026 -2 -5 100 196
train 0.0026 111 136 129 151
train 0.0019 -7 56 73 202
train 0.0017 97 121 141 153
train 0.0015 5 72 162 190
train 0.0015 90 114 110 161
train 0.0014 30 99 137 161
train 0.0014 -3 70 105 252
train 0.0012 37 13 327 295
train 0.0011 106 126 133 162
