bicycle 0.0017 486 254 499 276
boat 0.0017 383 251 432 286
bus 0.2714 419 243 474 278
bus 0.0306 483 249 501 271
bus 0.0270 383 251 432 286
bus 0.0154 445 251 468 269
bus 0.0129 483 229 502 275
bus 0.0066 183 249 228 274
bus 0.0054 433 241 476 266
bus 0.0049 420 252 438 271
bus 0.0041 416 246 441 278
bus 0.0041 445 244 468 261
bus 0.0039 487 241 501 264
bus 0.0035 352 252 404 282
bus 0.0033 437 245 493 274
bus 0.0030 384 235 430 266
bus 0.0024 354 237 433 282
bus 0.0016 190 250 209 273
bus 0.0015 372 245 424 276
bus 0.0013 405 238 465 266
bus 0.0011 440 250 470 284
bus 0.0010 398 242 418 259
bus 0.0010 397 252 418 266
car 0.9918 38 249 179 298
car 0.9631 305 252 355 283
car 0.8640 219 248 289 276
car 0.7704 0 252 44 283
car 0.5415 483 249 501 271
car 0.3635 183 249 228 274
car 0.3616 272 246 314 273
car 0.3467 12 248 125 296
car 0.2713 201 253 267 278
car 0.2614 352 252 404 282
car 0.2584 242 251 304 279
car 0.1404 419 243 474 278
car 0.1355 282 248 306 270
car 0.1018 194 251 218 272
car 0.0854 -1 248 29 278
car 0.0558 192 254 241 275
car 0.0552 383 251 432 286
car 0.0436 190 257 208 274
car 0.0422 285 253 303 277
car 0.0386 -1 249 16 287
car 0.0367 445 251 468 269
car 0.0296 421 255 437 280
car 0.0289 287 245 340 273
car 0.0268 328 250 372 281
car 0.0256 37 255 104 299
car 0.0214 483 229 502 275
car 0.0212 487 241 501 264
car 0.0200 204 251 229 270
car 0.0193 445 244 468 261
car 0.0158 356 255 381 279
car 0.0136 353 253 369 280
car 0.0124 12 249 73 291
car 0.0119 340 250 361 281
car 0.0110 308 256 336 278
car 0.0107 292 255 311 275
car 0.0089 329 253 353 279
car 0.0079 484 241 500 291
car 0.0078 280 253 323 277
car 0.0073 480 255 497 273
car 0.0070 0 254 26 295
car 0.0064 212 251 239 270
car 0.0061 281 243 308 262
car 0.0056 473 245 503 271
car 0.0054 207 238 279 268
car 0.0054 407 253 450 281
car 0.0054 6 256 38 278
car 0.0050 470 251 486 267
car 0.0046 256 240 310 264
car 0.0044 416 246 441 278
car 0.0044 -1 259 9 293
car 0.0044 0 247 13 273
car 0.0044 479 242 498 262
car 0.0044 357 251 379 270
car 0.0042 397 252 418 266
car 0.0041 366 256 391 278
car 0.0041 445 260 467 279
car 0.0037 423 251 447 270
car 0.0036 437 245 493 274
car 0.0034 435 251 460 270
car 0.0034 434 269 458 283
car 0.0032 64 247 137 274
car 0.0031 365 252 390 268
car 0.0031 472 258 483 272
car 0.0031 95 246 163 288
car 0.0028 433 241 476 266
car 0.0028 359 242 375 258
car 0.0028 305 255 324 277
car 0.0024 398 242 418 259
car 0.0024 177 256 218 275
car 0.0024 459 250 474 268
car 0.0024 277 239 325 267
car 0.0024 302 248 324 268
car 0.0023 419 246 435 260
car 0.0022 -1 249 7 323
car 0.0022 458 244 474 260
car 0.0020 360 232 377 250
car 0.0019 432 251 463 283
car 0.0019 390 247 444 275
car 0.0019 118 248 182 291
car 0.0018 308 249 337 269
car 0.0017 417 267 475 284
car 0.0017 435 245 457 259
car 0.0017 437 257 459 279
car 0.0016 226 240 299 262
car 0.0015 329 245 352 260
car 0.0015 6 250 37 269
car 0.0014 3 236 93 289
car 0.0013 372 245 424 276
car 0.0013 338 244 362 262
car 0.0013 270 248 300 269
car 0.0012 389 252 409 266
car 0.0012 304 240 354 265
car 0.0012 377 253 399 267
car 0.0012 153 246 222 271
car 0.0010 395 258 421 278
car 0.0010 234 253 273 279
car 0.0010 269 243 298 259
car 0.0010 287 236 313 269
person 0.0043 120 236 134 247
person 0.0029 421 255 437 280
person 0.0014 113 236 127 247
person 0.0013 -1 249 7 323
person 0.0012 190 257 208 274
person 0.0010 118 241 137 253
train 0.0476 419 243 474 278
train 0.0177 383 251 432 286
train 0.0021 483 229 502 275
train 0.0019 437 245 493 274
train 0.0017 433 241 476 266
train 0.0016 384 235 430 266
train 0.0014 483 249 501 271
train 0.0012 406 249 450 277
