aeroplane 0.0014 266 51 283 65
boat 0.0015 266 51 283 65
boat 0.0013 68 121 91 271
boat 0.0011 265 42 285 58
bus 0.0014 266 51 283 65
bus 0.0011 53 50 110 278
car 0.0185 266 51 283 65
car 0.0060 268 56 281 75
car 0.0042 265 42 285 58
car 0.0010 272 49 290 64
person 0.2042 68 102 91 260
person 0.1299 82 78 104 136
person 0.0606 72 79 96 206
person 0.0422 86 51 95 81
person 0.0125 268 56 281 75
person 0.0116 70 110 96 160
person 0.0097 77 93 100 155
person 0.0074 269 58 282 113
person 0.0069 271 60 280 89
person 0.0063 68 123 94 187
person 0.0061 266 51 283 65
person 0.0055 76 56 104 150
person 0.0050 70 146 92 218
person 0.0049 125 84 133 109
person 0.0049 83 58 101 117
person 0.0045 83 46 98 89
person 0.0032 58 125 84 272
person 0.0031 72 165 90 239
person 0.0027 91 89 104 119
person 0.0024 82 179 97 243
person 0.0023 91 53 106 79
person 0.0022 53 50 110 278
person 0.0021 86 47 110 88
person 0.0018 86 66 110 110
person 0.0016 74 114 91 136
person 0.0015 89 90 107 155
person 0.0015 56 145 69 238
person 0.0011 101 54 118 76
person 0.0011 265 42 285 58
person 0.0011 84 88 99 120
person 0.0010 63 150 79 235
train 0.9576 54 -2 214 356
train 0.0485 0 -42 135 350
train 0.0081 68 121 91 271
train 0.0027 4 -1 489 371
train 0.0022 266 51 283 65
train 0.0020 53 75 109 289
train 0.0019 59 63 151 293
train 0.0012 -1 -74 64 353
