bicycle 0.0016 374 116 385 148
bus 0.0015 433 67 500 225
car 0.9308 434 72 498 248
car 0.9234 -2 65 165 305
car 0.8913 105 68 446 322
car 0.0187 2 68 165 171
car 0.0128 177 68 379 226
car 0.0116 55 68 147 139
car 0.0108 475 122 500 267
car 0.0092 412 125 441 158
car 0.0073 -1 63 64 287
car 0.0065 1 173 23 300
car 0.0057 406 105 502 273
car 0.0056 428 110 505 203
car 0.0040 337 114 472 240
car 0.0039 340 117 382 150
car 0.0038 19 71 227 225
car 0.0037 152 58 354 159
car 0.0037 459 50 506 269
car 0.0025 358 122 382 144
car 0.0021 432 112 477 241
car 0.0020 -1 3 9 74
car 0.0019 121 105 371 272
car 0.0018 49 67 154 250
car 0.0016 411 126 464 162
car 0.0016 1 50 90 204
car 0.0014 0 97 20 297
car 0.0012 285 85 455 223
car 0.0012 374 116 385 148
car 0.0012 412 129 456 227
car 0.0012 29 60 150 111
car 0.0012 473 69 502 211
car 0.0012 -3 104 100 318
car 0.0011 491 100 499 209
car 0.0011 0 30 8 65
car 0.0010 432 81 501 166
motorbike 0.9887 50 84 446 343
motorbike 0.0346 1 82 162 338
motorbike 0.0269 413 90 501 257
motorbike 0.0017 94 55 406 260
motorbike 0.0013 374 116 385 148
person 0.1040 376 110 386 143
person 0.0124 471 64 481 88
person 0.0042 379 112 392 142
person 0.0036 105 68 446 322
person 0.0026 343 103 359 145
person 0.0019 345 117 356 149
person 0.0018 434 72 498 248
person 0.0016 138 66 362 223
person 0.0013 357 117 384 149
person 0.0010 436 115 456 171
