car 0.4837 466 41 502 114
car 0.0804 454 45 501 88
car 0.0451 455 48 499 141
car 0.0409 309 50 494 193
car 0.0268 386 47 408 62
car 0.0164 454 61 499 107
car 0.0155 486 41 500 109
car 0.0106 313 40 367 87
car 0.0083 473 40 499 77
car 0.0070 456 54 476 97
car 0.0063 299 42 376 106
car 0.0044 470 52 500 178
car 0.0034 406 43 500 108
car 0.0032 355 46 380 83
car 0.0026 489 70 499 100
car 0.0022 139 43 493 292
car 0.0019 488 45 500 69
car 0.0018 366 40 498 149
car 0.0018 446 57 488 93
car 0.0016 284 39 472 141
car 0.0015 -2 0 419 277
car 0.0013 337 44 384 83
car 0.0011 348 52 474 107
car 0.0010 489 57 500 92
motorbike 0.9951 -1 26 497 301
motorbike 0.0284 455 48 499 141
motorbike 0.0072 0 -5 269 267
motorbike 0.0039 2 -4 189 100
motorbike 0.0033 470 52 500 178
motorbike 0.0015 226 49 491 280
motorbike 0.0014 309 50 494 193
motorbike 0.0011 37 -31 379 222
person 0.0070 0 -26 21 107
person 0.0020 59 36 505 298
person 0.0015 455 48 499 141
person 0.0013 486 41 500 109
person 0.0012 458 57 476 108
