bicycle 0.0016 177 182 199 234
bicycle 0.0010 185 187 206 230
bottle 0.0032 140 170 156 190
bottle 0.0024 252 119 261 149
bottle 0.0014 133 159 147 182
bottle 0.0013 136 114 145 136
bottle 0.0010 140 160 156 183
bottle 0.0010 123 163 138 178
chair 0.9119 212 182 292 278
chair 0.8914 327 176 406 253
chair 0.4291 92 181 171 257
chair 0.1276 281 171 303 232
chair 0.0575 301 170 321 228
chair 0.0481 293 170 312 229
chair 0.0448 218 156 289 186
chair 0.0438 260 164 302 231
chair 0.0255 97 178 142 207
chair 0.0247 213 166 299 234
chair 0.0224 185 187 206 230
chair 0.0190 270 171 298 211
chair 0.0133 177 182 199 234
chair 0.0126 271 181 298 236
chair 0.0111 304 175 318 203
chair 0.0094 136 176 178 252
chair 0.0091 290 158 314 204
chair 0.0091 358 175 401 205
chair 0.0089 310 168 330 234
chair 0.0079 281 160 306 205
chair 0.0070 295 175 310 203
chair 0.0067 204 168 227 232
chair 0.0062 249 167 296 196
chair 0.0058 213 151 277 175
chair 0.0056 123 163 138 178
chair 0.0052 294 157 337 233
chair 0.0050 276 137 314 214
chair 0.0048 193 167 216 232
chair 0.0047 367 173 405 250
chair 0.0039 210 168 297 190
chair 0.0038 177 152 221 231
chair 0.0037 274 171 295 191
chair 0.0037 106 166 152 199
chair 0.0036 310 155 331 204
chair 0.0035 121 171 140 190
chair 0.0034 274 175 311 245
chair 0.0034 94 178 129 253
chair 0.0028 133 168 147 192
chair 0.0028 128 160 151 198
chair 0.0027 284 169 302 192
chair 0.0025 333 163 385 197
chair 0.0024 295 168 310 192
chair 0.0024 312 188 334 247
chair 0.0023 303 183 318 213
chair 0.0022 273 178 295 202
chair 0.0022 133 159 147 182
chair 0.0019 302 159 322 204
chair 0.0019 305 168 319 193
chair 0.0018 116 166 171 239
chair 0.0017 186 185 225 234
chair 0.0017 314 176 356 246
chair 0.0017 285 176 302 204
chair 0.0017 199 177 240 250
chair 0.0016 275 162 294 180
chair 0.0016 167 183 188 235
chair 0.0016 100 172 147 235
chair 0.0016 365 173 392 190
chair 0.0015 295 183 309 215
chair 0.0015 203 155 227 206
chair 0.0015 267 144 282 160
chair 0.0015 260 172 287 189
chair 0.0015 361 171 382 191
chair 0.0014 275 151 293 169
chair 0.0013 234 149 292 177
chair 0.0012 313 166 327 192
chair 0.0011 266 153 284 169
chair 0.0011 283 192 301 240
chair 0.0010 272 153 298 192
chair 0.0010 232 175 296 206
chair 0.0010 115 178 142 199
chair 0.0010 107 173 134 187
diningtable 0.0410 98 178 178 257
diningtable 0.0222 213 166 299 234
diningtable 0.0217 290 178 391 247
diningtable 0.0097 218 156 289 186
diningtable 0.0077 322 191 403 259
diningtable 0.0024 281 171 303 232
diningtable 0.0022 260 164 302 231
diningtable 0.0019 212 182 292 278
diningtable 0.0018 106 174 151 205
diningtable 0.0018 277 166 362 228
diningtable 0.0014 293 165 313 215
diningtable 0.0014 301 170 321 228
diningtable 0.0013 227 168 299 193
diningtable 0.0013 213 151 277 175
diningtable 0.0011 226 176 320 251
person 0.0019 98 179 156 257
person 0.0014 133 159 147 182
person 0.0013 202 168 288 231
person 0.0012 260 164 302 231
person 0.0010 123 163 138 178
pottedplant 0.2212 154 126 237 195
pottedplant 0.2097 171 130 225 221
pottedplant 0.1873 330 117 373 196
pottedplant 0.1124 289 119 379 195
pottedplant 0.1019 138 165 177 195
pottedplant 0.0919 326 162 374 197
pottedplant 0.0782 310 148 332 195
pottedplant 0.0778 185 169 206 233
pottedplant 0.0595 294 131 337 216
pottedplant 0.0559 277 118 319 195
pottedplant 0.0515 301 164 321 215
pottedplant 0.0492 305 168 319 193
pottedplant 0.0386 281 121 305 162
pottedplant 0.0383 277 110 357 175
pottedplant 0.0378 143 157 173 187
pottedplant 0.0370 139 136 181 216
pottedplant 0.0352 140 170 156 190
pottedplant 0.0334 283 123 301 145
pottedplant 0.0326 287 131 314 173
pottedplant 0.0289 270 121 297 162
pottedplant 0.0269 184 155 208 209
pottedplant 0.0244 142 118 230 231
pottedplant 0.0242 140 160 156 183
pottedplant 0.0228 315 150 367 193
pottedplant 0.0215 304 175 318 203
pottedplant 0.0203 145 170 170 190
pottedplant 0.0203 317 150 342 193
pottedplant 0.0198 133 159 147 182
pottedplant 0.0181 313 157 329 184
pottedplant 0.0176 177 164 198 236
pottedplant 0.0146 312 134 361 214
pottedplant 0.0137 289 150 315 192
pottedplant 0.0136 302 147 324 196
pottedplant 0.0123 132 151 146 174
pottedplant 0.0123 313 166 327 192
pottedplant 0.0122 313 150 330 174
pottedplant 0.0119 156 170 178 190
pottedplant 0.0118 281 142 322 181
pottedplant 0.0117 160 118 213 147
pottedplant 0.0114 137 155 161 190
pottedplant 0.0112 273 123 295 144
pottedplant 0.0112 193 145 237 177
pottedplant 0.0107 161 150 208 231
pottedplant 0.0087 293 160 311 182
pottedplant 0.0086 292 150 312 172
pottedplant 0.0085 129 153 151 189
pottedplant 0.0078 164 127 227 156
pottedplant 0.0077 283 150 304 170
pottedplant 0.0076 284 140 302 162
pottedplant 0.0074 321 159 338 184
pottedplant 0.0071 129 125 204 190
pottedplant 0.0066 298 124 345 159
pottedplant 0.0065 152 155 182 188
pottedplant 0.0062 157 161 178 182
pottedplant 0.0061 305 159 320 184
pottedplant 0.0060 274 142 293 160
pottedplant 0.0059 334 151 384 190
pottedplant 0.0059 196 140 238 214
pottedplant 0.0057 285 131 338 173
pottedplant 0.0053 291 139 311 164
pottedplant 0.0050 350 117 374 166
pottedplant 0.0050 273 129 294 153
pottedplant 0.0048 325 141 374 181
pottedplant 0.0043 162 151 189 190
pottedplant 0.0042 295 168 310 192
pottedplant 0.0041 284 111 338 153
pottedplant 0.0041 123 163 138 178
pottedplant 0.0034 300 143 344 182
pottedplant 0.0034 201 154 248 188
pottedplant 0.0032 201 147 229 195
pottedplant 0.0030 273 118 314 148
pottedplant 0.0030 293 165 313 215
pottedplant 0.0030 337 171 362 193
pottedplant 0.0030 170 141 222 183
pottedplant 0.0030 278 111 360 237
pottedplant 0.0030 167 160 185 182
pottedplant 0.0029 160 144 276 210
pottedplant 0.0029 263 122 303 195
pottedplant 0.0029 195 162 215 220
pottedplant 0.0029 349 136 374 185
pottedplant 0.0027 188 186 202 217
pottedplant 0.0027 284 160 303 181
pottedplant 0.0026 310 162 330 217
pottedplant 0.0025 314 103 391 247
pottedplant 0.0025 157 131 216 171
pottedplant 0.0024 129 126 147 177
pottedplant 0.0023 306 116 355 148
pottedplant 0.0023 174 116 238 148
pottedplant 0.0023 166 159 187 221
pottedplant 0.0022 254 114 273 153
pottedplant 0.0021 330 159 349 184
pottedplant 0.0020 193 144 220 199
pottedplant 0.0020 148 153 166 173
pottedplant 0.0019 263 119 284 163
pottedplant 0.0019 322 150 339 173
pottedplant 0.0019 311 141 332 162
pottedplant 0.0019 153 126 203 158
pottedplant 0.0018 307 133 354 171
pottedplant 0.0018 296 105 346 141
pottedplant 0.0018 264 122 280 145
sofa 0.4840 98 178 178 257
sofa 0.1190 210 173 296 265
sofa 0.0167 320 179 405 253
sofa 0.0158 218 156 289 186
sofa 0.0071 215 156 301 207
sofa 0.0065 97 178 142 207
sofa 0.0028 213 151 277 175
sofa 0.0020 250 173 297 209
sofa 0.0014 227 168 299 193
sofa 0.0014 106 166 152 199
sofa 0.0013 234 166 317 230
tvmonitor 0.0016 218 156 289 186
tvmonitor 0.0012 123 163 138 178
