bottle 0.1076 223 194 245 249
bottle 0.0026 277 169 288 197
bottle 0.0023 42 168 62 232
bottle 0.0015 230 196 254 246
bottle 0.0012 251 162 272 201
chair 0.2848 185 148 248 235
chair 0.0166 -2 153 57 389
chair 0.0029 477 183 499 365
chair 0.0023 146 148 190 239
chair 0.0021 201 149 248 197
chair 0.0015 437 179 497 367
chair 0.0013 244 140 489 309
diningtable 0.0010 182 147 252 236
person 0.0027 244 140 489 309
sofa 0.9887 231 131 491 338
sofa 0.0022 74 149 516 362
sofa 0.0022 185 148 248 235
sofa 0.0013 -2 153 57 389
tvmonitor 0.0019 39 162 62 206
