bird 0.0019 0 208 120 387
bottle 0.0079 321 460 331 495
bottle 0.0073 319 474 331 501
cat 0.0440 1 191 120 372
cat 0.0024 -7 159 169 422
chair 0.0091 -1 44 267 435
diningtable 0.0052 -6 20 335 465
diningtable 0.0010 -1 180 254 470
dog 0.0048 1 191 120 372
pottedplant 0.9984 -7 0 316 351
pottedplant 0.0115 80 1 183 50
pottedplant 0.0079 -12 -2 175 99
pottedplant 0.0075 -7 80 193 405
pottedplant 0.0069 -21 -1 134 53
pottedplant 0.0041 -34 0 206 213
pottedplant 0.0025 -6 4 126 357
pottedplant 0.0022 -4 208 160 379
pottedplant 0.0011 6 0 189 33
