bus 0.9982 85 56 473 338
bus 0.8824 454 96 497 222
bus 0.0276 8 160 35 205
bus 0.0223 460 174 487 229
bus 0.0131 57 141 150 211
bus 0.0118 0 172 14 215
bus 0.0079 10 183 34 201
bus 0.0066 487 173 500 233
bus 0.0062 417 88 494 230
bus 0.0053 90 143 197 206
bus 0.0046 6 148 88 204
bus 0.0044 30 164 57 203
bus 0.0032 27 155 77 195
bus 0.0028 458 139 494 238
bus 0.0027 1 154 43 195
bus 0.0027 457 165 474 225
bus 0.0027 41 51 311 326
bus 0.0026 4 166 62 200
bus 0.0025 1 141 27 214
bus 0.0024 0 177 28 206
bus 0.0022 13 174 32 195
bus 0.0022 434 124 476 224
bus 0.0022 489 189 500 218
bus 0.0020 -1 144 11 202
bus 0.0018 26 119 168 262
bus 0.0016 476 177 497 227
bus 0.0012 45 157 132 235
bus 0.0011 33 175 54 195
bus 0.0010 5 174 23 194
car 0.1274 10 183 34 201
car 0.0451 0 180 12 207
car 0.0361 4 179 39 203
car 0.0304 489 196 498 225
car 0.0265 3 182 25 202
car 0.0255 487 173 500 233
car 0.0165 460 174 487 229
car 0.0096 35 181 52 199
car 0.0051 -1 193 7 225
car 0.0045 -1 177 8 243
car 0.0043 8 160 35 205
car 0.0042 13 174 32 195
car 0.0042 27 182 39 200
car 0.0041 476 177 497 227
car 0.0040 43 179 59 202
car 0.0028 33 175 54 195
car 0.0026 0 169 10 196
car 0.0024 0 149 9 176
car 0.0022 5 174 23 194
car 0.0019 -1 155 12 210
car 0.0018 37 177 85 209
car 0.0018 40 173 62 209
car 0.0015 29 166 76 202
car 0.0013 0 159 9 186
car 0.0013 451 162 463 184
car 0.0011 22 175 62 204
car 0.0010 458 163 472 183
car 0.0010 464 184 506 221
car 0.0010 -1 179 24 220
cat 0.0027 -9 -91 98 133
dog 0.0017 -9 -91 98 133
person 0.0232 245 140 278 213
person 0.0115 251 136 275 190
person 0.0049 115 152 141 192
person 0.0045 231 177 242 204
person 0.0038 392 160 405 185
person 0.0024 161 147 175 164
person 0.0024 27 182 39 200
person 0.0023 247 137 265 206
person 0.0022 244 166 262 216
person 0.0021 121 153 139 174
person 0.0019 107 162 152 202
person 0.0017 253 138 296 218
person 0.0017 489 196 498 225
person 0.0017 155 143 180 181
person 0.0016 62 183 81 202
person 0.0014 0 180 12 207
person 0.0013 28 174 39 195
person 0.0012 239 176 251 205
person 0.0012 91 171 149 210
person 0.0011 0 159 9 186
person 0.0011 43 179 59 202
person 0.0011 35 181 52 199
person 0.0011 0 149 9 176
person 0.0010 57 157 151 229
person 0.0010 118 159 139 183
train 0.0106 8 160 35 205
train 0.0047 454 96 497 222
train 0.0039 460 174 487 229
train 0.0018 0 172 14 215
train 0.0015 30 7 481 322
train 0.0014 1 154 43 195
train 0.0012 27 155 77 195
train 0.0012 4 166 62 200
