aeroplane 0.9995 5 -9 501 276
aeroplane 0.0943 359 0 459 60
aeroplane 0.0142 392 35 460 60
aeroplane 0.0080 391 17 442 57
aeroplane 0.0061 328 0 427 55
aeroplane 0.0059 367 -1 410 36
aeroplane 0.0043 407 -4 496 58
aeroplane 0.0041 71 -3 436 106
aeroplane 0.0031 322 -7 494 97
aeroplane 0.0018 19 17 240 96
aeroplane 0.0017 56 36 190 86
aeroplane 0.0017 44 18 170 75
aeroplane 0.0015 350 8 407 47
aeroplane 0.0013 384 35 432 58
aeroplane 0.0012 398 41 418 56
aeroplane 0.0011 359 15 415 59
aeroplane 0.0010 405 40 429 58
bird 0.0016 359 0 459 60
boat 0.0025 367 -1 410 36
boat 0.0010 350 0 440 58
bottle 0.0017 389 295 403 311
car 0.0067 475 36 496 54
car 0.0025 0 55 10 79
car 0.0019 398 41 418 56
car 0.0012 1 59 24 74
car 0.0010 156 57 183 72
person 0.0302 389 295 403 311
person 0.0023 113 111 128 134
person 0.0016 398 41 418 56
