bottle 0.6974 215 199 312 279
bottle 0.0220 151 156 366 317
bottle 0.0049 188 187 296 255
bottle 0.0042 241 203 306 257
bottle 0.0041 246 124 263 178
bottle 0.0027 276 175 329 205
bottle 0.0027 234 192 351 270
bottle 0.0019 176 200 273 274
bottle 0.0012 187 172 304 301
bottle 0.0010 73 215 437 327
bottle 0.0010 237 168 353 228
car 0.0101 0 0 499 331
cat 0.0043 157 130 415 273
chair 0.4672 0 0 499 331
chair 0.2659 109 64 403 330
chair 0.0264 158 118 354 285
chair 0.0080 164 146 473 333
diningtable 0.0201 0 0 499 331
diningtable 0.0073 109 64 403 330
diningtable 0.0061 73 215 437 327
diningtable 0.0037 159 155 427 315
person 0.8453 149 12 487 323
person 0.1434 159 155 427 315
person 0.1189 69 29 373 312
person 0.0167 254 145 472 274
person 0.0083 11 73 488 385
person 0.0019 169 65 341 254
person 0.0015 232 200 314 276
person 0.0013 141 130 306 279
sofa 0.3460 0 0 499 331
sofa 0.0049 125 24 385 310
