aeroplane 0.9992 21 79 486 247
aeroplane 0.0065 4 236 61 259
aeroplane 0.0052 3 233 22 248
aeroplane 0.0044 32 241 51 259
aeroplane 0.0041 25 242 43 255
aeroplane 0.0036 404 180 470 198
aeroplane 0.0027 -6 240 51 272
aeroplane 0.0020 8 155 260 246
aeroplane 0.0019 14 225 69 255
aeroplane 0.0019 356 232 383 242
aeroplane 0.0017 4 215 95 269
aeroplane 0.0014 14 239 33 252
aeroplane 0.0010 27 237 54 262
aeroplane 0.0010 -3 227 47 253
boat 0.0135 3 233 22 248
boat 0.0034 0 229 10 248
boat 0.0021 2 240 25 252
boat 0.0017 -6 240 51 272
boat 0.0010 0 224 25 252
car 0.0071 3 233 22 248
car 0.0069 32 241 51 259
car 0.0066 25 242 43 255
car 0.0033 356 232 383 242
car 0.0032 2 240 25 252
car 0.0012 14 239 33 252
person 0.0086 32 241 51 259
person 0.0049 25 242 43 255
person 0.0037 34 245 50 267
person 0.0033 3 233 22 248
person 0.0010 27 246 43 263
train 0.0018 3 233 22 248
train 0.0011 4 236 61 259
