bicycle 0.9717 27 7 221 342
bicycle 0.0079 91 5 316 340
bicycle 0.0043 11 28 178 227
bicycle 0.0034 -3 -8 431 338
bicycle 0.0027 75 34 167 169
bicycle 0.0025 34 47 134 271
bicycle 0.0022 -3 5 95 194
bicycle 0.0021 108 133 216 331
bicycle 0.0010 41 8 214 163
bottle 0.0102 460 261 471 288
car 0.0032 -2 129 27 177
chair 0.1644 168 -1 480 339
chair 0.0088 52 6 268 340
chair 0.0017 111 55 384 345
chair 0.0016 108 133 216 331
diningtable 0.0218 168 49 482 347
motorbike 0.0018 11 7 198 338
motorbike 0.0013 -2 129 27 177
person 0.0032 52 6 268 340
person 0.0021 7 2 189 276
pottedplant 0.0013 469 186 482 213
sofa 0.2459 168 -1 480 339
tvmonitor 0.0096 168 -1 480 339
