bird 0.0073 391 -86 511 127
bus 0.9998 8 39 489 347
bus 0.0273 0 128 23 266
bus 0.0095 0 72 91 279
bus 0.0071 0 136 24 188
bus 0.0034 1 107 42 246
bus 0.0030 489 163 499 241
bus 0.0021 -1 165 11 239
bus 0.0019 447 126 496 236
bus 0.0018 0 124 10 186
bus 0.0017 -3 46 31 308
bus 0.0016 2 51 282 316
bus 0.0014 475 143 499 246
bus 0.0011 0 181 25 244
bus 0.0011 207 70 496 279
bus 0.0010 366 103 495 257
car 0.0164 0 196 26 263
car 0.0135 0 128 23 266
car 0.0083 0 192 12 267
car 0.0037 0 170 26 235
car 0.0027 4 162 39 271
car 0.0026 489 204 498 237
car 0.0025 488 172 499 251
car 0.0020 0 136 8 169
car 0.0020 4 171 25 187
car 0.0019 491 186 499 217
car 0.0019 -1 165 11 239
car 0.0015 490 195 499 228
car 0.0015 0 201 9 296
car 0.0014 0 132 10 192
car 0.0013 1 152 27 189
car 0.0011 490 161 500 186
person 0.0293 172 114 200 170
person 0.0102 0 132 10 192
person 0.0062 0 143 8 178
person 0.0026 0 136 24 188
person 0.0018 468 181 481 198
person 0.0018 461 179 473 197
person 0.0013 15 170 27 188
train 0.0035 0 136 24 188
train 0.0016 0 128 23 266
