aeroplane 0.9368 58 128 443 222
aeroplane 0.6368 1 93 188 213
aeroplane 0.0482 383 113 482 164
aeroplane 0.0177 310 125 490 239
aeroplane 0.0127 76 215 125 249
aeroplane 0.0066 191 227 257 251
aeroplane 0.0049 6 210 78 253
aeroplane 0.0049 274 222 350 261
aeroplane 0.0046 169 145 349 212
aeroplane 0.0045 321 130 340 140
aeroplane 0.0043 187 232 261 267
aeroplane 0.0020 -1 119 46 168
aeroplane 0.0017 159 176 232 210
aeroplane 0.0017 0 201 63 240
aeroplane 0.0016 -2 73 414 229
aeroplane 0.0015 1 208 127 257
aeroplane 0.0012 50 150 234 210
aeroplane 0.0012 380 122 473 145
aeroplane 0.0011 347 124 483 184
aeroplane 0.0010 7 198 77 223
aeroplane 0.0010 122 243 193 273
bird 0.0016 321 130 340 140
boat 0.0116 274 222 350 261
car 0.0027 76 215 125 249
car 0.0013 191 227 257 251
car 0.0010 68 196 94 208
person 0.0049 428 166 440 195
person 0.0048 422 167 435 194
train 0.0010 274 222 350 261
