bicycle 0.0126 21 215 62 249
bicycle 0.0059 0 213 46 253
bicycle 0.0039 10 227 57 252
bicycle 0.0022 488 182 499 265
bicycle 0.0016 161 187 197 273
bicycle 0.0012 21 231 44 251
bicycle 0.0010 29 207 55 243
car 0.0037 10 227 57 252
car 0.0023 489 217 498 250
car 0.0023 316 147 367 181
car 0.0021 0 213 46 253
car 0.0015 488 182 499 265
car 0.0015 30 232 53 249
car 0.0013 21 215 62 249
cow 0.0170 166 187 192 259
cow 0.0045 21 215 62 249
cow 0.0027 10 227 57 252
cow 0.0025 403 162 453 207
cow 0.0014 300 146 446 284
cow 0.0011 0 213 46 253
cow 0.0010 159 165 175 223
cow 0.0010 0 179 23 274
dog 0.0022 166 187 192 259
horse 0.9857 292 167 447 288
horse 0.8265 175 176 311 283
horse 0.5837 60 169 158 281
horse 0.0810 238 171 319 281
horse 0.0709 161 187 197 273
horse 0.0505 276 159 316 253
horse 0.0443 370 152 452 276
horse 0.0315 355 144 439 229
horse 0.0274 220 164 260 245
horse 0.0205 165 187 250 274
horse 0.0168 143 178 187 276
horse 0.0114 214 170 309 247
horse 0.0103 100 150 147 266
horse 0.0096 253 159 308 254
horse 0.0095 120 172 168 279
horse 0.0073 202 156 358 274
horse 0.0056 408 152 454 259
horse 0.0049 230 160 281 251
horse 0.0048 181 176 273 248
horse 0.0028 165 189 194 241
horse 0.0024 403 162 453 207
horse 0.0021 275 200 320 280
horse 0.0021 322 167 433 246
horse 0.0020 287 175 339 281
horse 0.0020 82 178 263 274
horse 0.0019 2 194 52 258
horse 0.0018 21 215 62 249
horse 0.0016 273 201 364 282
horse 0.0015 68 147 151 235
horse 0.0015 159 165 175 223
horse 0.0014 142 147 179 231
horse 0.0014 258 163 333 225
horse 0.0012 211 182 261 267
horse 0.0012 350 157 398 249
horse 0.0011 222 153 298 224
horse 0.0010 0 179 23 274
horse 0.0010 59 181 108 275
horse 0.0010 10 227 57 252
horse 0.0010 390 152 444 199
motorbike 0.0056 0 213 46 253
motorbike 0.0050 21 215 62 249
motorbike 0.0023 1 210 24 255
motorbike 0.0012 10 227 57 252
motorbike 0.0012 62 145 160 284
motorbike 0.0011 368 148 451 229
motorbike 0.0011 488 182 499 265
motorbike 0.0011 166 187 192 259
motorbike 0.0010 403 162 453 207
person 0.6986 228 148 259 226
person 0.6525 360 137 394 215
person 0.4712 110 140 145 231
person 0.2737 366 137 417 230
person 0.0934 277 155 315 230
person 0.0801 385 143 440 230
person 0.0691 121 140 163 229
person 0.0279 83 143 132 235
person 0.0231 489 169 499 263
person 0.0211 491 147 501 246
person 0.0191 258 153 305 227
person 0.0182 234 146 258 193
person 0.0180 479 134 499 252
person 0.0150 142 147 179 231
person 0.0140 166 187 192 259
person 0.0138 159 165 175 223
person 0.0134 275 169 319 281
person 0.0133 129 144 148 206
person 0.0125 240 151 264 200
person 0.0089 365 127 390 188
person 0.0083 286 157 301 177
person 0.0078 149 155 172 216
person 0.0068 288 163 314 207
person 0.0066 101 148 119 222
person 0.0064 387 149 428 183
person 0.0064 1 210 24 255
person 0.0060 137 148 161 204
person 0.0052 408 152 454 259
person 0.0050 369 130 386 147
person 0.0048 0 204 13 262
person 0.0048 403 162 453 207
person 0.0045 390 152 444 199
person 0.0043 222 153 298 224
person 0.0042 280 156 307 195
person 0.0042 475 194 500 253
person 0.0041 399 154 417 174
person 0.0040 407 150 428 165
person 0.0038 111 142 130 212
person 0.0037 100 150 147 266
person 0.0035 300 146 446 284
person 0.0034 156 152 175 202
person 0.0034 248 172 310 281
person 0.0032 69 135 152 259
person 0.0031 230 160 281 251
person 0.0030 119 138 143 198
person 0.0029 284 163 302 183
person 0.0028 491 184 500 226
person 0.0024 141 153 154 176
person 0.0023 229 153 276 198
person 0.0021 386 150 414 199
person 0.0021 -9 -125 107 81
person 0.0019 292 162 309 186
person 0.0019 399 149 419 167
person 0.0018 89 140 160 217
person 0.0018 127 129 148 170
person 0.0018 237 147 255 168
person 0.0018 160 168 172 201
person 0.0017 391 154 408 177
person 0.0017 237 161 252 186
person 0.0017 350 157 398 249
person 0.0015 370 152 452 276
person 0.0015 143 178 187 276
person 0.0015 418 155 436 173
person 0.0015 3 210 20 239
person 0.0014 461 218 472 248
person 0.0014 244 147 262 167
person 0.0014 456 144 497 245
person 0.0014 409 154 427 173
person 0.0013 245 152 260 177
person 0.0013 151 155 165 175
person 0.0013 25 222 43 245
person 0.0013 245 160 260 187
person 0.0012 291 149 334 232
person 0.0012 376 141 401 189
person 0.0012 362 127 384 169
person 0.0012 120 172 168 279
person 0.0012 34 213 51 237
person 0.0012 0 215 10 251
person 0.0012 489 205 498 245
person 0.0012 0 213 46 253
person 0.0012 331 140 384 231
person 0.0011 395 152 424 217
person 0.0011 386 140 413 179
person 0.0011 238 151 253 178
person 0.0011 26 213 42 237
person 0.0011 490 100 499 195
person 0.0010 396 146 438 172
person 0.0010 162 176 180 251
person 0.0010 288 151 312 186
person 0.0010 20 215 48 249
person 0.0010 469 193 479 216
person 0.0010 292 155 310 178
person 0.0010 29 207 55 243
