bottle 0.0060 366 20 389 58
bottle 0.0031 474 -1 499 40
bottle 0.0012 427 2 467 36
chair 0.9830 130 89 293 348
chair 0.7000 400 130 500 348
chair 0.5187 5 80 175 274
chair 0.4980 379 46 450 109
chair 0.4525 328 82 494 363
chair 0.1403 79 84 404 347
chair 0.1009 377 50 493 261
chair 0.0290 203 44 278 106
chair 0.0274 440 42 500 237
chair 0.0237 379 30 454 214
chair 0.0225 134 48 283 247
chair 0.0188 475 29 500 209
chair 0.0162 33 52 308 268
chair 0.0096 480 117 499 351
chair 0.0061 402 41 500 112
chair 0.0040 451 38 502 118
chair 0.0036 398 -5 505 204
chair 0.0034 449 103 502 212
chair 0.0025 150 50 434 271
chair 0.0024 488 28 501 125
chair 0.0021 202 32 282 217
chair 0.0021 0 103 27 250
chair 0.0020 376 94 488 181
chair 0.0018 400 116 495 197
chair 0.0018 469 -7 500 282
chair 0.0017 0 88 100 264
chair 0.0016 113 93 221 299
chair 0.0015 110 61 210 133
chair 0.0013 477 -9 499 136
chair 0.0012 430 197 500 375
chair 0.0012 4 123 184 396
chair 0.0011 347 47 444 266
chair 0.0011 132 49 274 109
chair 0.0011 31 63 143 228
chair 0.0010 191 42 321 94
chair 0.0010 1 71 60 246
chair 0.0010 9 54 189 179
chair 0.0010 474 39 499 112
diningtable 0.9625 155 81 495 359
diningtable 0.1280 328 82 494 363
diningtable 0.0120 73 79 297 352
diningtable 0.0101 339 65 492 237
diningtable 0.0073 170 64 404 232
diningtable 0.0051 382 47 473 111
diningtable 0.0037 -10 3 438 362
diningtable 0.0032 379 152 501 358
diningtable 0.0032 404 22 503 109
diningtable 0.0015 1 59 248 308
diningtable 0.0015 376 94 488 181
diningtable 0.0013 371 -18 501 328
diningtable 0.0010 396 35 504 214
dog 0.0019 134 83 282 303
person 0.0316 413 4 440 36
person 0.0220 371 -18 501 328
person 0.0193 110 48 308 272
person 0.0184 411 0 463 39
person 0.0147 4 56 185 254
person 0.0064 431 3 461 35
person 0.0034 412 9 428 31
person 0.0024 400 54 497 261
person 0.0014 376 34 451 104
person 0.0010 20 57 231 171
sofa 0.2346 3 50 192 268
sofa 0.0286 52 60 304 324
sofa 0.0122 10 45 494 336
sofa 0.0035 95 50 403 273
sofa 0.0028 75 60 220 134
sofa 0.0017 380 30 478 107
sofa 0.0014 370 36 500 351
tvmonitor 0.0033 0 103 27 250
