bicycle 0.0011 356 188 401 223
bicycle 0.0011 478 54 498 128
bicycle 0.0010 487 46 499 138
boat 0.0161 4 -12 129 338
boat 0.0030 45 -3 218 328
boat 0.0026 200 157 375 274
boat 0.0021 49 -31 127 224
boat 0.0020 115 4 317 322
bottle 0.0545 274 184 294 232
bottle 0.0176 327 165 340 191
bottle 0.0157 323 135 337 164
bottle 0.0141 282 183 299 232
bottle 0.0135 400 163 416 178
bottle 0.0126 326 154 339 183
bottle 0.0125 305 195 317 221
bottle 0.0118 285 184 296 213
bottle 0.0112 277 193 291 223
bottle 0.0093 322 133 340 185
bottle 0.0091 378 198 396 219
bottle 0.0088 344 196 360 217
bottle 0.0082 400 169 417 186
bottle 0.0077 325 143 338 176
bottle 0.0073 334 167 348 189
bottle 0.0072 344 187 359 210
bottle 0.0065 296 194 309 221
bottle 0.0056 333 157 347 182
bottle 0.0051 389 161 408 178
bottle 0.0050 351 180 368 199
bottle 0.0045 321 198 340 218
bottle 0.0041 409 178 426 198
bottle 0.0041 371 199 389 219
bottle 0.0041 294 191 313 243
bottle 0.0039 409 170 425 187
bottle 0.0038 351 195 367 218
bottle 0.0038 467 178 485 198
bottle 0.0037 400 178 418 197
bottle 0.0033 326 177 340 197
bottle 0.0033 469 171 485 191
bottle 0.0033 276 204 290 228
bottle 0.0031 269 206 283 227
bottle 0.0031 485 112 500 173
bottle 0.0030 351 187 367 210
bottle 0.0030 324 157 342 197
bottle 0.0030 340 159 360 180
bottle 0.0028 379 161 397 178
bottle 0.0028 390 168 407 187
bottle 0.0027 409 163 426 178
bottle 0.0023 372 207 388 223
bottle 0.0023 336 154 364 187
bottle 0.0023 489 122 498 159
bottle 0.0022 313 197 330 218
bottle 0.0022 339 180 363 217
bottle 0.0022 286 176 298 203
bottle 0.0020 368 160 389 179
bottle 0.0019 294 188 309 210
bottle 0.0019 267 184 287 230
bottle 0.0019 378 207 397 225
bottle 0.0018 270 195 283 223
bottle 0.0018 303 191 320 244
bottle 0.0018 286 202 298 231
bottle 0.0016 332 137 346 161
bottle 0.0016 360 198 379 218
bottle 0.0015 380 168 397 187
bottle 0.0014 350 169 368 188
bottle 0.0014 341 169 359 189
bottle 0.0014 297 202 310 231
bottle 0.0013 334 177 349 198
bottle 0.0013 343 179 359 200
bottle 0.0013 348 159 369 179
bottle 0.0013 419 169 436 187
bottle 0.0013 333 145 346 173
bottle 0.0012 368 153 389 170
bottle 0.0012 476 178 495 198
bottle 0.0012 418 178 435 199
bottle 0.0012 487 194 499 222
bottle 0.0011 488 171 500 190
bottle 0.0011 304 189 319 210
bottle 0.0010 484 180 500 239
bottle 0.0010 275 161 295 216
car 0.0123 333 153 386 188
car 0.0052 341 162 397 197
car 0.0037 400 163 416 178
car 0.0021 475 120 501 179
car 0.0017 450 114 501 166
car 0.0014 355 167 429 225
car 0.0013 406 154 495 236
car 0.0013 227 149 295 231
car 0.0012 409 163 426 178
car 0.0011 470 163 500 266
car 0.0011 435 133 476 169
car 0.0011 358 155 398 187
car 0.0010 400 169 417 186
cat 0.0031 345 177 395 222
cat 0.0020 344 196 360 217
cat 0.0011 344 187 359 210
cat 0.0010 400 169 417 186
cat 0.0010 333 153 386 188
chair 0.9211 309 251 407 329
chair 0.9151 219 255 304 330
chair 0.8068 398 235 483 331
chair 0.1498 449 227 498 319
chair 0.1236 151 199 189 304
chair 0.1002 177 192 227 309
chair 0.0794 107 250 156 328
chair 0.0639 401 169 496 330
chair 0.0260 147 226 224 311
chair 0.0221 327 207 411 321
chair 0.0212 364 245 410 325
chair 0.0211 152 199 179 238
chair 0.0193 470 195 498 312
chair 0.0175 162 253 279 326
chair 0.0167 485 213 501 301
chair 0.0151 225 209 302 294
chair 0.0148 396 223 424 271
chair 0.0132 251 224 303 326
chair 0.0132 176 244 227 325
chair 0.0121 485 192 500 263
chair 0.0106 397 226 422 247
chair 0.0103 333 153 386 188
chair 0.0098 161 224 190 290
chair 0.0097 400 169 417 186
chair 0.0095 153 179 204 289
chair 0.0093 451 177 500 285
chair 0.0091 476 192 499 246
chair 0.0091 400 163 416 178
chair 0.0088 239 256 350 328
chair 0.0088 3 209 82 329
chair 0.0086 344 196 360 217
chair 0.0069 282 161 339 194
chair 0.0065 389 161 408 178
chair 0.0063 146 170 181 265
chair 0.0060 474 216 499 281
chair 0.0060 18 244 71 328
chair 0.0058 344 187 359 210
chair 0.0057 470 163 500 266
chair 0.0056 412 179 441 220
chair 0.0055 356 174 402 223
chair 0.0054 339 180 363 217
chair 0.0054 390 168 407 187
chair 0.0050 409 178 426 198
chair 0.0049 400 178 418 197
chair 0.0048 410 201 463 307
chair 0.0045 334 167 348 189
chair 0.0042 228 178 319 324
chair 0.0042 336 159 364 198
chair 0.0041 340 159 360 180
chair 0.0041 276 221 318 325
chair 0.0041 327 165 340 191
chair 0.0040 310 226 364 325
chair 0.0040 474 132 500 185
chair 0.0040 392 166 484 254
chair 0.0035 333 157 347 182
chair 0.0035 333 164 416 222
chair 0.0034 356 173 433 246
chair 0.0033 448 223 500 271
chair 0.0033 379 161 397 178
chair 0.0032 398 220 420 237
chair 0.0031 409 170 425 187
chair 0.0031 115 202 166 306
chair 0.0031 321 198 340 218
chair 0.0028 326 154 339 183
chair 0.0028 145 241 187 326
chair 0.0027 382 176 434 223
chair 0.0025 395 211 423 246
chair 0.0025 390 226 439 320
chair 0.0024 323 144 342 189
chair 0.0023 271 278 370 329
chair 0.0023 346 188 392 224
chair 0.0023 351 195 367 218
chair 0.0023 319 201 342 255
chair 0.0022 180 151 229 268
chair 0.0021 405 172 431 206
chair 0.0021 487 203 499 232
chair 0.0021 310 218 335 277
chair 0.0021 223 221 286 271
chair 0.0020 289 205 341 304
chair 0.0020 396 170 422 206
chair 0.0019 403 185 451 228
chair 0.0018 290 250 344 325
chair 0.0018 368 160 389 179
chair 0.0018 391 226 407 247
chair 0.0018 351 187 367 210
chair 0.0017 288 220 313 274
chair 0.0017 395 221 438 255
chair 0.0017 115 247 211 326
chair 0.0017 180 226 231 270
chair 0.0016 330 148 352 189
chair 0.0016 341 169 359 189
chair 0.0016 271 243 296 307
chair 0.0016 198 238 290 318
chair 0.0016 380 168 397 187
chair 0.0016 319 191 343 225
chair 0.0016 280 262 306 329
chair 0.0015 378 198 396 219
chair 0.0015 409 163 426 178
chair 0.0015 338 178 382 220
chair 0.0015 137 187 182 234
diningtable 0.1068 248 175 413 325
diningtable 0.0455 300 227 421 327
diningtable 0.0332 198 253 293 330
diningtable 0.0258 325 174 481 324
diningtable 0.0192 333 153 386 188
diningtable 0.0191 152 180 338 322
diningtable 0.0153 268 181 362 248
diningtable 0.0150 155 228 236 316
diningtable 0.0148 130 230 302 326
diningtable 0.0139 333 164 416 222
diningtable 0.0127 399 211 493 327
diningtable 0.0109 179 235 398 323
diningtable 0.0105 152 203 203 302
diningtable 0.0088 292 161 437 275
diningtable 0.0078 325 212 414 297
diningtable 0.0077 230 197 317 275
diningtable 0.0066 278 168 393 226
diningtable 0.0066 221 206 300 326
diningtable 0.0060 200 157 375 274
diningtable 0.0059 148 163 222 305
diningtable 0.0057 313 175 404 246
diningtable 0.0052 392 187 483 275
diningtable 0.0051 356 173 433 246
diningtable 0.0042 177 192 227 309
diningtable 0.0040 277 199 357 272
diningtable 0.0038 356 174 402 223
diningtable 0.0033 341 162 397 197
diningtable 0.0033 149 189 184 284
diningtable 0.0033 228 272 312 330
diningtable 0.0032 334 252 441 328
diningtable 0.0032 282 161 339 194
diningtable 0.0031 251 164 346 221
diningtable 0.0028 406 166 496 256
diningtable 0.0027 107 250 156 328
diningtable 0.0027 239 256 350 328
diningtable 0.0027 449 227 498 319
diningtable 0.0027 327 159 373 198
diningtable 0.0025 370 230 468 320
diningtable 0.0022 386 172 429 205
diningtable 0.0021 3 209 82 329
diningtable 0.0020 338 178 382 220
diningtable 0.0019 400 169 417 186
diningtable 0.0019 405 178 450 221
diningtable 0.0017 309 269 404 332
diningtable 0.0016 145 280 255 328
diningtable 0.0016 340 159 360 180
diningtable 0.0015 358 155 398 187
diningtable 0.0015 318 150 396 205
diningtable 0.0014 409 178 426 198
diningtable 0.0014 338 195 448 265
diningtable 0.0014 400 178 418 197
diningtable 0.0014 317 149 365 189
diningtable 0.0014 370 146 496 281
diningtable 0.0013 328 140 373 183
diningtable 0.0012 104 184 178 324
diningtable 0.0012 344 187 359 210
diningtable 0.0012 376 163 420 195
diningtable 0.0012 382 176 434 223
diningtable 0.0010 5 222 176 327
diningtable 0.0010 470 177 499 288
diningtable 0.0010 390 168 407 187
dog 0.0114 356 174 402 223
dog 0.0061 220 230 300 323
dog 0.0030 338 178 382 220
dog 0.0027 346 188 392 224
dog 0.0023 333 153 386 188
dog 0.0021 311 230 403 324
dog 0.0021 367 186 428 228
dog 0.0013 182 156 227 233
dog 0.0013 405 178 450 221
dog 0.0012 344 196 360 217
dog 0.0012 406 166 496 256
dog 0.0011 333 164 416 222
dog 0.0011 346 169 393 210
dog 0.0010 339 180 363 217
horse 0.0014 356 174 402 223
horse 0.0011 450 114 501 166
motorbike 0.0019 475 120 501 179
motorbike 0.0015 333 153 386 188
motorbike 0.0015 356 174 402 223
motorbike 0.0011 478 41 498 124
person 0.7909 282 119 324 192
person 0.7735 182 156 227 233
person 0.7174 234 145 286 232
person 0.5933 170 154 229 307
person 0.5517 402 157 498 308
person 0.3471 224 179 303 324
person 0.2928 406 154 495 236
person 0.2529 450 100 501 177
person 0.2232 322 133 340 185
person 0.2059 473 36 499 159
person 0.1970 309 187 405 320
person 0.1714 349 69 370 117
person 0.1601 329 68 353 119
person 0.1584 239 145 269 195
person 0.1558 288 128 317 172
person 0.1367 333 164 416 222
person 0.0856 340 69 362 116
person 0.0813 474 114 501 170
person 0.0804 323 135 337 164
person 0.0607 284 82 300 102
person 0.0606 435 133 476 169
person 0.0580 453 112 496 153
person 0.0542 333 153 386 188
person 0.0523 232 182 290 274
person 0.0516 311 131 336 174
person 0.0434 356 173 433 246
person 0.0410 256 59 276 109
person 0.0406 470 109 501 236
person 0.0382 291 106 316 159
person 0.0359 356 174 402 223
person 0.0353 357 160 401 200
person 0.0352 478 41 498 124
person 0.0340 319 123 341 163
person 0.0315 367 164 458 228
person 0.0312 364 167 395 212
person 0.0311 450 127 501 219
person 0.0255 323 65 341 122
person 0.0237 416 121 494 193
person 0.0233 234 146 313 287
person 0.0230 440 119 490 166
person 0.0229 318 150 396 205
person 0.0216 236 148 253 209
person 0.0213 252 140 291 210
person 0.0212 332 57 374 142
person 0.0198 359 69 379 118
person 0.0188 365 155 393 187
person 0.0182 392 187 483 275
person 0.0182 325 143 338 176
person 0.0181 247 147 278 190
person 0.0179 268 136 317 185
person 0.0158 265 79 279 104
person 0.0154 407 164 463 255
person 0.0153 451 177 500 285
person 0.0144 265 139 337 202
person 0.0143 467 178 485 198
person 0.0141 470 163 500 266
person 0.0140 400 163 416 178
person 0.0138 281 137 324 236
person 0.0138 352 69 366 98
person 0.0138 276 80 292 102
person 0.0133 455 38 500 127
person 0.0131 394 150 474 210
person 0.0128 328 140 373 183
person 0.0128 250 158 297 267
person 0.0127 326 154 339 183
person 0.0127 444 30 503 170
person 0.0121 153 179 204 289
person 0.0120 473 175 499 224
person 0.0116 346 130 374 171
person 0.0116 340 143 397 178
person 0.0110 413 43 451 155
person 0.0110 319 54 358 138
person 0.0109 326 195 417 270
person 0.0107 204 157 226 221
person 0.0107 313 175 404 246
person 0.0105 297 120 323 164
person 0.0104 251 224 303 326
person 0.0103 274 184 294 232
person 0.0102 343 68 358 97
person 0.0095 359 79 382 143
person 0.0094 379 161 397 178
person 0.0091 348 157 434 207
person 0.0090 246 142 263 162
person 0.0090 380 168 397 187
person 0.0089 285 75 301 95
person 0.0087 426 102 479 173
person 0.0086 410 201 463 307
person 0.0084 453 177 497 218
person 0.0082 294 131 328 184
person 0.0081 351 73 388 160
person 0.0080 318 131 396 187
person 0.0080 330 148 352 189
person 0.0078 316 60 332 125
person 0.0077 368 160 389 179
person 0.0076 226 147 267 217
person 0.0073 293 129 311 151
person 0.0072 280 121 345 274
person 0.0071 423 141 469 179
person 0.0071 280 78 304 108
person 0.0070 485 105 500 161
pottedplant 0.0117 400 163 416 178
pottedplant 0.0041 400 169 417 186
pottedplant 0.0029 389 161 408 178
pottedplant 0.0026 409 163 426 178
pottedplant 0.0021 409 170 425 187
pottedplant 0.0011 344 196 360 217
sofa 0.0551 220 230 300 323
sofa 0.0203 333 153 386 188
sofa 0.0155 148 163 222 305
sofa 0.0134 333 164 416 222
sofa 0.0123 311 230 403 324
sofa 0.0075 401 169 496 330
sofa 0.0059 152 203 203 302
sofa 0.0042 228 178 319 324
sofa 0.0038 107 250 156 328
sofa 0.0034 356 173 433 246
sofa 0.0032 155 228 236 316
sofa 0.0027 392 166 484 254
sofa 0.0025 470 177 499 288
sofa 0.0025 177 192 227 309
sofa 0.0021 341 162 397 197
sofa 0.0021 325 212 414 297
sofa 0.0018 3 209 82 329
sofa 0.0017 345 177 395 222
sofa 0.0015 227 149 295 231
sofa 0.0014 149 189 184 284
sofa 0.0014 282 161 339 194
sofa 0.0012 318 150 396 205
sofa 0.0011 327 159 373 198
sofa 0.0011 386 172 429 205
sofa 0.0010 400 163 416 178
sofa 0.0010 1 244 56 326
tvmonitor 0.0080 333 153 386 188
tvmonitor 0.0035 400 163 416 178
tvmonitor 0.0022 389 161 408 178
tvmonitor 0.0022 400 169 417 186
tvmonitor 0.0018 474 132 500 185
tvmonitor 0.0017 358 155 398 187
tvmonitor 0.0017 282 161 339 194
tvmonitor 0.0016 409 178 426 198
tvmonitor 0.0015 409 170 425 187
tvmonitor 0.0012 397 226 422 247
tvmonitor 0.0011 400 178 418 197
tvmonitor 0.0011 340 159 360 180
tvmonitor 0.0011 368 160 389 179
tvmonitor 0.0010 470 163 500 266
tvmonitor 0.0010 2 213 56 330
