bus 0.9999 87 27 424 269
bus 0.9748 30 46 116 186
bus 0.0209 418 75 454 169
bus 0.0097 453 71 492 171
bus 0.0087 423 113 450 154
bus 0.0039 487 100 499 169
bus 0.0032 23 57 161 213
bus 0.0032 478 91 494 163
bus 0.0032 455 98 476 154
bus 0.0029 464 100 483 170
bus 0.0025 -1 31 22 169
bus 0.0025 399 80 430 196
bus 0.0024 295 32 416 283
bus 0.0024 136 113 224 171
bus 0.0019 473 67 499 168
bus 0.0018 427 92 469 177
bus 0.0017 83 65 125 172
bus 0.0016 103 93 145 189
bus 0.0013 416 35 488 194
bus 0.0011 416 82 490 160
bus 0.0011 427 125 447 145
car 0.0023 427 125 447 145
car 0.0016 423 113 450 154
car 0.0012 489 127 497 161
car 0.0012 459 113 474 135
car 0.0011 487 100 499 169
car 0.0010 481 102 494 166
person 0.0619 154 123 181 164
person 0.0616 164 121 190 167
person 0.0553 146 123 171 165
person 0.0487 139 143 159 164
person 0.0407 147 143 168 163
person 0.0275 136 136 178 167
person 0.0118 121 118 137 168
person 0.0099 174 120 197 169
person 0.0071 487 100 499 169
person 0.0070 156 142 178 162
person 0.0057 149 132 168 157
person 0.0055 182 130 230 176
person 0.0052 158 110 204 173
person 0.0041 128 120 150 167
person 0.0038 158 131 177 156
person 0.0033 481 102 494 166
person 0.0027 138 107 182 173
person 0.0024 135 114 162 159
person 0.0023 167 142 186 164
person 0.0023 -1 94 7 173
person 0.0022 489 127 497 161
person 0.0021 315 65 347 166
person 0.0019 192 119 219 169
person 0.0018 122 119 135 150
person 0.0015 183 121 209 169
person 0.0014 117 100 166 179
person 0.0013 457 97 474 189
person 0.0013 115 111 130 176
person 0.0013 131 142 148 165
person 0.0012 168 130 186 158
person 0.0012 93 92 113 156
person 0.0012 441 122 451 146
person 0.0011 140 133 160 157
person 0.0011 464 100 483 170
person 0.0011 143 141 170 176
train 0.0074 418 75 454 169
train 0.0039 423 113 450 154
train 0.0018 115 1 433 255
