aeroplane 0.0022 417 231 492 250
boat 0.9422 -5 192 505 280
boat 0.0765 317 206 500 262
boat 0.0439 -10 224 190 274
boat 0.0237 62 230 379 273
boat 0.0107 411 237 502 260
boat 0.0102 240 192 289 232
boat 0.0101 270 226 516 271
boat 0.0092 13 110 483 288
boat 0.0069 104 211 335 262
boat 0.0060 205 191 310 240
boat 0.0037 -1 212 247 263
boat 0.0021 256 192 309 230
boat 0.0021 488 239 501 262
boat 0.0018 234 191 399 240
boat 0.0017 486 209 500 271
boat 0.0017 0 228 64 267
boat 0.0014 0 234 8 264
boat 0.0013 176 204 378 258
boat 0.0012 417 231 492 250
boat 0.0012 220 208 451 263
boat 0.0012 488 230 500 255
boat 0.0011 -1 220 10 278
bus 0.0016 247 193 298 230
car 0.0013 15 231 33 246
car 0.0012 23 225 43 241
car 0.0011 436 234 457 244
person 0.0122 183 182 210 219
person 0.0111 23 230 41 245
person 0.0093 181 180 230 221
person 0.0041 279 192 305 230
person 0.0035 23 225 43 241
person 0.0027 256 192 309 230
person 0.0021 31 231 51 244
person 0.0020 15 231 33 246
person 0.0019 62 224 82 236
person 0.0015 262 199 282 222
person 0.0015 177 182 200 221
person 0.0015 55 225 72 237
person 0.0012 30 225 50 239
person 0.0011 7 226 57 251
train 0.0052 247 193 298 230
train 0.0011 417 231 492 250
