aeroplane 0.9806 111 141 384 230
aeroplane 0.0346 439 208 493 232
aeroplane 0.0320 345 205 412 234
aeroplane 0.0292 90 173 277 224
aeroplane 0.0135 403 204 469 235
aeroplane 0.0107 454 213 477 229
aeroplane 0.0046 224 143 366 222
aeroplane 0.0042 315 181 432 232
aeroplane 0.0019 342 185 485 234
aeroplane 0.0018 58 148 300 220
aeroplane 0.0015 321 125 496 230
aeroplane 0.0012 445 190 502 230
aeroplane 0.0011 354 193 422 228
bicycle 0.0010 310 205 320 231
boat 0.0014 403 204 469 235
boat 0.0012 439 208 493 232
car 0.0207 345 205 412 234
car 0.0034 311 207 327 229
car 0.0025 455 218 477 230
motorbike 0.0015 310 205 320 231
person 0.0446 310 205 320 231
person 0.0029 335 207 349 231
person 0.0011 309 217 319 230
train 0.0018 403 204 469 235
