bicycle 0.0253 64 102 153 180
bicycle 0.0064 -1 141 9 200
bicycle 0.0045 17 143 27 178
bicycle 0.0027 36 137 53 181
bicycle 0.0020 14 132 29 175
bicycle 0.0011 0 123 13 183
car 0.0117 0 112 13 176
car 0.0091 0 131 11 194
car 0.0039 10 -29 494 304
car 0.0037 5 132 23 175
car 0.0030 0 133 10 169
car 0.0027 41 162 62 182
car 0.0025 64 102 153 180
car 0.0024 14 132 29 175
car 0.0018 8 136 19 168
car 0.0015 -1 163 8 199
car 0.0013 40 153 84 186
car 0.0010 36 129 51 178
horse 0.0023 14 132 29 175
horse 0.0014 0 131 11 194
motorbike 0.9970 8 20 497 324
motorbike 0.3177 64 102 153 180
motorbike 0.0105 14 132 29 175
motorbike 0.0077 36 137 53 181
motorbike 0.0066 -1 141 9 200
motorbike 0.0043 62 10 365 257
motorbike 0.0030 5 132 23 175
motorbike 0.0028 60 100 110 175
motorbike 0.0028 162 8 476 260
motorbike 0.0022 0 123 13 183
motorbike 0.0016 73 72 168 203
motorbike 0.0015 25 96 163 227
motorbike 0.0014 36 109 64 191
motorbike 0.0014 60 122 81 178
motorbike 0.0012 43 117 82 188
motorbike 0.0011 17 143 27 178
motorbike 0.0011 8 136 19 168
person 0.5071 39 87 62 183
person 0.2662 36 129 51 178
person 0.2296 14 132 29 175
person 0.0631 0 131 11 194
person 0.0467 62 119 79 166
person 0.0157 8 136 19 168
person 0.0150 43 93 77 178
person 0.0144 17 143 27 178
person 0.0125 5 132 23 175
person 0.0124 34 82 56 163
person 0.0123 24 132 41 177
person 0.0098 55 117 71 173
person 0.0081 0 133 10 169
person 0.0081 0 112 13 176
person 0.0079 27 136 38 170
person 0.0071 41 41 400 310
person 0.0071 65 124 77 149
person 0.0037 41 83 64 129
person 0.0034 58 126 68 160
person 0.0033 37 130 49 160
person 0.0033 -1 151 8 192
person 0.0026 64 102 153 180
person 0.0019 38 139 62 181
person 0.0015 25 83 45 163
person 0.0014 38 158 52 182
person 0.0011 54 86 70 159
