bus 0.9999 38 59 449 313
bus 0.0842 435 80 497 257
bus 0.0338 235 64 468 295
bus 0.0261 -3 45 63 251
bus 0.0079 -8 88 299 284
bus 0.0054 452 170 500 216
bus 0.0050 -2 103 25 231
bus 0.0034 14 102 171 267
bus 0.0033 433 101 475 236
bus 0.0024 11 131 43 245
bus 0.0020 74 137 414 290
bus 0.0017 434 173 496 198
bus 0.0016 476 95 501 238
bus 0.0015 -1 163 9 242
bus 0.0014 337 78 467 266
bus 0.0013 3 143 23 225
bus 0.0012 15 167 31 238
bus 0.0011 10 86 89 259
bus 0.0010 413 156 453 263
car 0.0049 452 170 500 216
car 0.0024 0 196 8 227
car 0.0023 -1 179 9 246
car 0.0014 438 176 458 193
car 0.0013 462 177 489 193
car 0.0012 434 173 496 198
car 0.0011 440 182 457 202
car 0.0010 444 177 464 194
person 0.0729 216 195 233 229
person 0.0085 231 193 258 235
person 0.0058 109 184 133 223
person 0.0041 223 194 244 233
person 0.0040 218 145 259 234
person 0.0034 450 188 460 215
person 0.0021 77 190 87 216
person 0.0020 165 181 209 225
person 0.0016 447 178 463 228
train 0.0019 452 170 500 216
train 0.0011 433 58 497 246
