aeroplane 0.9149 18 144 481 245
aeroplane 0.0667 14 130 259 234
aeroplane 0.0359 0 195 46 224
aeroplane 0.0343 2 188 43 214
aeroplane 0.0221 241 152 470 241
aeroplane 0.0072 -1 206 47 231
aeroplane 0.0041 11 192 37 211
aeroplane 0.0026 0 190 9 212
aeroplane 0.0016 219 169 415 231
aeroplane 0.0015 -7 209 72 227
aeroplane 0.0013 21 194 43 210
aeroplane 0.0012 248 213 297 250
bicycle 0.0049 381 223 395 249
bicycle 0.0022 353 225 363 248
bicycle 0.0014 391 222 402 251
car 0.0064 417 226 439 248
car 0.0011 382 217 395 246
motorbike 0.0026 382 217 395 246
motorbike 0.0012 353 225 363 248
person 0.1504 382 217 395 246
person 0.0774 391 216 402 246
person 0.0658 376 217 387 246
person 0.0461 353 225 363 248
person 0.0080 348 222 359 245
person 0.0023 373 204 389 244
person 0.0015 349 217 366 248
