bird 0.0015 270 -7 448 77
cat 0.9949 127 11 354 371
cat 0.8009 -1 8 143 200
cat 0.1548 292 1 405 74
cat 0.0073 259 5 404 111
cat 0.0041 154 -1 433 76
cat 0.0031 366 -1 465 53
cat 0.0021 0 0 171 365
cat 0.0015 295 -8 497 78
cat 0.0010 -4 -2 266 219
chair 0.0273 126 -8 368 337
diningtable 0.0173 34 13 336 368
dog 0.0111 292 1 405 74
dog 0.0034 -1 8 143 200
dog 0.0021 131 32 360 384
person 0.0064 126 -8 368 337
person 0.0012 154 -1 433 76
person 0.0010 4 0 138 174
sofa 0.0034 10 -9 411 382
tvmonitor 0.0024 64 -7 441 78
tvmonitor 0.0010 126 -8 368 337
