bicycle 0.0010 237 51 290 82
bird 0.0013 373 98 408 174
bottle 0.0090 243 49 267 84
bottle 0.0020 261 252 324 292
bottle 0.0019 237 51 290 82
bottle 0.0019 117 220 216 290
bottle 0.0012 254 55 273 79
bottle 0.0011 90 246 111 309
bottle 0.0011 78 159 90 241
bottle 0.0011 246 45 265 72
bottle 0.0010 78 158 103 209
cat 0.0035 126 120 239 201
cat 0.0012 373 98 408 174
cat 0.0011 195 72 243 164
chair 0.7078 107 112 242 261
chair 0.0052 61 295 357 377
chair 0.0052 101 154 144 237
chair 0.0042 110 121 228 201
chair 0.0039 105 156 136 209
chair 0.0038 124 146 235 314
chair 0.0035 89 67 259 316
chair 0.0034 117 220 216 290
chair 0.0029 260 95 300 172
chair 0.0024 122 201 236 269
chair 0.0018 111 153 229 234
chair 0.0011 42 330 250 375
chair 0.0011 244 290 346 374
diningtable 0.0417 20 296 328 375
diningtable 0.0020 58 248 284 368
diningtable 0.0014 106 134 240 293
person 0.0233 373 98 408 174
person 0.0129 111 95 241 230
person 0.0116 260 88 301 161
person 0.0033 186 68 207 100
person 0.0028 195 72 243 164
person 0.0023 243 49 267 84
person 0.0015 416 18 449 95
person 0.0011 413 24 443 70
person 0.0010 190 68 203 90
person 0.0010 0 0 10 94
pottedplant 0.0441 309 0 391 76
pottedplant 0.0321 209 73 240 116
pottedplant 0.0319 117 232 218 314
pottedplant 0.0198 195 72 243 164
pottedplant 0.0171 194 68 239 107
pottedplant 0.0164 243 49 267 84
pottedplant 0.0080 260 88 301 161
pottedplant 0.0073 440 101 498 252
pottedplant 0.0041 237 51 290 82
pottedplant 0.0036 448 96 497 187
pottedplant 0.0035 213 75 238 99
pottedplant 0.0032 476 98 498 219
pottedplant 0.0019 437 92 473 187
pottedplant 0.0019 475 106 498 163
pottedplant 0.0017 112 203 219 269
pottedplant 0.0016 489 87 500 182
pottedplant 0.0013 373 98 408 174
pottedplant 0.0011 94 216 193 286
pottedplant 0.0011 432 107 470 244
pottedplant 0.0010 124 146 235 314
sofa 0.1258 107 112 242 261
sofa 0.0040 126 120 239 201
sofa 0.0014 89 67 259 316
tvmonitor 0.0022 0 67 19 283
tvmonitor 0.0017 105 156 136 209
