bottle 0.0029 29 114 40 142
bottle 0.0015 26 109 42 187
bottle 0.0014 34 109 51 188
chair 0.6561 127 189 201 368
chair 0.5488 48 193 199 453
chair 0.1140 129 190 201 253
chair 0.0561 89 185 131 227
chair 0.0385 162 166 238 425
chair 0.0214 125 189 172 226
chair 0.0192 15 191 324 466
chair 0.0160 71 184 177 348
chair 0.0138 205 214 348 495
chair 0.0129 119 183 142 229
chair 0.0116 122 192 171 281
chair 0.0103 48 186 91 259
chair 0.0087 25 123 43 191
chair 0.0060 82 186 131 257
chair 0.0049 81 181 122 216
chair 0.0046 59 190 150 282
chair 0.0044 321 152 344 199
chair 0.0039 120 185 159 215
chair 0.0034 103 186 146 253
chair 0.0026 52 179 95 215
chair 0.0025 92 179 110 197
chair 0.0025 158 188 206 330
chair 0.0025 303 108 343 209
chair 0.0024 126 188 151 243
chair 0.0021 29 162 117 430
chair 0.0020 108 182 133 230
chair 0.0020 137 191 265 251
chair 0.0019 17 114 34 183
chair 0.0019 7 147 27 186
chair 0.0018 119 185 241 229
chair 0.0018 131 194 224 284
chair 0.0018 143 199 194 236
chair 0.0016 78 186 175 253
chair 0.0015 44 179 137 351
chair 0.0013 123 187 155 206
chair 0.0012 60 173 102 205
chair 0.0011 14 146 35 185
chair 0.0011 83 177 102 198
chair 0.0011 185 174 291 425
chair 0.0010 97 187 123 206
chair 0.0010 318 116 345 184
chair 0.0010 8 112 25 184
chair 0.0010 35 122 52 190
diningtable 0.7715 147 201 349 480
diningtable 0.2340 15 191 324 466
diningtable 0.0589 48 193 199 453
diningtable 0.0061 99 192 322 378
diningtable 0.0056 127 189 201 368
diningtable 0.0031 81 188 255 313
diningtable 0.0015 129 190 201 253
diningtable 0.0014 89 185 131 227
diningtable 0.0012 71 184 177 348
diningtable 0.0010 25 123 43 191
person 0.3234 318 106 342 194
person 0.1529 26 109 42 187
person 0.0838 34 109 51 188
person 0.0284 45 107 62 189
person 0.0218 29 114 40 142
person 0.0161 316 105 333 173
person 0.0099 54 107 68 189
person 0.0087 45 103 79 187
person 0.0049 17 114 34 183
person 0.0045 323 107 338 128
person 0.0041 319 109 331 127
person 0.0020 32 114 63 195
person 0.0019 44 106 66 154
person 0.0018 313 133 330 199
person 0.0017 48 109 62 128
person 0.0016 34 117 51 137
person 0.0013 329 117 346 185
person 0.0013 48 115 62 140
person 0.0013 15 103 37 160
person 0.0011 5 102 29 184
person 0.0010 26 101 44 143
person 0.0010 30 109 55 151
pottedplant 0.0512 295 165 317 206
pottedplant 0.0274 303 108 343 209
pottedplant 0.0069 301 164 341 205
pottedplant 0.0048 301 173 321 201
pottedplant 0.0046 321 152 344 199
pottedplant 0.0045 298 165 312 193
pottedplant 0.0028 296 171 325 217
pottedplant 0.0028 308 152 333 201
pottedplant 0.0015 34 104 64 183
pottedplant 0.0015 297 159 342 232
pottedplant 0.0010 17 114 34 183
pottedplant 0.0010 25 123 43 191
sofa 0.0022 129 190 201 253
tvmonitor 0.0012 7 103 24 176
