bicycle 0.0041 473 214 499 334
bicycle 0.0024 453 240 500 333
bicycle 0.0011 443 154 500 350
bottle 0.0068 473 214 499 334
bottle 0.0034 486 218 500 318
bottle 0.0034 453 240 500 333
bottle 0.0026 281 279 307 331
bottle 0.0016 477 231 499 302
bottle 0.0010 489 193 499 285
chair 0.0019 2 -37 500 320
cow 0.0019 2 -37 500 320
motorbike 0.0022 473 214 499 334
motorbike 0.0011 453 240 500 333
person 0.9960 5 19 490 332
person 0.0129 240 20 476 330
person 0.0016 3 6 206 329
person 0.0014 473 214 499 334
sofa 0.0021 2 -37 500 320
train 0.0057 2 -37 500 320
tvmonitor 0.0182 2 -37 500 320
