cow 0.0088 452 251 499 286
cow 0.0052 25 203 107 259
cow 0.0029 484 240 498 303
cow 0.0023 474 259 500 294
cow 0.0021 189 212 251 273
cow 0.0019 352 231 442 288
cow 0.0016 0 154 9 231
cow 0.0015 151 265 283 367
cow 0.0014 420 268 504 365
sheep 0.9794 352 231 442 288
sheep 0.9759 4 258 154 373
sheep 0.9614 414 266 502 364
sheep 0.9195 151 265 283 367
sheep 0.8573 25 203 107 259
sheep 0.8503 188 216 250 278
sheep 0.5369 -3 217 47 262
sheep 0.4219 449 239 500 281
sheep 0.0799 15 248 70 284
sheep 0.0726 471 251 502 291
sheep 0.0642 -2 237 65 304
sheep 0.0483 2 216 90 285
sheep 0.0482 421 228 493 281
sheep 0.0316 -3 245 49 290
sheep 0.0297 449 228 483 273
sheep 0.0207 484 240 498 303
sheep 0.0184 0 216 32 252
sheep 0.0182 448 228 501 257
sheep 0.0159 441 252 491 283
sheep 0.0143 453 261 497 290
sheep 0.0140 48 202 113 244
sheep 0.0131 18 204 84 242
sheep 0.0128 -1 224 65 363
sheep 0.0104 470 263 501 364
sheep 0.0100 461 234 507 271
sheep 0.0095 -1 217 34 294
sheep 0.0066 486 261 499 293
sheep 0.0058 466 266 487 285
sheep 0.0054 411 232 461 270
sheep 0.0043 464 260 489 280
sheep 0.0041 439 246 497 348
sheep 0.0038 12 240 112 297
sheep 0.0037 0 206 14 261
sheep 0.0036 19 201 68 227
sheep 0.0035 435 229 460 274
sheep 0.0034 -2 207 44 236
sheep 0.0034 454 262 481 278
sheep 0.0029 41 201 103 227
sheep 0.0029 0 222 9 255
sheep 0.0027 0 154 9 231
sheep 0.0021 473 249 500 273
sheep 0.0019 433 227 481 260
sheep 0.0019 6 203 139 348
sheep 0.0017 -2 280 52 372
sheep 0.0017 -2 234 30 351
sheep 0.0016 468 223 501 288
sheep 0.0015 486 247 499 277
sheep 0.0014 0 209 9 234
sheep 0.0014 0 236 8 260
sheep 0.0013 487 237 500 267
sheep 0.0013 29 201 58 242
sheep 0.0012 -3 195 65 247
sheep 0.0012 3 212 28 228
sheep 0.0010 473 240 500 263
