bus 0.9999 71 29 434 312
bus 0.0505 47 136 87 238
bus 0.0295 240 38 464 290
bus 0.0276 21 134 75 240
bus 0.0273 476 112 501 228
bus 0.0244 438 118 467 261
bus 0.0169 0 132 91 270
bus 0.0136 452 111 493 234
bus 0.0043 3 135 50 249
bus 0.0029 1 147 22 270
bus 0.0019 438 82 501 254
bus 0.0015 419 -4 491 271
bus 0.0014 65 140 104 234
bus 0.0013 8 130 175 262
bus 0.0012 416 123 456 256
bus 0.0011 426 91 480 278
car 0.0016 2 197 24 266
dog 0.0012 -10 -110 105 97
person 0.0225 440 167 462 282
person 0.0042 302 134 361 171
person 0.0029 468 169 483 237
person 0.0029 91 198 105 246
person 0.0026 47 143 84 260
person 0.0023 474 126 500 237
person 0.0019 -4 -117 98 77
person 0.0013 328 127 392 158
person 0.0011 435 170 459 234
person 0.0011 438 118 467 261
person 0.0010 285 120 386 175
person 0.0010 299 96 408 163
train 0.0021 476 112 501 228
