bus 0.9977 50 133 378 250
bus 0.8432 314 106 495 245
bus 0.6318 0 124 44 201
bus 0.2720 185 111 475 249
bus 0.0693 28 136 113 217
bus 0.0486 3 124 86 199
bus 0.0354 1 146 25 201
bus 0.0341 10 134 36 195
bus 0.0250 22 145 42 202
bus 0.0165 29 133 69 206
bus 0.0080 29 141 249 233
bus 0.0078 -1 145 12 202
bus 0.0039 -1 93 30 194
bus 0.0026 33 145 50 203
bus 0.0020 367 148 491 237
bus 0.0017 17 130 44 181
bus 0.0015 0 160 9 187
bus 0.0015 41 146 61 202
bus 0.0015 26 161 39 187
bus 0.0013 475 120 500 234
bus 0.0013 9 140 54 189
bus 0.0012 5 161 22 186
bus 0.0011 5 153 21 175
car 0.0049 -1 158 13 206
car 0.0044 0 157 26 204
car 0.0036 0 160 9 187
car 0.0030 25 172 39 196
car 0.0029 0 168 10 197
car 0.0028 13 144 33 203
car 0.0019 26 161 39 187
car 0.0016 5 161 22 186
car 0.0015 22 145 42 202
car 0.0015 -1 178 10 205
car 0.0014 1 232 46 321
car 0.0013 2 151 43 196
car 0.0011 5 153 21 175
car 0.0010 18 159 30 188
cat 0.0020 -12 -87 111 127
dog 0.0077 -12 -87 111 127
person 0.0246 304 187 319 212
person 0.0238 341 172 358 212
person 0.0054 333 169 354 216
person 0.0042 341 169 356 198
person 0.0026 0 160 9 187
person 0.0022 13 144 33 203
person 0.0016 348 174 370 213
person 0.0015 26 161 39 187
person 0.0015 352 179 367 205
person 0.0015 313 180 328 207
person 0.0014 37 160 47 186
person 0.0013 181 175 193 194
person 0.0012 18 159 30 188
person 0.0011 361 171 379 216
person 0.0011 0 150 8 178
person 0.0011 22 145 42 202
person 0.0011 308 183 330 219
train 0.0158 1 146 25 201
train 0.0128 10 134 36 195
train 0.0038 19 134 44 195
train 0.0015 0 124 44 201
train 0.0013 -1 145 12 202
