aeroplane 0.0022 7 148 241 239
boat 0.0050 -2 145 211 242
bus 0.0146 7 148 241 239
bus 0.0086 253 146 484 237
bus 0.0034 -1 227 32 298
bus 0.0033 467 218 501 306
bus 0.0013 188 145 390 244
bus 0.0010 207 239 356 316
car 0.9975 361 235 467 306
car 0.9793 1 243 127 312
car 0.8155 467 218 501 306
car 0.6135 204 239 356 317
car 0.3379 73 241 219 319
car 0.2566 -2 236 26 285
car 0.0353 0 235 46 309
car 0.0241 -1 266 13 314
car 0.0165 442 220 504 294
car 0.0151 -1 250 24 312
car 0.0151 72 244 128 276
car 0.0144 482 207 502 301
car 0.0142 474 214 499 275
car 0.0099 29 259 187 317
car 0.0080 452 220 500 265
car 0.0079 148 238 243 306
car 0.0069 402 224 495 295
car 0.0058 49 244 133 265
car 0.0056 -1 238 11 305
car 0.0052 100 236 159 268
car 0.0048 454 226 477 278
car 0.0037 89 247 151 272
car 0.0035 31 243 175 287
car 0.0031 40 242 122 280
car 0.0029 -2 242 49 276
car 0.0029 472 249 499 312
car 0.0028 -1 227 25 265
car 0.0026 -1 226 16 281
car 0.0025 104 240 224 287
car 0.0023 52 250 131 293
car 0.0023 88 243 324 314
car 0.0021 200 243 288 312
car 0.0020 -1 262 9 297
car 0.0018 223 228 266 262
car 0.0018 -1 246 27 272
car 0.0016 464 224 486 282
car 0.0014 430 226 472 297
car 0.0013 353 239 368 303
car 0.0012 69 236 91 247
car 0.0012 255 237 471 308
car 0.0012 458 240 474 301
car 0.0011 -1 244 9 277
car 0.0010 458 248 473 274
person 0.0011 247 226 262 244
train 0.0420 7 148 241 239
train 0.0058 253 146 484 237
train 0.0019 188 145 390 244
