bus 0.9999 14 11 282 342
bus 0.9998 263 77 488 350
bus 0.0069 0 172 23 302
bus 0.0040 176 97 407 334
bus 0.0040 477 137 499 332
bus 0.0021 265 128 363 346
bus 0.0020 0 32 126 324
bus 0.0016 442 129 496 343
bus 0.0016 -3 62 63 335
bus 0.0011 5 174 45 298
car 0.0037 -1 248 9 327
car 0.0025 476 167 498 341
car 0.0011 0 205 8 312
car 0.0011 0 196 22 312
cat 0.0013 368 -87 499 125
person 0.0219 296 171 346 211
person 0.0054 304 181 359 219
person 0.0021 297 165 326 204
person 0.0017 323 175 354 212
person 0.0017 58 183 81 220
person 0.0015 276 162 356 228
person 0.0015 279 171 328 213
person 0.0014 489 182 499 319
person 0.0014 453 184 462 215
person 0.0012 80 188 104 234
