bird 0.1831 98 170 123 229
bird 0.0347 90 180 116 237
bird 0.0106 95 173 140 242
bird 0.0067 91 168 117 213
bird 0.0036 104 185 129 231
bird 0.0031 101 163 122 204
bird 0.0027 105 165 117 196
bird 0.0020 99 195 119 222
bird 0.0017 81 195 123 238
bird 0.0011 95 176 111 201
bird 0.0011 92 205 109 232
bird 0.0011 63 164 110 235
bird 0.0010 102 182 118 214
bird 0.0010 59 196 81 240
bottle 0.0208 238 235 250 261
bottle 0.0041 229 235 243 261
bottle 0.0035 190 150 204 173
bottle 0.0027 198 149 211 172
bottle 0.0024 220 236 233 261
bottle 0.0012 237 243 249 268
bottle 0.0010 187 126 209 179
car 0.0025 190 150 204 173
cat 0.0043 95 182 123 233
cat 0.0018 95 167 139 236
chair 0.0125 434 182 459 234
chair 0.0119 198 149 211 172
chair 0.0104 190 150 204 173
chair 0.0100 206 171 228 207
chair 0.0083 193 139 215 180
chair 0.0056 209 177 225 202
chair 0.0043 188 141 208 179
chair 0.0040 212 169 236 210
chair 0.0033 195 171 220 208
chair 0.0031 441 172 467 225
chair 0.0028 227 195 244 260
chair 0.0025 232 196 255 261
chair 0.0025 184 170 210 208
chair 0.0016 204 134 224 186
chair 0.0015 0 264 11 345
chair 0.0013 238 235 250 261
chair 0.0013 200 177 215 202
chair 0.0011 0 277 24 333
chair 0.0010 455 173 476 225
chair 0.0010 217 176 233 201
chair 0.0010 208 187 227 209
dog 0.0093 95 182 123 233
dog 0.0018 95 167 139 236
dog 0.0012 100 167 123 217
person 0.2597 92 166 127 237
person 0.1853 100 167 123 217
person 0.0161 227 195 244 260
person 0.0056 105 165 117 196
person 0.0045 91 168 117 213
person 0.0030 88 168 156 233
person 0.0023 434 167 463 249
person 0.0019 232 196 255 261
person 0.0018 59 196 81 240
person 0.0016 190 150 204 173
person 0.0014 228 196 241 222
person 0.0014 53 187 75 230
person 0.0013 63 164 110 235
person 0.0012 110 172 123 205
person 0.0010 187 126 209 179
pottedplant 0.2982 0 -7 195 261
pottedplant 0.1775 187 126 209 179
pottedplant 0.1232 474 176 498 221
pottedplant 0.0713 435 98 468 222
pottedplant 0.0601 436 155 466 232
pottedplant 0.0268 1 28 90 288
pottedplant 0.0260 433 139 461 183
pottedplant 0.0250 440 149 469 193
pottedplant 0.0199 98 26 194 245
pottedplant 0.0186 190 150 204 173
pottedplant 0.0181 0 212 25 327
pottedplant 0.0179 462 177 488 219
pottedplant 0.0153 484 171 500 230
pottedplant 0.0095 167 122 187 182
pottedplant 0.0090 0 68 23 321
pottedplant 0.0088 3 2 181 118
pottedplant 0.0086 -1 83 56 338
pottedplant 0.0086 198 149 211 172
pottedplant 0.0085 95 167 139 236
pottedplant 0.0083 179 123 197 183
pottedplant 0.0077 198 137 212 166
pottedplant 0.0076 477 185 495 213
pottedplant 0.0075 477 177 496 204
pottedplant 0.0066 455 173 476 225
pottedplant 0.0059 456 172 495 208
pottedplant 0.0053 477 146 499 240
pottedplant 0.0053 191 138 205 167
pottedplant 0.0050 442 166 470 214
pottedplant 0.0049 475 162 500 200
pottedplant 0.0048 238 235 250 261
pottedplant 0.0047 144 156 182 229
pottedplant 0.0044 190 119 221 200
pottedplant 0.0043 467 177 485 201
pottedplant 0.0036 193 139 215 180
pottedplant 0.0035 311 188 328 210
pottedplant 0.0033 0 -26 56 265
pottedplant 0.0032 147 186 168 230
pottedplant 0.0031 434 182 459 234
pottedplant 0.0029 477 170 496 192
pottedplant 0.0029 458 170 471 191
pottedplant 0.0027 477 196 495 220
pottedplant 0.0025 446 169 466 191
pottedplant 0.0025 427 73 481 238
pottedplant 0.0024 448 156 492 234
pottedplant 0.0024 444 148 467 174
pottedplant 0.0024 458 177 472 201
pottedplant 0.0024 143 93 188 220
pottedplant 0.0022 10 37 246 352
pottedplant 0.0022 488 173 499 208
pottedplant 0.0022 164 107 196 209
pottedplant 0.0021 121 167 164 229
pottedplant 0.0021 433 156 462 202
pottedplant 0.0021 2 184 39 319
pottedplant 0.0020 0 30 24 205
pottedplant 0.0020 466 185 485 212
pottedplant 0.0018 202 123 226 180
pottedplant 0.0017 193 121 216 168
pottedplant 0.0016 301 129 334 221
pottedplant 0.0015 489 165 498 195
pottedplant 0.0014 444 158 466 184
pottedplant 0.0013 300 180 326 219
pottedplant 0.0012 229 235 243 261
pottedplant 0.0011 189 131 205 157
pottedplant 0.0011 212 169 236 210
pottedplant 0.0011 53 128 70 195
pottedplant 0.0011 138 172 158 224
pottedplant 0.0010 36 77 208 243
pottedplant 0.0010 183 148 194 174
pottedplant 0.0010 -4 110 135 296
pottedplant 0.0010 456 187 492 227
pottedplant 0.0010 -17 -30 371 355
sofa 0.0011 193 139 215 180
tvmonitor 0.0670 190 150 204 173
tvmonitor 0.0607 198 149 211 172
tvmonitor 0.0413 193 139 215 180
tvmonitor 0.0281 188 141 208 179
tvmonitor 0.0052 204 134 224 186
tvmonitor 0.0034 198 137 212 166
tvmonitor 0.0022 213 124 237 180
tvmonitor 0.0020 208 149 221 174
tvmonitor 0.0016 187 130 224 175
tvmonitor 0.0010 191 138 205 167
