aeroplane 0.0012 0 153 64 175
bird 0.0016 369 -85 489 121
bird 0.0011 445 122 467 144
boat 0.0042 387 273 408 284
boat 0.0024 -2 168 102 257
boat 0.0012 337 241 421 262
bottle 0.0104 441 296 453 317
bottle 0.0088 439 305 452 326
bottle 0.0046 427 298 444 315
bottle 0.0040 442 287 455 308
bottle 0.0037 416 299 437 314
bottle 0.0030 427 306 445 326
bottle 0.0023 418 293 437 305
bottle 0.0023 0 351 9 376
bottle 0.0018 450 287 495 373
bottle 0.0016 448 287 466 307
bottle 0.0015 321 264 342 277
bottle 0.0013 369 270 389 283
bottle 0.0013 0 318 13 372
bottle 0.0013 449 296 464 317
bottle 0.0012 320 269 341 285
bottle 0.0012 387 273 408 284
bottle 0.0011 329 269 350 284
bottle 0.0011 426 315 447 335
bottle 0.0011 329 263 351 277
bottle 0.0011 369 265 389 276
bottle 0.0011 428 290 445 305
bottle 0.0010 446 280 466 297
bottle 0.0010 491 329 500 362
bottle 0.0010 487 355 501 377
bottle 0.0010 0 338 10 371
bottle 0.0010 418 306 438 324
car 0.0077 387 273 408 284
car 0.0069 -3 143 102 287
car 0.0059 452 287 496 328
car 0.0036 3 326 93 371
car 0.0024 446 280 466 297
car 0.0015 416 299 437 314
car 0.0015 438 291 504 372
car 0.0013 444 284 487 316
car 0.0012 0 148 8 175
car 0.0010 380 271 401 283
cat 0.0052 198 333 253 375
cat 0.0028 182 319 231 373
cat 0.0014 78 333 125 374
cat 0.0013 192 317 240 358
chair 0.5813 413 321 441 373
chair 0.5282 348 332 374 376
chair 0.4406 78 333 125 374
chair 0.3986 191 331 241 376
chair 0.3252 425 320 448 372
chair 0.3170 288 306 336 348
chair 0.3113 182 320 210 372
chair 0.3057 281 302 308 335
chair 0.3036 288 306 314 347
chair 0.2703 309 317 334 354
chair 0.2633 378 332 419 378
chair 0.2413 434 319 459 374
chair 0.2057 208 336 263 374
chair 0.2026 355 302 382 333
chair 0.1780 365 334 390 376
chair 0.1707 452 318 479 373
chair 0.1685 379 319 418 354
chair 0.1625 33 337 91 374
chair 0.1607 326 323 353 369
chair 0.1494 178 319 258 372
chair 0.1453 182 314 230 361
chair 0.1373 366 308 413 345
chair 0.1193 177 318 199 373
chair 0.1163 445 317 468 374
chair 0.1041 92 326 147 379
chair 0.1017 199 317 251 357
chair 0.1003 388 316 433 373
chair 0.0941 69 328 114 366
chair 0.0879 217 349 273 377
chair 0.0800 260 298 307 335
chair 0.0790 350 317 389 374
chair 0.0699 349 306 374 347
chair 0.0692 450 287 495 373
chair 0.0649 37 329 135 375
chair 0.0639 278 350 347 378
chair 0.0601 247 338 319 373
chair 0.0600 72 323 169 372
chair 0.0530 383 351 412 377
chair 0.0530 426 315 447 335
chair 0.0529 164 310 190 365
chair 0.0515 364 302 393 334
chair 0.0485 206 314 261 341
chair 0.0463 213 320 274 353
chair 0.0456 405 316 431 357
chair 0.0447 378 303 418 335
chair 0.0439 284 266 339 291
chair 0.0428 453 332 497 373
chair 0.0418 416 299 437 314
chair 0.0413 307 314 354 358
chair 0.0405 427 306 445 326
chair 0.0379 378 302 415 368
chair 0.0361 39 352 102 375
chair 0.0336 328 325 376 369
chair 0.0330 249 293 296 325
chair 0.0313 235 352 292 376
chair 0.0311 291 232 417 275
chair 0.0309 416 332 460 372
chair 0.0302 113 319 144 372
chair 0.0271 357 299 380 317
chair 0.0269 349 305 372 328
chair 0.0265 226 342 282 371
chair 0.0262 197 347 252 376
chair 0.0251 405 299 430 313
chair 0.0247 191 315 240 342
chair 0.0247 424 310 450 342
chair 0.0246 342 304 380 367
chair 0.0243 349 295 388 324
chair 0.0242 383 307 431 348
chair 0.0237 152 315 181 373
chair 0.0236 244 320 346 374
chair 0.0232 329 301 371 333
chair 0.0231 438 332 476 373
chair 0.0227 222 311 334 360
chair 0.0226 0 318 13 372
chair 0.0223 199 325 233 368
chair 0.0218 74 322 124 356
chair 0.0217 418 306 438 324
chair 0.0215 354 285 402 312
chair 0.0215 232 322 293 350
chair 0.0214 306 295 355 320
chair 0.0214 339 303 365 350
chair 0.0213 340 326 363 368
chair 0.0213 380 348 434 377
chair 0.0212 115 330 161 376
chair 0.0208 175 312 216 346
chair 0.0208 62 347 120 379
chair 0.0207 439 305 452 326
chair 0.0204 427 298 444 315
chair 0.0204 303 286 358 312
chair 0.0202 167 300 189 316
chair 0.0201 44 327 98 365
chair 0.0198 290 299 312 317
chair 0.0195 387 273 408 284
chair 0.0194 350 299 371 318
chair 0.0193 33 325 89 349
chair 0.0180 242 329 303 361
chair 0.0179 316 237 384 263
chair 0.0174 395 303 439 332
chair 0.0172 222 311 286 343
chair 0.0171 323 248 396 272
diningtable 0.4884 189 321 328 373
diningtable 0.2231 178 319 258 372
diningtable 0.1447 8 327 123 374
diningtable 0.1336 374 317 448 372
diningtable 0.0566 222 311 334 360
diningtable 0.0420 202 344 353 382
diningtable 0.0376 281 306 323 346
diningtable 0.0364 92 319 193 371
diningtable 0.0303 409 297 496 374
diningtable 0.0214 198 333 253 375
diningtable 0.0206 33 337 91 374
diningtable 0.0188 407 321 446 373
diningtable 0.0188 78 333 125 374
diningtable 0.0182 176 320 219 372
diningtable 0.0162 357 302 399 334
diningtable 0.0161 349 330 390 378
diningtable 0.0152 131 316 230 372
diningtable 0.0151 165 312 403 378
diningtable 0.0139 247 338 319 373
diningtable 0.0137 291 306 377 364
diningtable 0.0136 334 307 414 366
diningtable 0.0124 449 312 495 375
diningtable 0.0117 378 332 419 378
diningtable 0.0112 366 308 413 345
diningtable 0.0106 260 298 307 335
diningtable 0.0103 218 339 272 372
diningtable 0.0100 213 313 275 340
diningtable 0.0093 204 319 263 355
diningtable 0.0091 428 332 465 373
diningtable 0.0084 284 266 339 291
diningtable 0.0083 226 350 282 377
diningtable 0.0073 284 296 388 339
diningtable 0.0072 291 315 333 352
diningtable 0.0067 328 325 376 369
diningtable 0.0065 276 275 434 319
diningtable 0.0063 192 317 240 358
diningtable 0.0062 242 329 303 361
diningtable 0.0059 232 322 293 350
diningtable 0.0058 396 318 439 356
diningtable 0.0057 200 315 249 340
diningtable 0.0057 4 336 61 376
diningtable 0.0056 349 275 409 303
diningtable 0.0056 341 302 379 333
diningtable 0.0054 307 314 354 358
diningtable 0.0050 379 319 418 354
diningtable 0.0049 163 311 213 363
diningtable 0.0048 39 352 102 375
diningtable 0.0046 69 328 114 366
diningtable 0.0046 383 307 431 348
diningtable 0.0044 205 348 264 376
diningtable 0.0044 238 353 307 374
diningtable 0.0043 353 303 389 368
diningtable 0.0042 278 350 347 378
diningtable 0.0041 197 297 321 341
diningtable 0.0041 416 317 456 357
diningtable 0.0041 18 330 87 361
diningtable 0.0040 96 320 143 373
diningtable 0.0040 232 342 294 371
diningtable 0.0040 445 317 468 374
diningtable 0.0040 380 348 434 377
diningtable 0.0040 405 303 448 331
diningtable 0.0039 211 308 277 328
diningtable 0.0038 354 285 402 312
diningtable 0.0038 378 302 415 368
diningtable 0.0038 436 293 475 372
diningtable 0.0038 303 286 358 312
diningtable 0.0036 1 315 93 363
diningtable 0.0033 16 325 87 347
diningtable 0.0033 406 311 447 344
diningtable 0.0032 271 319 356 374
diningtable 0.0031 349 295 388 324
diningtable 0.0031 282 273 341 304
diningtable 0.0030 249 293 296 325
diningtable 0.0029 378 303 418 335
diningtable 0.0028 451 309 478 366
diningtable 0.0028 447 333 487 372
diningtable 0.0028 323 248 396 272
diningtable 0.0026 350 309 387 345
diningtable 0.0025 226 330 281 362
diningtable 0.0025 0 340 92 386
diningtable 0.0022 289 248 418 300
diningtable 0.0022 235 304 292 332
diningtable 0.0022 245 310 300 342
diningtable 0.0022 183 313 227 344
diningtable 0.0020 7 352 78 374
diningtable 0.0020 304 266 357 289
diningtable 0.0020 44 327 98 365
diningtable 0.0020 306 295 355 320
diningtable 0.0019 416 299 437 314
diningtable 0.0019 435 307 458 366
diningtable 0.0019 0 318 13 372
diningtable 0.0018 392 299 441 319
diningtable 0.0018 339 266 399 290
diningtable 0.0018 287 303 313 337
diningtable 0.0017 190 348 241 376
diningtable 0.0017 300 274 360 303
diningtable 0.0016 424 309 466 344
diningtable 0.0016 74 322 124 356
diningtable 0.0016 321 258 396 278
diningtable 0.0016 427 306 445 326
dog 0.0193 191 323 241 369
dog 0.0038 182 314 230 361
dog 0.0034 182 320 210 372
dog 0.0032 425 320 448 372
dog 0.0030 78 333 125 374
dog 0.0022 288 306 314 347
dog 0.0021 413 321 441 373
dog 0.0019 208 336 263 374
dog 0.0017 288 306 336 348
dog 0.0015 199 317 251 357
dog 0.0014 217 349 273 377
dog 0.0014 381 330 435 378
dog 0.0014 450 287 495 373
person 0.7297 450 287 495 373
person 0.0311 436 293 475 372
person 0.0128 452 287 496 328
person 0.0101 470 272 497 361
person 0.0093 490 280 500 374
person 0.0091 452 292 478 345
person 0.0078 378 302 415 368
person 0.0067 456 287 473 305
person 0.0060 387 273 408 284
person 0.0045 353 303 389 368
person 0.0043 464 287 484 303
person 0.0041 456 294 474 315
person 0.0034 416 299 437 314
person 0.0029 451 309 478 366
person 0.0026 412 303 448 370
person 0.0025 446 280 466 297
person 0.0025 0 300 12 372
person 0.0024 451 245 495 345
person 0.0023 391 304 431 369
person 0.0023 459 290 489 346
person 0.0022 380 271 401 283
person 0.0021 448 287 466 307
person 0.0018 418 293 437 305
person 0.0018 441 296 453 317
person 0.0018 444 284 487 316
person 0.0018 441 194 497 389
person 0.0017 439 305 452 326
person 0.0017 446 293 468 342
person 0.0017 449 296 464 317
person 0.0016 442 281 457 297
person 0.0016 455 281 474 296
person 0.0015 442 287 455 308
person 0.0015 405 299 430 313
person 0.0014 425 320 448 372
person 0.0013 464 281 485 295
person 0.0013 475 288 495 304
person 0.0013 465 294 483 314
person 0.0010 369 270 389 283
person 0.0010 427 298 444 315
person 0.0010 434 319 459 374
person 0.0010 427 306 445 326
pottedplant 0.0268 202 223 277 287
pottedplant 0.0116 387 273 408 284
pottedplant 0.0099 416 299 437 314
pottedplant 0.0098 218 232 270 266
pottedplant 0.0095 213 249 236 285
pottedplant 0.0088 195 178 280 256
pottedplant 0.0057 217 256 232 281
pottedplant 0.0047 234 196 279 280
pottedplant 0.0046 247 256 262 279
pottedplant 0.0040 253 248 276 287
pottedplant 0.0040 427 298 444 315
pottedplant 0.0037 244 248 266 287
pottedplant 0.0036 427 306 445 326
pottedplant 0.0030 418 293 437 305
pottedplant 0.0029 426 315 447 335
pottedplant 0.0027 257 256 272 279
pottedplant 0.0027 246 247 264 268
pottedplant 0.0026 257 247 273 269
pottedplant 0.0025 446 280 466 297
pottedplant 0.0023 380 271 401 283
pottedplant 0.0021 405 299 430 313
pottedplant 0.0020 439 305 452 326
pottedplant 0.0020 369 270 389 283
pottedplant 0.0020 203 239 246 280
pottedplant 0.0020 216 267 233 287
pottedplant 0.0020 227 216 279 261
pottedplant 0.0019 216 248 270 288
pottedplant 0.0018 205 224 263 255
pottedplant 0.0016 441 296 453 317
pottedplant 0.0016 240 227 268 271
pottedplant 0.0015 230 240 277 278
pottedplant 0.0014 188 239 204 259
pottedplant 0.0014 369 265 389 276
pottedplant 0.0013 174 231 201 267
pottedplant 0.0013 218 208 271 249
pottedplant 0.0013 0 318 13 372
pottedplant 0.0012 254 227 276 272
pottedplant 0.0012 448 287 466 307
pottedplant 0.0012 4 242 91 307
pottedplant 0.0012 207 239 225 258
pottedplant 0.0012 418 306 438 324
pottedplant 0.0011 211 199 297 276
pottedplant 0.0011 234 249 254 267
pottedplant 0.0010 246 268 262 285
pottedplant 0.0010 0 299 7 332
sheep 0.0011 394 -93 505 134
sofa 0.0707 3 326 93 371
sofa 0.0663 189 321 328 373
sofa 0.0554 288 306 336 348
sofa 0.0419 33 337 91 374
sofa 0.0379 357 302 399 334
sofa 0.0330 450 287 495 373
sofa 0.0253 366 308 413 345
sofa 0.0245 284 266 339 291
sofa 0.0209 213 313 275 340
sofa 0.0194 213 320 274 353
sofa 0.0178 198 333 253 375
sofa 0.0172 289 248 418 300
sofa 0.0153 247 338 319 373
sofa 0.0150 77 328 124 368
sofa 0.0129 349 275 409 303
sofa 0.0126 199 317 251 357
sofa 0.0124 260 298 307 335
sofa 0.0121 409 297 496 374
sofa 0.0117 4 336 61 376
sofa 0.0116 218 339 272 372
sofa 0.0112 173 316 266 363
sofa 0.0112 222 311 334 360
sofa 0.0109 354 285 402 312
sofa 0.0109 395 303 439 332
sofa 0.0096 352 308 434 367
sofa 0.0095 182 314 230 361
sofa 0.0092 211 308 277 328
sofa 0.0092 284 296 388 339
sofa 0.0088 378 303 418 335
sofa 0.0080 392 299 441 319
sofa 0.0078 379 319 418 354
sofa 0.0073 232 322 293 350
sofa 0.0072 303 286 358 312
sofa 0.0068 242 329 303 361
sofa 0.0062 323 248 396 272
sofa 0.0062 271 275 404 320
sofa 0.0059 282 273 341 304
sofa 0.0058 33 325 89 349
sofa 0.0057 249 293 296 325
sofa 0.0056 226 350 282 377
sofa 0.0056 -3 143 102 287
sofa 0.0056 39 352 102 375
sofa 0.0052 341 302 379 333
sofa 0.0050 316 237 384 263
sofa 0.0048 191 315 240 342
sofa 0.0047 282 303 320 337
sofa 0.0047 406 311 447 344
sofa 0.0045 306 295 355 320
sofa 0.0044 349 295 388 324
sofa 0.0041 383 307 431 348
sofa 0.0039 8 324 76 347
sofa 0.0039 339 266 399 290
sofa 0.0039 349 330 390 378
sofa 0.0039 291 306 377 364
sofa 0.0039 238 353 307 374
sofa 0.0039 366 320 416 372
sofa 0.0038 232 342 294 371
sofa 0.0036 198 298 271 320
sofa 0.0035 328 325 376 369
sofa 0.0035 235 304 292 332
sofa 0.0035 275 229 403 278
sofa 0.0033 378 350 418 376
sofa 0.0031 396 318 439 356
sofa 0.0030 280 260 343 282
sofa 0.0030 383 322 433 370
sofa 0.0029 307 314 354 358
sofa 0.0029 226 330 281 362
sofa 0.0029 278 350 347 378
sofa 0.0028 175 312 216 346
sofa 0.0027 130 306 185 330
sofa 0.0026 183 330 233 376
sofa 0.0025 317 301 363 332
sofa 0.0025 300 274 360 303
sofa 0.0025 425 313 448 361
sofa 0.0024 44 327 98 365
sofa 0.0023 286 286 336 312
sofa 0.0023 245 310 300 342
sofa 0.0023 195 309 253 329
sofa 0.0023 124 298 192 320
sofa 0.0022 342 299 444 339
sofa 0.0022 342 304 380 367
sofa 0.0022 134 313 182 343
sofa 0.0022 307 312 334 346
sofa 0.0021 434 319 459 374
sofa 0.0021 407 321 446 373
sofa 0.0020 304 266 357 289
sofa 0.0020 178 306 232 332
sofa 0.0020 0 318 13 372
sofa 0.0019 321 258 396 278
sofa 0.0019 197 297 321 341
sofa 0.0019 364 295 412 323
sofa 0.0018 381 289 453 311
sofa 0.0018 288 306 314 347
sofa 0.0018 96 320 143 373
sofa 0.0017 451 309 478 366
sofa 0.0015 85 320 133 357
sofa 0.0014 287 295 334 324
sofa 0.0014 205 348 264 376
sofa 0.0014 0 316 65 339
sofa 0.0013 416 316 442 358
tvmonitor 0.0317 416 299 437 314
tvmonitor 0.0271 448 287 466 307
tvmonitor 0.0268 427 298 444 315
tvmonitor 0.0243 427 306 445 326
tvmonitor 0.0218 446 280 466 297
tvmonitor 0.0146 444 282 470 313
tvmonitor 0.0121 405 299 430 313
tvmonitor 0.0121 426 315 447 335
tvmonitor 0.0116 387 273 408 284
tvmonitor 0.0100 4 336 61 376
tvmonitor 0.0098 449 296 464 317
tvmonitor 0.0082 441 296 453 317
tvmonitor 0.0073 439 305 452 326
tvmonitor 0.0051 0 318 13 372
tvmonitor 0.0050 418 306 438 324
tvmonitor 0.0049 442 287 455 308
tvmonitor 0.0046 32 354 90 373
tvmonitor 0.0046 456 287 473 305
tvmonitor 0.0045 392 299 441 319
tvmonitor 0.0036 9 329 74 362
tvmonitor 0.0035 21 340 85 373
tvmonitor 0.0033 2 325 25 365
tvmonitor 0.0032 339 266 399 290
tvmonitor 0.0028 4 323 59 351
tvmonitor 0.0026 452 292 478 345
tvmonitor 0.0025 446 293 468 342
tvmonitor 0.0024 423 303 449 331
tvmonitor 0.0024 0 351 47 375
tvmonitor 0.0022 237 339 309 373
tvmonitor 0.0019 428 290 445 305
tvmonitor 0.0018 206 314 261 341
tvmonitor 0.0018 339 275 399 304
tvmonitor 0.0018 449 304 463 327
tvmonitor 0.0018 395 300 420 314
tvmonitor 0.0018 369 270 389 283
tvmonitor 0.0017 34 327 89 365
tvmonitor 0.0017 204 319 263 355
tvmonitor 0.0017 357 305 380 328
tvmonitor 0.0016 307 312 334 346
tvmonitor 0.0016 224 322 283 351
tvmonitor 0.0015 1 330 46 362
tvmonitor 0.0015 418 293 437 305
tvmonitor 0.0015 455 281 474 296
tvmonitor 0.0014 321 258 396 278
tvmonitor 0.0014 380 271 401 283
tvmonitor 0.0014 202 309 266 329
tvmonitor 0.0013 406 306 429 325
tvmonitor 0.0013 456 294 474 315
tvmonitor 0.0013 414 296 456 320
tvmonitor 0.0013 443 290 488 326
tvmonitor 0.0013 442 281 457 297
tvmonitor 0.0012 320 269 341 285
tvmonitor 0.0011 417 315 439 336
tvmonitor 0.0010 435 279 475 303
tvmonitor 0.0010 449 313 464 337
