bird 0.0164 225 153 281 226
bottle 0.0016 412 352 462 378
car 0.0035 374 33 499 81
cat 0.6634 225 153 281 226
cat 0.0023 217 144 328 220
chair 0.0042 -8 100 109 294
chair 0.0019 221 153 284 226
dog 0.0498 225 153 281 226
person 0.0270 -1 178 10 263
person 0.0060 -1 151 24 283
person 0.0014 0 162 19 384
person 0.0012 -2 169 47 263
pottedplant 0.7632 354 126 498 299
pottedplant 0.0109 429 112 500 286
pottedplant 0.0031 352 146 440 281
pottedplant 0.0019 478 139 499 293
pottedplant 0.0017 473 204 499 303
pottedplant 0.0013 355 39 403 75
pottedplant 0.0013 353 165 402 269
sofa 0.0250 -6 93 105 262
tvmonitor 0.9559 17 -4 193 97
tvmonitor 0.1731 -6 93 105 262
tvmonitor 0.1136 -2 52 32 101
tvmonitor 0.0163 -2 -6 49 92
tvmonitor 0.0155 41 -2 178 58
tvmonitor 0.0041 183 -5 233 95
tvmonitor 0.0030 -2 63 15 107
tvmonitor 0.0029 1 36 29 129
tvmonitor 0.0027 -4 111 55 204
tvmonitor 0.0022 -1 113 48 156
tvmonitor 0.0011 0 -5 98 90
tvmonitor 0.0010 7 53 58 99
tvmonitor 0.0010 -1 90 93 156
tvmonitor 0.0010 0 75 26 207
