bicycle 0.0053 16 99 278 277
bird 0.0010 367 -107 501 67
car 0.0542 184 39 230 70
car 0.0144 300 70 345 99
car 0.0099 105 27 213 86
car 0.0097 0 45 12 122
car 0.0058 302 76 360 109
car 0.0039 179 44 251 80
car 0.0038 95 33 242 164
car 0.0034 309 66 336 84
car 0.0028 474 82 500 127
car 0.0027 53 37 228 224
car 0.0021 14 116 278 262
car 0.0019 306 64 355 89
car 0.0018 78 0 103 17
car 0.0015 -1 18 9 93
car 0.0015 309 72 336 93
car 0.0015 0 37 20 112
car 0.0012 111 16 248 73
car 0.0011 179 40 267 108
car 0.0010 0 45 9 82
car 0.0010 194 39 256 68
motorbike 0.9887 26 73 300 265
motorbike 0.0176 86 38 247 231
motorbike 0.0017 17 99 197 243
motorbike 0.0010 184 39 246 67
person 0.5446 113 38 213 228
person 0.2762 74 31 259 248
person 0.0222 95 33 242 164
person 0.0051 71 34 182 205
person 0.0029 0 28 11 122
person 0.0021 309 203 496 362
person 0.0011 -1 18 9 93
pottedplant 0.0035 78 0 103 17
pottedplant 0.0016 253 73 378 118
pottedplant 0.0014 453 80 499 126
