bicycle 0.0018 70 218 95 262
bicycle 0.0012 62 189 107 276
bird 0.0064 70 218 95 262
bird 0.0028 75 225 91 253
bird 0.0026 80 226 99 250
cat 0.0056 70 218 95 262
chair 0.0082 61 180 110 255
chair 0.0068 62 211 81 268
chair 0.0059 70 218 95 262
chair 0.0044 54 203 71 275
chair 0.0026 50 183 87 279
chair 0.0025 367 93 461 282
chair 0.0018 51 231 73 284
chair 0.0011 82 180 128 254
chair 0.0010 60 233 80 281
chair 0.0010 64 213 102 295
dog 0.0098 70 218 95 262
person 0.9859 371 69 457 280
person 0.0055 70 218 95 262
person 0.0014 50 181 86 255
pottedplant 0.6707 0 192 54 308
pottedplant 0.1556 13 182 73 295
pottedplant 0.0204 50 181 86 255
pottedplant 0.0114 41 240 63 294
pottedplant 0.0089 -1 189 65 254
pottedplant 0.0085 0 223 30 312
pottedplant 0.0074 7 237 36 302
pottedplant 0.0064 -2 174 114 295
pottedplant 0.0040 54 203 71 275
pottedplant 0.0036 49 205 88 301
pottedplant 0.0035 61 180 110 255
pottedplant 0.0029 21 234 41 303
pottedplant 0.0024 50 243 72 292
pottedplant 0.0022 62 187 78 256
pottedplant 0.0020 70 218 95 262
pottedplant 0.0018 22 225 71 308
pottedplant 0.0017 44 216 65 279
pottedplant 0.0015 62 211 81 268
pottedplant 0.0010 53 180 72 202
