aeroplane 0.0012 -6 52 91 332
boat 0.0018 -4 46 90 276
bus 0.0059 415 129 446 195
bus 0.0054 373 122 448 189
bus 0.0043 -6 52 91 332
person 0.8347 417 134 437 194
person 0.7353 457 140 476 202
person 0.7250 475 138 495 207
person 0.6430 468 139 483 204
person 0.4745 448 138 468 201
person 0.2235 442 132 456 195
person 0.1883 486 131 498 214
person 0.0807 428 134 444 195
person 0.0338 451 137 487 207
person 0.0315 469 141 481 166
person 0.0158 443 138 454 168
person 0.0153 443 132 455 156
person 0.0129 471 145 481 178
person 0.0120 448 133 461 154
person 0.0109 446 129 465 181
person 0.0061 449 139 462 165
person 0.0055 458 135 471 155
person 0.0047 477 142 493 164
person 0.0045 414 143 429 196
person 0.0040 458 141 471 164
person 0.0034 478 136 494 155
person 0.0030 431 143 442 182
person 0.0029 430 142 443 165
person 0.0028 441 125 458 167
person 0.0027 470 137 484 156
person 0.0025 395 -81 510 127
person 0.0024 415 141 427 165
person 0.0023 488 137 498 167
person 0.0022 168 246 184 292
person 0.0022 418 139 435 164
person 0.0021 436 130 473 196
person 0.0018 474 136 496 176
person 0.0016 184 105 208 144
person 0.0015 113 107 130 146
person 0.0013 420 135 436 152
person 0.0013 171 252 182 284
person 0.0012 443 126 456 147
person 0.0012 447 127 462 146
person 0.0011 163 255 174 283
person 0.0011 392 122 443 192
person 0.0010 450 142 462 180
person 0.0010 459 145 472 178
sheep 0.0031 395 -81 510 127
train 0.9998 68 48 430 312
train 0.5661 -4 46 90 276
train 0.0034 7 51 174 376
train 0.0018 336 115 447 193
