aeroplane 0.0011 0 3 297 401
bicycle 0.0085 0 208 294 449
boat 0.0039 6 51 287 449
bottle 0.0064 18 56 273 448
bottle 0.0024 0 209 237 450
bus 0.0024 -6 -4 311 108
car 0.0180 2 142 289 449
car 0.0076 -6 -4 311 108
car 0.0019 26 13 258 381
car 0.0015 56 0 113 27
chair 0.0063 2 142 289 449
motorbike 0.0842 2 142 289 449
motorbike 0.0011 -3 260 236 448
person 0.9858 8 6 286 452
person 0.0572 269 91 299 201
person 0.0029 0 209 237 450
person 0.0017 66 0 119 26
person 0.0016 257 45 300 317
person 0.0016 54 0 115 11
person 0.0015 47 0 105 28
person 0.0014 273 93 298 141
train 0.0023 0 3 297 401
tvmonitor 0.0012 0 3 297 401
tvmonitor 0.0011 -4 -1 298 178
