bottle 0.0121 373 154 389 211
bottle 0.0076 265 162 320 203
bottle 0.0026 374 261 417 369
bottle 0.0025 373 175 385 210
bottle 0.0015 375 156 400 211
bottle 0.0011 374 126 421 222
bottle 0.0010 359 152 382 211
car 0.0013 409 130 499 192
chair 0.0044 408 229 499 380
chair 0.0017 384 132 435 216
person 0.5374 404 177 500 371
person 0.3215 275 113 391 359
person 0.0862 434 158 500 319
person 0.0762 380 133 493 307
person 0.0601 330 88 416 301
person 0.0352 370 188 457 359
person 0.0350 347 91 396 192
person 0.0275 442 146 500 247
person 0.0253 275 88 392 234
person 0.0204 353 91 435 224
person 0.0153 282 99 386 181
person 0.0124 472 165 499 219
person 0.0124 407 137 501 216
person 0.0104 254 155 346 352
person 0.0095 443 136 490 173
person 0.0086 472 155 500 280
person 0.0086 265 162 320 203
person 0.0075 385 118 439 198
person 0.0068 354 123 433 314
person 0.0064 374 126 421 222
person 0.0044 485 146 501 219
person 0.0041 82 113 128 202
person 0.0039 277 129 370 216
person 0.0038 476 178 499 368
person 0.0038 7 -30 246 276
person 0.0036 338 122 383 227
person 0.0035 445 131 497 197
person 0.0035 391 131 444 176
person 0.0031 354 99 384 153
person 0.0025 443 219 496 364
person 0.0024 273 150 329 194
person 0.0024 327 144 496 372
person 0.0024 398 167 499 262
person 0.0023 474 181 500 239
person 0.0023 373 104 451 255
person 0.0020 272 93 316 173
person 0.0020 393 148 421 198
person 0.0019 309 185 398 355
person 0.0018 57 59 150 260
person 0.0018 337 89 412 154
person 0.0018 376 74 401 118
person 0.0018 96 7 240 222
person 0.0017 453 164 497 199
person 0.0017 197 43 390 344
person 0.0017 370 242 418 350
person 0.0016 329 110 478 263
person 0.0015 180 158 316 308
person 0.0015 351 147 397 279
person 0.0014 429 143 484 180
person 0.0013 462 169 493 213
person 0.0013 391 126 475 192
person 0.0013 370 81 423 157
person 0.0012 378 75 399 96
person 0.0011 400 207 499 299
person 0.0011 385 142 434 246
person 0.0010 275 135 321 214
person 0.0010 368 69 408 104
sofa 0.0019 408 229 499 380
tvmonitor 0.9681 10 -21 235 321
tvmonitor 0.4415 242 80 283 171
tvmonitor 0.2142 253 77 300 169
tvmonitor 0.0808 88 -5 244 249
tvmonitor 0.0762 273 75 314 162
tvmonitor 0.0268 243 18 316 180
tvmonitor 0.0235 0 -38 141 272
tvmonitor 0.0085 205 178 314 250
tvmonitor 0.0080 251 15 303 106
tvmonitor 0.0067 225 93 266 178
tvmonitor 0.0056 178 186 314 338
tvmonitor 0.0053 240 21 285 136
tvmonitor 0.0050 183 228 288 314
tvmonitor 0.0048 385 118 439 198
tvmonitor 0.0045 282 99 386 181
tvmonitor 0.0043 404 124 450 167
tvmonitor 0.0042 222 117 247 172
tvmonitor 0.0036 270 91 296 157
tvmonitor 0.0032 0 33 21 282
tvmonitor 0.0028 231 113 256 174
tvmonitor 0.0028 271 9 314 148
tvmonitor 0.0027 326 69 424 136
tvmonitor 0.0025 417 117 457 154
tvmonitor 0.0024 111 55 215 294
tvmonitor 0.0022 280 85 306 145
tvmonitor 0.0021 253 109 277 178
tvmonitor 0.0020 241 110 267 177
tvmonitor 0.0020 259 90 288 158
tvmonitor 0.0019 391 126 475 192
tvmonitor 0.0019 272 2 318 86
tvmonitor 0.0019 391 131 444 176
tvmonitor 0.0018 349 89 394 156
tvmonitor 0.0017 348 56 392 97
tvmonitor 0.0017 56 81 152 276
tvmonitor 0.0016 -1 -28 32 346
tvmonitor 0.0016 262 109 284 179
tvmonitor 0.0015 233 54 296 186
tvmonitor 0.0014 30 48 217 243
tvmonitor 0.0014 373 106 449 177
tvmonitor 0.0014 355 83 432 156
tvmonitor 0.0012 288 88 428 218
tvmonitor 0.0012 -2 0 59 281
tvmonitor 0.0011 149 27 251 212
tvmonitor 0.0011 199 18 288 186
tvmonitor 0.0010 255 37 400 189
tvmonitor 0.0010 269 0 318 36
tvmonitor 0.0010 194 167 289 230
