bicycle 0.0011 0 122 100 385
bottle 0.9971 180 131 218 254
bottle 0.5945 55 111 73 177
bottle 0.3565 395 102 431 183
bottle 0.3224 53 116 91 195
bottle 0.2758 350 91 372 156
bottle 0.0905 407 94 428 157
bottle 0.0525 59 115 81 173
bottle 0.0364 318 101 426 171
bottle 0.0246 339 97 376 172
bottle 0.0235 66 125 95 180
bottle 0.0219 184 124 205 202
bottle 0.0212 180 128 196 199
bottle 0.0193 354 94 366 122
bottle 0.0182 406 112 444 198
bottle 0.0182 369 100 422 178
bottle 0.0181 354 100 394 173
bottle 0.0160 359 102 378 162
bottle 0.0156 372 114 447 194
bottle 0.0153 0 138 98 303
bottle 0.0121 57 113 69 141
bottle 0.0074 55 107 71 149
bottle 0.0064 64 119 76 151
bottle 0.0063 28 120 102 190
bottle 0.0055 361 121 378 182
bottle 0.0040 47 114 66 173
bottle 0.0040 387 118 436 223
bottle 0.0038 58 137 104 188
bottle 0.0032 344 96 363 136
bottle 0.0031 400 102 422 165
bottle 0.0031 -3 158 50 206
bottle 0.0028 417 90 433 160
bottle 0.0027 124 290 170 370
bottle 0.0026 178 119 197 172
bottle 0.0026 345 102 360 127
bottle 0.0025 202 119 229 169
bottle 0.0025 77 144 102 201
bottle 0.0024 191 105 219 141
bottle 0.0023 195 125 235 237
bottle 0.0023 194 124 215 202
bottle 0.0022 184 106 210 161
bottle 0.0022 355 85 436 233
bottle 0.0020 169 139 239 218
bottle 0.0019 57 121 68 163
bottle 0.0019 152 137 182 173
bottle 0.0019 296 1 443 204
bottle 0.0017 186 106 245 144
bottle 0.0015 181 109 226 174
bottle 0.0014 179 135 192 246
bottle 0.0013 0 153 53 241
bottle 0.0013 361 99 375 130
bottle 0.0012 0 136 98 215
bottle 0.0012 367 96 387 154
bottle 0.0012 196 111 215 135
bottle 0.0011 170 135 188 188
bottle 0.0010 41 133 90 251
bottle 0.0010 163 133 236 185
bottle 0.0010 -1 109 65 368
bottle 0.0010 21 144 75 248
chair 0.0176 0 130 174 379
chair 0.0149 41 43 285 384
chair 0.0063 0 189 102 388
chair 0.0038 363 38 500 381
diningtable 0.0825 41 43 285 384
diningtable 0.0396 49 145 447 380
diningtable 0.0048 301 87 409 158
diningtable 0.0039 102 192 319 352
diningtable 0.0017 0 136 98 215
diningtable 0.0015 0 130 174 379
person 0.9936 8 13 245 372
person 0.9917 300 -15 503 386
person 0.1834 296 1 443 204
person 0.0507 -1 134 132 383
person 0.0427 68 18 253 191
person 0.0053 364 -33 509 270
person 0.0051 440 -37 500 270
person 0.0037 171 89 494 376
person 0.0034 -1 109 65 368
person 0.0031 0 138 98 303
person 0.0020 215 -7 458 308
person 0.0018 49 8 350 305
person 0.0017 378 100 493 372
person 0.0014 11 0 488 390
person 0.0013 48 126 94 180
person 0.0012 -1 -33 58 312
sofa 0.0014 41 43 285 384
