bus 0.9997 27 6 456 354
bus 0.4275 429 153 474 238
bus 0.1169 27 20 246 346
bus 0.0246 22 187 44 240
bus 0.0101 283 171 389 228
bus 0.0092 3 186 22 240
bus 0.0090 395 134 475 258
bus 0.0073 5 162 47 231
bus 0.0050 10 188 36 239
bus 0.0050 333 118 420 324
bus 0.0050 69 164 107 233
bus 0.0042 25 161 66 236
bus 0.0039 257 44 452 323
bus 0.0034 371 99 460 252
bus 0.0033 397 150 438 238
bus 0.0030 45 169 128 228
bus 0.0021 0 181 12 243
bus 0.0021 98 172 188 230
bus 0.0020 370 155 461 231
bus 0.0018 308 174 403 330
bus 0.0015 444 159 490 239
bus 0.0015 332 165 414 230
bus 0.0010 39 162 86 234
bus 0.0010 315 177 368 212
bus 0.0010 443 161 468 208
bus 0.0010 375 161 415 274
car 0.0036 489 220 499 296
car 0.0025 22 187 44 240
car 0.0020 490 243 500 274
car 0.0016 0 206 8 236
car 0.0016 401 227 498 281
car 0.0011 6 218 17 240
car 0.0010 25 200 41 225
car 0.0010 92 189 146 227
person 0.9973 167 181 230 378
person 0.3229 88 177 114 224
person 0.1533 81 173 105 216
person 0.1229 393 227 421 312
person 0.0831 357 80 383 115
person 0.0518 360 262 375 327
person 0.0446 97 172 121 218
person 0.0429 364 188 376 218
person 0.0351 403 230 428 290
person 0.0347 341 247 372 328
person 0.0336 391 256 407 316
person 0.0288 371 188 384 216
person 0.0236 77 187 89 218
person 0.0228 253 190 276 250
person 0.0219 107 174 130 225
person 0.0196 24 194 44 244
person 0.0175 45 181 59 240
person 0.0155 234 200 251 240
person 0.0149 335 77 386 114
person 0.0144 137 171 158 214
person 0.0140 255 185 292 286
person 0.0131 106 41 150 73
person 0.0128 69 164 107 233
person 0.0125 132 164 149 221
person 0.0119 361 91 379 114
person 0.0113 366 81 391 115
person 0.0110 35 191 49 246
person 0.0106 335 78 362 113
person 0.0103 154 180 182 223
person 0.0093 100 169 143 229
person 0.0091 50 175 68 225
person 0.0086 149 179 185 248
person 0.0084 380 215 416 305
person 0.0081 380 241 402 314
person 0.0074 228 202 245 241
person 0.0066 246 174 283 265
person 0.0065 328 71 356 106
person 0.0063 243 188 281 318
person 0.0060 390 221 408 300
person 0.0059 308 70 332 103
person 0.0058 370 91 387 115
person 0.0052 93 188 109 215
person 0.0049 149 181 167 203
person 0.0049 262 188 281 251
person 0.0048 350 77 373 114
person 0.0046 356 189 369 216
person 0.0045 353 83 370 108
person 0.0045 149 49 205 81
person 0.0044 380 85 395 109
person 0.0044 88 190 129 227
person 0.0044 84 188 100 216
person 0.0042 352 74 368 99
person 0.0041 349 86 391 121
person 0.0041 98 172 188 230
person 0.0039 116 174 140 224
person 0.0035 158 180 178 201
person 0.0034 90 163 110 208
person 0.0032 96 27 184 98
person 0.0031 75 195 87 222
person 0.0031 378 84 397 124
person 0.0030 8 206 18 238
person 0.0028 276 183 291 256
person 0.0027 245 196 265 244
person 0.0027 175 182 221 253
person 0.0026 99 37 151 115
person 0.0024 6 218 17 240
person 0.0024 340 77 360 98
person 0.0022 99 189 118 214
person 0.0021 148 175 185 209
person 0.0021 100 179 118 206
person 0.0021 237 168 312 336
person 0.0020 28 218 40 242
person 0.0020 139 200 157 223
person 0.0020 92 197 110 223
person 0.0020 46 163 63 225
person 0.0019 159 183 206 250
person 0.0018 352 236 393 318
person 0.0018 167 181 184 200
person 0.0017 37 197 47 226
person 0.0017 47 191 57 228
person 0.0017 184 179 209 227
person 0.0017 110 47 165 84
person 0.0016 48 185 59 218
person 0.0015 79 186 104 228
person 0.0015 52 195 66 223
person 0.0015 0 206 8 236
person 0.0015 331 83 352 105
person 0.0015 61 180 84 221
person 0.0014 145 183 171 221
person 0.0014 7 191 17 214
person 0.0014 117 48 140 66
person 0.0014 136 192 180 229
person 0.0013 335 276 351 333
person 0.0013 74 173 94 217
person 0.0012 98 198 119 223
person 0.0012 398 222 419 237
person 0.0012 407 221 425 237
person 0.0012 5 198 21 241
person 0.0011 300 76 325 98
person 0.0011 93 170 108 196
train 0.0056 429 153 474 238
train 0.0046 22 187 44 240
train 0.0020 3 186 22 240
train 0.0016 10 188 36 239
