bus 0.9999 60 67 419 295
bus 0.2091 380 102 442 263
bus 0.0097 287 87 441 268
bus 0.0072 448 172 496 258
bus 0.0041 390 196 441 260
bus 0.0039 474 169 499 259
bus 0.0024 443 -37 499 356
bus 0.0022 313 112 395 282
bus 0.0021 406 138 445 257
bus 0.0016 370 111 422 245
bus 0.0016 353 132 391 256
bus 0.0010 489 203 499 278
car 0.0060 390 196 441 260
person 0.4005 251 115 298 208
person 0.1900 318 121 361 200
person 0.0488 271 114 317 204
person 0.0217 270 116 365 200
person 0.0210 324 138 377 187
person 0.0184 347 139 373 189
person 0.0125 242 86 284 200
person 0.0122 330 128 377 220
person 0.0119 355 114 393 205
person 0.0117 241 131 266 194
person 0.0109 356 136 381 188
person 0.0102 289 149 314 195
person 0.0094 238 94 317 225
person 0.0087 233 131 257 196
person 0.0082 250 123 276 184
person 0.0061 325 130 355 180
person 0.0061 224 134 264 216
person 0.0060 316 139 347 189
person 0.0057 308 151 337 195
person 0.0057 250 139 296 187
person 0.0056 268 115 297 171
person 0.0050 335 133 364 177
person 0.0044 259 113 287 156
person 0.0040 250 111 277 160
person 0.0040 216 145 236 198
person 0.0038 258 126 288 180
person 0.0037 352 140 368 165
person 0.0036 359 120 381 168
person 0.0034 295 132 341 211
person 0.0030 326 122 372 166
person 0.0027 353 132 391 256
person 0.0026 257 156 286 204
person 0.0026 299 150 325 194
person 0.0025 226 142 245 200
person 0.0024 278 115 306 156
person 0.0022 290 115 314 171
person 0.0020 337 146 364 192
person 0.0019 264 114 283 136
person 0.0019 386 125 409 182
person 0.0018 268 109 296 144
person 0.0018 206 146 230 197
person 0.0017 320 124 344 166
person 0.0016 331 97 379 191
person 0.0016 242 120 267 168
person 0.0016 313 112 395 282
person 0.0015 272 115 293 135
person 0.0013 397 138 419 186
person 0.0013 263 122 283 144
person 0.0012 271 123 293 144
person 0.0012 406 135 428 189
person 0.0012 370 111 422 245
