aeroplane 0.0028 386 85 476 234
bicycle 0.0130 379 140 399 181
bicycle 0.0124 256 144 270 173
bicycle 0.0021 388 137 403 187
bicycle 0.0016 245 140 269 175
bird 0.0015 344 161 359 181
bird 0.0011 257 137 270 167
bird 0.0011 386 85 476 234
cow 0.0069 257 137 270 167
cow 0.0048 252 141 272 174
cow 0.0031 379 140 399 181
cow 0.0022 344 161 359 181
cow 0.0019 386 85 476 234
cow 0.0010 249 139 264 167
dog 0.0020 257 137 270 167
dog 0.0014 379 140 399 181
dog 0.0012 344 161 359 181
dog 0.0011 252 141 272 174
horse 0.0101 257 137 270 167
horse 0.0077 252 141 272 174
horse 0.0066 379 140 399 181
horse 0.0021 388 137 403 187
horse 0.0017 386 85 476 234
motorbike 0.0095 257 137 270 167
motorbike 0.0042 379 140 399 181
motorbike 0.0013 252 141 272 174
person 0.5547 257 137 270 167
person 0.0798 252 141 272 174
person 0.0319 379 140 399 181
person 0.0274 388 137 403 187
person 0.0136 249 139 264 167
person 0.0089 391 142 401 180
person 0.0077 264 141 277 165
person 0.0071 254 129 273 163
person 0.0056 383 138 396 169
person 0.0038 375 149 386 175
person 0.0028 246 135 281 168
person 0.0026 344 161 359 181
person 0.0025 160 150 172 174
person 0.0019 248 134 264 156
person 0.0012 374 141 386 167
person 0.0010 239 139 252 162
