chair 0.9867 57 22 324 481
chair 0.0622 230 35 368 474
chair 0.0529 12 21 206 484
chair 0.0406 38 12 336 265
chair 0.0177 158 14 371 337
chair 0.0094 97 221 354 508
chair 0.0060 1 0 155 350
chair 0.0053 49 -7 315 117
chair 0.0036 86 32 188 295
chair 0.0022 170 -9 355 127
chair 0.0016 222 -16 372 195
chair 0.0013 277 56 401 514
chair 0.0012 -26 -1 244 208
diningtable 0.2882 -34 56 346 507
diningtable 0.0540 35 29 346 325
diningtable 0.0071 146 55 370 513
diningtable 0.0010 12 21 206 484
sofa 0.0064 -22 -1 323 208
sofa 0.0050 13 8 363 431
