bus 0.0025 473 154 499 232
bus 0.0011 483 182 500 236
car 0.9987 198 93 433 259
car 0.2033 70 197 133 237
car 0.1426 477 171 498 231
car 0.1373 -2 209 28 248
car 0.0324 483 182 500 236
car 0.0139 -1 206 14 252
car 0.0062 -4 205 49 240
car 0.0060 485 196 500 224
car 0.0055 486 151 499 231
car 0.0049 448 190 501 227
car 0.0037 84 191 153 230
car 0.0021 476 153 498 211
car 0.0016 0 204 11 235
car 0.0012 24 213 81 241
car 0.0012 -1 199 10 275
car 0.0011 441 202 489 229
car 0.0011 186 179 209 239
person 0.0264 275 113 330 151
person 0.0169 248 111 299 154
person 0.0107 305 102 356 144
person 0.0067 296 111 346 150
person 0.0062 284 104 340 142
person 0.0030 318 133 341 149
person 0.0026 254 89 379 148
person 0.0020 309 104 333 121
person 0.0019 311 135 333 151
person 0.0017 299 98 343 127
person 0.0010 229 114 282 152
