bicycle 0.0041 190 183 338 479
bicycle 0.0022 -1 216 159 490
bicycle 0.0011 0 250 39 347
car 0.0161 0 250 39 347
car 0.0060 2 112 93 209
car 0.0060 0 193 160 398
car 0.0059 178 192 332 399
car 0.0024 7 114 158 236
car 0.0024 3 137 75 345
car 0.0022 2 166 83 233
car 0.0011 4 261 30 306
motorbike 0.9917 -3 196 164 474
motorbike 0.9916 174 190 334 475
motorbike 0.0217 0 250 39 347
motorbike 0.0163 247 206 330 392
motorbike 0.0073 181 196 327 319
motorbike 0.0057 0 268 36 403
motorbike 0.0050 290 241 332 356
motorbike 0.0031 196 158 309 401
motorbike 0.0022 1 194 159 314
motorbike 0.0021 -1 202 81 396
motorbike 0.0018 -1 240 53 426
person 0.0189 -2 157 164 446
person 0.0049 178 192 332 399
person 0.0042 50 175 78 220
person 0.0010 0 258 37 378
