bottle 0.0143 313 147 330 181
bottle 0.0046 314 142 328 168
bottle 0.0011 223 177 244 227
chair 0.7883 287 210 463 371
chair 0.1625 125 149 511 364
chair 0.1256 30 112 339 368
chair 0.1010 68 131 154 182
chair 0.0942 400 199 506 386
chair 0.0928 0 240 171 372
chair 0.0442 239 85 357 149
chair 0.0424 143 106 220 165
chair 0.0308 161 223 420 371
chair 0.0280 362 206 465 350
chair 0.0115 332 117 487 245
chair 0.0091 250 67 397 161
chair 0.0065 232 112 277 152
chair 0.0050 140 75 195 168
chair 0.0036 0 205 23 383
chair 0.0036 207 94 317 146
chair 0.0031 202 110 247 156
chair 0.0029 271 218 370 374
chair 0.0025 -1 288 130 371
chair 0.0024 437 159 498 359
chair 0.0020 40 164 213 362
chair 0.0019 319 103 489 363
chair 0.0018 0 205 56 380
chair 0.0017 67 110 219 172
chair 0.0015 218 123 442 249
chair 0.0015 236 99 326 165
chair 0.0015 14 283 237 376
chair 0.0013 31 155 137 314
chair 0.0012 362 135 469 216
chair 0.0011 140 116 193 157
chair 0.0010 172 111 269 162
chair 0.0010 355 145 500 306
diningtable 0.9958 26 135 400 371
diningtable 0.0126 258 164 479 365
diningtable 0.0059 143 106 220 165
diningtable 0.0040 250 67 397 161
diningtable 0.0022 239 85 357 149
diningtable 0.0019 105 221 397 378
diningtable 0.0017 400 199 506 386
diningtable 0.0013 332 117 487 245
diningtable 0.0013 0 239 144 373
diningtable 0.0013 218 123 442 249
person 0.0012 139 85 219 163
person 0.0011 258 164 479 365
pottedplant 0.0320 137 -3 236 80
pottedplant 0.0216 328 71 383 165
pottedplant 0.0185 132 -7 233 161
pottedplant 0.0057 133 3 182 52
pottedplant 0.0043 405 82 449 124
pottedplant 0.0022 284 77 394 155
pottedplant 0.0017 326 82 375 127
pottedplant 0.0016 145 13 169 59
pottedplant 0.0016 397 96 439 130
pottedplant 0.0014 203 0 243 119
pottedplant 0.0014 337 91 381 137
pottedplant 0.0012 177 -2 228 119
pottedplant 0.0010 313 96 393 174
sofa 0.0144 239 85 357 149
sofa 0.0116 359 115 495 246
sofa 0.0044 139 85 219 163
sofa 0.0029 250 67 397 161
sofa 0.0010 149 109 248 163
