cow 0.7100 13 5 322 292
cow 0.6474 173 129 331 315
cow 0.4177 251 75 491 368
cow 0.0824 159 -9 478 235
cow 0.0784 194 109 379 272
cow 0.0572 157 0 287 52
cow 0.0479 1 -3 61 322
cow 0.0424 180 85 324 226
cow 0.0359 184 116 299 167
cow 0.0177 139 13 365 289
cow 0.0119 233 113 319 168
cow 0.0106 -3 -22 115 313
cow 0.0094 194 124 259 164
cow 0.0088 324 83 491 290
cow 0.0080 0 -4 83 174
cow 0.0074 242 128 411 315
cow 0.0056 5 81 273 371
cow 0.0042 179 123 268 187
cow 0.0040 163 2 342 142
cow 0.0035 220 85 425 218
cow 0.0028 -4 106 91 330
cow 0.0022 22 3 245 145
cow 0.0018 26 -47 458 341
cow 0.0015 191 0 460 139
cow 0.0014 127 -9 372 89
cow 0.0014 56 116 289 259
dog 0.0018 302 68 501 377
horse 0.0437 302 68 501 377
horse 0.0187 1 -3 61 322
horse 0.0020 157 0 287 52
horse 0.0016 206 115 311 167
person 0.5225 302 68 501 377
person 0.0028 311 213 488 381
person 0.0015 327 75 490 229
sheep 0.0079 302 68 501 377
sheep 0.0061 194 124 259 164
sheep 0.0021 169 0 300 48
sheep 0.0011 173 129 331 315
