aeroplane 0.0012 293 0 357 28
bird 0.0011 293 0 357 28
bottle 0.0087 108 132 119 153
bottle 0.0056 99 137 113 158
bottle 0.0033 342 -2 368 16
bottle 0.0028 47 16 66 71
bottle 0.0021 121 133 146 150
bottle 0.0015 71 131 98 150
bottle 0.0014 129 35 140 68
bottle 0.0014 333 -2 359 15
bottle 0.0012 315 -3 375 17
bottle 0.0011 89 78 105 102
bottle 0.0011 94 80 113 102
cat 0.0027 66 128 104 153
chair 0.9415 47 150 102 254
chair 0.8969 155 151 213 243
chair 0.7908 105 151 159 251
chair 0.6777 1 160 47 240
chair 0.1230 232 148 283 216
chair 0.0593 138 141 177 232
chair 0.0566 79 135 117 236
chair 0.0545 17 157 59 244
chair 0.0233 66 128 104 153
chair 0.0194 0 169 33 225
chair 0.0193 26 339 246 499
chair 0.0156 24 166 47 246
chair 0.0114 16 171 40 239
chair 0.0077 -2 215 26 335
chair 0.0065 115 131 154 208
chair 0.0062 70 132 119 163
chair 0.0060 72 137 98 155
chair 0.0057 122 137 146 155
chair 0.0056 99 137 113 158
chair 0.0053 60 134 103 206
chair 0.0050 78 232 157 360
chair 0.0046 107 134 120 158
chair 0.0041 0 187 39 290
chair 0.0038 247 157 295 235
chair 0.0037 240 145 294 191
chair 0.0037 111 134 154 159
chair 0.0036 236 157 259 215
chair 0.0035 -3 157 93 244
chair 0.0035 7 151 51 188
chair 0.0034 110 250 158 342
chair 0.0030 -5 156 40 203
chair 0.0028 81 169 121 260
chair 0.0028 0 158 19 178
chair 0.0026 157 135 205 207
chair 0.0025 82 133 106 149
chair 0.0025 69 132 88 151
chair 0.0024 -1 211 86 390
chair 0.0023 260 191 295 295
chair 0.0021 83 138 107 156
chair 0.0021 23 148 71 174
chair 0.0019 232 145 285 175
chair 0.0018 279 151 302 204
chair 0.0018 44 181 90 232
chair 0.0017 152 162 171 252
chair 0.0015 115 136 134 155
chair 0.0015 106 142 214 230
chair 0.0014 23 144 50 213
chair 0.0014 -1 208 53 461
chair 0.0013 54 242 157 316
chair 0.0013 -3 168 27 267
chair 0.0012 274 157 320 233
chair 0.0012 104 172 147 221
chair 0.0012 43 153 90 203
chair 0.0011 229 145 254 212
chair 0.0011 148 145 198 193
chair 0.0011 -7 141 57 256
chair 0.0010 54 132 100 162
chair 0.0010 13 150 44 208
chair 0.0010 48 273 162 352
diningtable 0.3169 23 147 188 245
diningtable 0.1666 88 155 161 251
diningtable 0.1460 29 157 104 249
diningtable 0.0684 147 152 216 243
diningtable 0.0438 -1 148 89 229
diningtable 0.0279 1 160 47 240
diningtable 0.0058 54 137 144 260
diningtable 0.0056 232 148 283 216
diningtable 0.0025 64 133 107 160
diningtable 0.0021 113 126 204 242
diningtable 0.0018 17 157 59 244
diningtable 0.0012 79 135 117 236
dog 0.0058 66 128 104 153
dog 0.0011 70 132 119 163
person 0.0952 89 78 105 102
person 0.0771 90 75 115 105
person 0.0060 94 88 114 105
person 0.0040 80 83 128 110
person 0.0038 48 25 66 77
person 0.0031 78 82 98 101
person 0.0021 85 81 109 112
person 0.0019 26 339 246 499
person 0.0019 87 64 108 103
person 0.0011 41 5 83 92
person 0.0010 88 76 139 106
person 0.0010 103 82 124 102
pottedplant 0.1551 293 0 357 28
pottedplant 0.0319 293 4 339 39
pottedplant 0.0150 317 0 373 26
pottedplant 0.0083 285 0 330 31
pottedplant 0.0083 289 1 371 47
pottedplant 0.0062 57 6 101 95
pottedplant 0.0059 300 -3 370 17
pottedplant 0.0057 41 5 83 92
pottedplant 0.0052 345 2 368 20
pottedplant 0.0051 47 16 66 71
pottedplant 0.0041 332 -2 378 16
pottedplant 0.0028 287 -3 343 19
pottedplant 0.0028 66 3 91 44
pottedplant 0.0027 335 3 359 20
pottedplant 0.0022 313 4 339 22
pottedplant 0.0022 70 19 86 42
pottedplant 0.0016 44 0 67 45
pottedplant 0.0012 41 3 91 45
pottedplant 0.0011 126 34 143 72
pottedplant 0.0010 297 2 321 27
sofa 0.9455 32 357 245 498
sofa 0.0497 232 148 283 216
sofa 0.0333 1 236 238 495
sofa 0.0164 211 241 373 488
sofa 0.0065 -12 327 359 489
sofa 0.0050 1 160 47 240
sofa 0.0031 -1 148 89 229
sofa 0.0030 7 141 152 231
sofa 0.0028 -2 215 26 335
sofa 0.0025 147 144 217 231
sofa 0.0021 66 128 104 153
sofa 0.0016 86 143 161 231
sofa 0.0011 257 148 332 222
tvmonitor 0.1897 287 157 330 232
tvmonitor 0.0171 275 150 320 221
tvmonitor 0.0043 279 151 302 204
tvmonitor 0.0016 286 155 307 217
tvmonitor 0.0015 232 148 283 216
tvmonitor 0.0010 -2 215 26 335
