bottle 0.0024 190 366 204 393
bottle 0.0023 0 319 9 439
bottle 0.0012 0 194 10 294
cat 0.0014 313 253 471 306
chair 0.2779 3 271 107 410
chair 0.0794 399 364 501 497
chair 0.0124 407 442 497 500
chair 0.0061 -1 156 98 402
chair 0.0047 0 291 120 487
chair 0.0030 426 405 500 498
chair 0.0025 444 455 507 498
chair 0.0024 -3 379 203 500
chair 0.0017 0 265 103 341
chair 0.0017 374 257 490 491
chair 0.0016 476 283 500 463
chair 0.0015 -4 264 68 445
chair 0.0014 149 261 454 390
chair 0.0013 0 257 21 453
chair 0.0012 455 288 499 378
chair 0.0011 0 369 50 497
diningtable 0.0074 399 364 501 497
diningtable 0.0033 -1 267 110 440
person 0.0247 192 251 465 359
person 0.0018 399 364 501 497
person 0.0013 488 295 499 387
sofa 0.9966 163 253 489 411
sofa 0.0557 399 364 501 497
sofa 0.0035 -1 267 110 440
sofa 0.0034 186 255 413 354
sofa 0.0014 245 368 493 505
sofa 0.0010 293 251 457 305
sofa 0.0010 407 442 497 500
tvmonitor 0.0038 488 295 499 387
tvmonitor 0.0011 399 364 501 497
tvmonitor 0.0010 474 275 499 393
