aeroplane 0.0070 459 77 490 91
aeroplane 0.0027 255 76 272 90
aeroplane 0.0010 262 76 282 90
bird 0.0027 308 111 333 149
bird 0.0020 312 110 328 133
boat 0.9804 122 -12 310 259
boat 0.3092 135 136 307 278
boat 0.1182 278 6 319 111
boat 0.0929 459 77 490 91
boat 0.0422 255 76 272 90
boat 0.0419 40 75 63 88
boat 0.0328 2 57 40 88
boat 0.0267 1 75 26 89
boat 0.0246 49 75 72 88
boat 0.0244 79 76 102 89
boat 0.0229 98 49 122 95
boat 0.0221 262 76 282 90
boat 0.0212 30 75 54 88
boat 0.0133 9 74 35 89
boat 0.0130 0 71 12 92
boat 0.0128 69 76 93 88
boat 0.0116 8 69 55 91
boat 0.0116 98 74 119 90
boat 0.0096 293 4 337 117
boat 0.0092 59 76 83 88
boat 0.0091 66 71 113 91
boat 0.0085 20 75 45 88
boat 0.0081 272 77 292 91
boat 0.0078 116 46 139 99
boat 0.0071 106 47 132 96
boat 0.0068 1 35 26 96
boat 0.0068 36 71 85 90
boat 0.0068 19 51 47 92
boat 0.0060 100 62 118 84
boat 0.0057 89 75 111 90
boat 0.0057 282 77 302 91
boat 0.0057 450 77 498 103
boat 0.0056 120 71 136 91
boat 0.0046 253 13 339 104
boat 0.0040 109 73 130 89
boat 0.0040 85 13 128 102
boat 0.0037 2 65 25 86
boat 0.0035 86 57 131 89
boat 0.0033 104 11 142 109
boat 0.0030 88 47 114 96
boat 0.0029 21 65 44 85
boat 0.0029 249 75 263 89
boat 0.0028 10 64 35 85
boat 0.0023 273 85 293 94
boat 0.0023 0 41 13 103
boat 0.0023 51 68 69 85
boat 0.0022 271 -8 357 128
boat 0.0022 305 95 370 150
boat 0.0021 292 76 311 91
boat 0.0021 471 76 498 90
boat 0.0021 460 82 490 96
boat 0.0020 98 10 278 170
boat 0.0020 461 72 507 94
boat 0.0019 303 77 319 92
boat 0.0019 31 66 52 85
boat 0.0018 77 50 102 95
boat 0.0018 435 75 497 93
boat 0.0017 0 57 95 95
boat 0.0016 109 62 128 84
boat 0.0016 80 66 99 84
boat 0.0015 20 61 60 87
boat 0.0015 144 163 297 228
boat 0.0015 120 62 135 84
boat 0.0014 283 85 302 96
boat 0.0013 303 85 320 100
boat 0.0013 95 67 141 94
boat 0.0012 130 73 338 312
boat 0.0012 29 64 57 95
boat 0.0012 304 87 337 151
boat 0.0012 40 67 61 85
boat 0.0011 39 65 66 94
boat 0.0010 206 15 377 157
boat 0.0010 264 83 282 95
boat 0.0010 297 95 346 134
boat 0.0010 256 83 271 96
person 0.9719 325 87 383 251
person 0.0349 308 111 333 149
person 0.0103 312 110 328 133
person 0.0062 309 93 357 150
person 0.0052 313 108 389 204
person 0.0020 209 169 222 189
person 0.0017 339 279 365 328
person 0.0017 325 89 375 156
person 0.0017 231 195 241 225
person 0.0016 300 105 342 141
person 0.0012 316 111 343 153
