bicycle 0.0015 52 121 263 376
boat 0.0022 0 123 87 182
bottle 0.0024 238 292 276 376
bottle 0.0020 312 2 328 18
bottle 0.0011 307 1 321 19
bottle 0.0010 0 123 87 182
bus 0.0012 0 120 70 170
car 0.0146 0 124 70 179
car 0.0070 52 121 263 376
car 0.0012 286 186 495 383
cat 0.0100 295 171 486 359
cat 0.0013 2 291 61 375
chair 0.7909 52 121 263 376
chair 0.0536 286 186 495 383
chair 0.0138 180 188 260 362
chair 0.0072 290 54 500 340
chair 0.0067 0 123 87 182
chair 0.0053 0 296 67 373
chair 0.0052 58 110 113 200
chair 0.0049 0 227 213 374
chair 0.0039 58 164 103 202
chair 0.0037 -3 180 97 373
chair 0.0023 218 186 257 322
chair 0.0022 1 89 127 199
chair 0.0016 5 118 61 169
chair 0.0013 23 288 249 375
chair 0.0011 217 187 295 364
chair 0.0010 112 218 294 376
chair 0.0010 274 167 408 371
diningtable 0.0136 52 121 263 376
diningtable 0.0031 289 199 490 377
diningtable 0.0015 0 123 87 182
dog 0.9506 287 167 470 365
dog 0.0022 0 296 67 373
dog 0.0011 290 54 500 340
person 0.9941 30 84 247 377
person 0.9664 282 72 499 383
person 0.0140 282 151 463 311
person 0.0096 308 72 498 229
person 0.0070 326 71 412 161
person 0.0052 354 167 497 358
person 0.0022 255 53 419 334
person 0.0020 0 296 67 373
person 0.0014 5 118 61 169
person 0.0013 0 123 87 182
person 0.0011 274 167 408 371
pottedplant 0.0415 0 117 90 170
pottedplant 0.0094 43 72 90 170
pottedplant 0.0077 3 52 95 183
pottedplant 0.0066 37 20 215 189
pottedplant 0.0058 80 88 130 187
pottedplant 0.0057 58 92 114 186
pottedplant 0.0028 4 93 187 193
pottedplant 0.0024 40 78 129 165
pottedplant 0.0022 77 84 123 126
pottedplant 0.0019 90 -1 229 149
pottedplant 0.0016 14 121 115 188
pottedplant 0.0013 312 2 328 18
pottedplant 0.0012 13 65 111 139
pottedplant 0.0011 1 47 86 123
pottedplant 0.0010 17 53 74 148
sofa 0.0639 0 123 87 182
sofa 0.0332 288 150 492 378
sofa 0.0250 28 118 253 378
sofa 0.0015 5 118 61 169
tvmonitor 0.0937 0 124 70 179
