bicycle 0.0011 94 213 105 241
car 0.0032 84 213 100 228
car 0.0015 75 214 90 227
car 0.0015 84 219 99 235
car 0.0014 74 223 91 235
car 0.0014 71 230 91 244
car 0.0010 93 212 107 230
person 0.0143 94 213 105 241
person 0.0027 93 212 107 230
person 0.0016 198 168 212 192
person 0.0012 194 162 215 201
person 0.0011 94 224 103 248
person 0.0011 191 168 205 191
person 0.0011 84 219 99 235
train 0.9368 79 157 280 243
train 0.0034 90 156 481 238
train 0.0027 58 184 201 243
train 0.0014 260 198 407 237
