bus 0.0032 471 84 499 235
bus 0.0012 0 147 30 254
car 0.9998 21 92 461 256
car 0.6747 0 147 30 254
car 0.1800 453 111 502 244
car 0.1098 471 84 499 235
car 0.0054 411 74 503 240
car 0.0038 0 152 20 353
car 0.0029 -3 173 57 251
car 0.0021 -5 121 51 306
car 0.0019 0 88 21 237
car 0.0018 470 156 499 266
car 0.0013 475 114 498 192
car 0.0010 -2 95 31 367
car 0.0010 477 48 499 196
motorbike 0.0077 0 160 30 263
motorbike 0.0025 468 107 499 246
person 0.0273 471 84 499 235
person 0.0059 477 48 499 196
person 0.0058 489 72 499 161
person 0.0042 449 77 502 240
person 0.0024 0 152 20 353
person 0.0018 0 160 30 263
person 0.0010 0 88 21 237
