bottle 0.0172 105 40 120 64
bottle 0.0072 188 246 207 301
bottle 0.0044 194 152 266 222
bottle 0.0026 230 140 273 228
bottle 0.0020 215 210 239 259
bottle 0.0018 105 47 119 71
bottle 0.0010 111 41 130 62
bottle 0.0010 221 203 235 231
chair 0.0553 -7 201 186 500
chair 0.0277 1 380 191 497
chair 0.0030 105 40 120 64
chair 0.0018 99 25 146 64
diningtable 0.0025 94 193 241 313
dog 0.0062 9 147 155 274
dog 0.0014 61 206 166 276
dog 0.0010 3 187 170 390
person 0.9885 -5 176 178 472
person 0.8149 221 51 326 457
person 0.5831 155 -10 265 218
person 0.4443 193 -3 273 138
person 0.3693 45 -20 146 236
person 0.2616 9 147 155 274
person 0.2359 -1 0 73 167
person 0.0952 146 3 214 181
person 0.0914 3 134 84 221
person 0.0385 303 0 330 62
person 0.0337 136 1 176 64
person 0.0288 134 -4 153 66
person 0.0287 13 105 216 400
person 0.0202 25 171 203 328
person 0.0166 219 52 335 241
person 0.0162 8 -10 110 218
person 0.0139 258 1 327 61
person 0.0133 -1 182 120 381
person 0.0128 64 242 168 439
person 0.0109 173 21 315 326
person 0.0095 -7 1 124 126
person 0.0085 49 206 143 277
person 0.0079 196 0 271 67
person 0.0075 225 59 273 149
person 0.0073 40 115 193 247
person 0.0072 206 0 331 124
person 0.0070 186 48 272 240
person 0.0064 -2 122 129 240
person 0.0056 139 2 211 59
person 0.0053 115 1 162 66
person 0.0048 199 88 299 280
person 0.0048 -3 331 189 491
person 0.0046 0 129 48 201
person 0.0043 149 -4 170 67
person 0.0043 219 -1 277 98
person 0.0043 289 0 334 84
person 0.0041 35 4 78 123
person 0.0040 31 183 126 260
person 0.0039 244 45 329 177
person 0.0032 52 2 134 147
person 0.0030 2 40 47 160
person 0.0030 94 193 241 313
person 0.0027 64 6 275 254
person 0.0025 100 1 145 65
person 0.0023 194 152 266 222
person 0.0021 13 -2 65 101
person 0.0019 211 33 291 180
person 0.0019 0 29 170 324
person 0.0018 92 152 245 274
person 0.0017 0 135 89 306
person 0.0017 230 140 273 228
person 0.0016 195 134 270 312
person 0.0015 105 40 120 64
person 0.0015 279 -2 332 47
person 0.0014 124 38 285 392
person 0.0014 189 2 244 93
person 0.0014 62 221 165 296
person 0.0013 30 148 89 247
person 0.0013 243 58 294 148
person 0.0013 139 84 279 256
person 0.0012 177 0 220 31
person 0.0012 72 224 133 267
person 0.0012 232 84 261 138
person 0.0011 166 9 218 124
person 0.0011 62 191 168 261
person 0.0010 305 2 325 22
person 0.0010 217 108 284 378
person 0.0010 303 0 328 12
pottedplant 0.0095 194 152 266 222
pottedplant 0.0064 195 135 269 275
pottedplant 0.0058 205 183 251 231
pottedplant 0.0052 105 40 120 64
pottedplant 0.0035 217 194 240 240
pottedplant 0.0028 174 168 257 236
pottedplant 0.0016 207 171 257 269
pottedplant 0.0014 193 174 244 220
pottedplant 0.0010 221 203 235 231
sofa 0.2165 1 380 191 497
sofa 0.0938 -7 201 186 500
sofa 0.0010 151 3 275 121
