bottle 0.0965 316 134 329 156
bottle 0.0260 321 135 338 155
bottle 0.0092 330 232 382 308
bottle 0.0066 334 133 348 153
bottle 0.0061 161 179 175 202
bottle 0.0037 323 153 340 210
bottle 0.0034 161 169 175 196
bottle 0.0029 334 140 347 162
bottle 0.0029 306 134 322 154
bottle 0.0025 368 233 390 285
bottle 0.0018 216 182 272 221
bottle 0.0016 325 212 376 251
bottle 0.0016 344 109 355 138
bottle 0.0014 314 177 330 223
bottle 0.0013 151 181 167 201
bottle 0.0011 299 189 323 233
bottle 0.0011 316 152 334 212
bottle 0.0010 0 136 8 171
bottle 0.0010 316 186 328 217
cat 0.0073 121 259 179 367
cat 0.0027 0 196 27 247
cat 0.0011 316 134 329 156
chair 0.9395 5 225 180 377
chair 0.4742 196 289 285 369
chair 0.4197 177 139 224 206
chair 0.1853 435 118 500 280
chair 0.1609 8 141 234 365
chair 0.0996 1 98 84 172
chair 0.0657 123 164 172 197
chair 0.0564 476 117 499 277
chair 0.0536 116 145 207 207
chair 0.0487 -3 85 53 160
chair 0.0436 316 134 329 156
chair 0.0419 119 163 173 267
chair 0.0411 163 144 191 200
chair 0.0368 182 140 214 186
chair 0.0367 0 196 27 247
chair 0.0354 296 131 449 377
chair 0.0332 321 135 338 155
chair 0.0291 379 162 441 381
chair 0.0266 169 291 335 377
chair 0.0258 -2 139 55 249
chair 0.0254 0 174 25 299
chair 0.0250 1 188 58 360
chair 0.0244 -1 108 147 346
chair 0.0240 124 159 195 310
chair 0.0170 0 206 100 376
chair 0.0156 219 222 426 375
chair 0.0149 135 151 184 234
chair 0.0136 -3 124 48 164
chair 0.0130 334 133 348 153
chair 0.0116 16 136 70 170
chair 0.0112 5 103 59 147
chair 0.0109 -1 78 67 239
chair 0.0106 -1 114 57 194
chair 0.0105 130 255 183 368
chair 0.0098 -3 187 49 281
chair 0.0097 136 140 231 191
chair 0.0086 141 174 222 332
chair 0.0080 95 136 191 190
chair 0.0071 32 279 206 375
chair 0.0068 -1 101 29 146
chair 0.0066 84 183 273 351
chair 0.0065 188 140 242 187
chair 0.0064 174 143 199 198
chair 0.0062 -1 194 12 265
chair 0.0059 210 76 323 231
chair 0.0054 1 100 26 256
chair 0.0053 450 162 498 301
chair 0.0053 1 83 30 190
chair 0.0052 145 146 189 184
chair 0.0050 0 203 24 381
chair 0.0049 334 140 347 162
chair 0.0049 417 36 499 286
chair 0.0045 214 143 238 185
chair 0.0044 357 234 433 381
chair 0.0044 159 161 178 200
chair 0.0042 179 139 266 208
chair 0.0042 20 117 70 193
chair 0.0041 213 133 319 216
chair 0.0038 162 139 211 174
chair 0.0037 154 200 208 310
chair 0.0037 -1 109 13 157
chair 0.0036 160 147 209 233
chair 0.0036 3 119 87 282
chair 0.0036 -2 26 60 172
chair 0.0035 323 145 340 198
chair 0.0035 114 146 180 185
chair 0.0035 333 69 443 312
chair 0.0032 477 278 501 379
chair 0.0031 447 284 500 376
chair 0.0031 313 87 358 185
chair 0.0030 0 79 12 150
chair 0.0029 -3 145 48 179
chair 0.0029 2 99 176 204
chair 0.0028 414 161 448 308
chair 0.0027 319 135 341 167
chair 0.0025 0 209 25 270
chair 0.0025 73 129 178 334
chair 0.0025 444 126 499 415
chair 0.0024 488 126 501 220
chair 0.0024 137 229 188 319
chair 0.0024 14 113 69 156
chair 0.0023 121 201 174 305
chair 0.0022 -2 70 85 143
chair 0.0022 135 237 228 311
chair 0.0021 117 220 379 370
chair 0.0021 99 284 183 374
chair 0.0020 20 320 191 373
chair 0.0020 397 134 466 337
chair 0.0019 306 134 322 154
chair 0.0018 219 165 325 228
chair 0.0018 109 137 185 172
chair 0.0017 112 171 164 213
chair 0.0017 123 186 174 238
chair 0.0017 218 143 235 166
chair 0.0017 487 155 501 249
chair 0.0015 38 135 85 171
chair 0.0015 316 130 359 223
chair 0.0015 190 159 242 206
chair 0.0015 180 157 223 273
chair 0.0015 104 164 157 197
diningtable 0.9819 61 174 440 368
diningtable 0.0902 158 219 409 374
diningtable 0.0702 8 141 234 365
diningtable 0.0595 419 134 499 296
diningtable 0.0132 123 164 172 197
diningtable 0.0125 4 103 176 281
diningtable 0.0087 182 287 384 379
diningtable 0.0078 116 145 207 207
diningtable 0.0074 126 184 383 292
diningtable 0.0046 175 139 220 187
diningtable 0.0029 199 86 447 375
diningtable 0.0029 209 104 341 238
diningtable 0.0027 1 230 146 370
diningtable 0.0024 136 140 231 191
diningtable 0.0020 -3 102 48 148
diningtable 0.0019 354 209 439 376
diningtable 0.0019 146 150 190 196
diningtable 0.0017 -2 94 142 205
diningtable 0.0017 323 215 428 295
diningtable 0.0016 1 98 84 172
diningtable 0.0016 310 79 451 279
diningtable 0.0015 316 134 329 156
diningtable 0.0015 84 183 273 351
diningtable 0.0014 135 237 228 311
diningtable 0.0014 321 135 338 155
diningtable 0.0014 188 140 242 187
diningtable 0.0014 476 117 499 277
diningtable 0.0014 0 196 27 247
diningtable 0.0013 -3 124 48 164
diningtable 0.0012 -2 139 55 249
diningtable 0.0012 200 290 308 370
diningtable 0.0012 148 201 290 268
diningtable 0.0010 124 159 195 310
diningtable 0.0010 151 197 244 345
dog 0.0032 121 259 179 367
dog 0.0027 0 196 27 247
person 0.9592 2 102 180 368
person 0.7228 313 65 440 378
person 0.6339 217 81 325 224
person 0.0278 334 75 447 247
person 0.0238 121 259 179 367
person 0.0178 199 86 447 375
person 0.0142 43 116 197 268
person 0.0089 37 113 306 356
person 0.0079 -3 108 147 270
person 0.0029 311 73 403 242
person 0.0026 34 234 201 374
person 0.0023 340 106 360 160
person 0.0023 316 134 329 156
person 0.0019 2 99 176 204
person 0.0018 73 129 178 334
person 0.0011 91 155 253 303
person 0.0010 435 118 500 280
pottedplant 0.0065 316 134 329 156
pottedplant 0.0047 321 135 338 155
pottedplant 0.0014 334 133 348 153
pottedplant 0.0011 344 109 355 138
pottedplant 0.0010 342 99 358 149
sofa 0.0098 123 164 172 197
sofa 0.0073 1 131 187 372
sofa 0.0057 210 76 323 231
sofa 0.0044 436 134 499 296
sofa 0.0042 140 141 224 206
sofa 0.0026 175 139 220 187
sofa 0.0014 319 94 442 330
sofa 0.0014 2 160 354 353
sofa 0.0014 -3 102 48 148
sofa 0.0012 184 150 460 372
tvmonitor 0.0056 316 134 329 156
tvmonitor 0.0049 116 165 163 198
tvmonitor 0.0031 321 135 338 155
