boat 0.0011 242 158 303 190
bus 0.0067 348 158 409 189
bus 0.0025 242 158 303 190
bus 0.0022 326 135 502 188
bus 0.0020 339 144 403 185
car 0.0015 316 172 326 187
car 0.0015 285 177 300 189
car 0.0013 480 134 494 154
car 0.0012 293 176 311 188
car 0.0011 467 135 483 152
car 0.0010 315 163 328 186
person 0.0111 462 147 471 180
person 0.0100 315 163 328 186
person 0.0075 422 151 433 176
person 0.0071 324 164 336 186
person 0.0068 316 172 326 187
person 0.0057 430 151 443 173
person 0.0049 344 164 355 185
person 0.0046 438 146 452 164
person 0.0043 461 162 470 179
person 0.0039 459 130 476 178
person 0.0037 307 164 319 184
person 0.0036 480 134 494 154
person 0.0036 438 149 452 174
person 0.0034 334 165 347 185
person 0.0033 169 154 180 189
person 0.0023 189 135 203 155
person 0.0023 430 148 445 163
person 0.0022 467 135 483 152
person 0.0021 307 173 317 187
person 0.0020 152 170 165 197
person 0.0019 159 152 178 194
person 0.0018 382 135 394 154
person 0.0012 434 144 455 179
person 0.0012 427 144 447 181
person 0.0011 487 115 499 194
person 0.0011 411 153 425 174
person 0.0010 477 127 497 179
pottedplant 0.0011 315 163 328 186
pottedplant 0.0011 316 172 326 187
train 0.9946 0 18 284 207
train 0.1184 311 101 501 195
train 0.0479 301 -10 506 211
train 0.0345 363 126 500 188
train 0.0164 319 151 510 191
train 0.0051 348 158 409 189
train 0.0033 305 133 451 190
train 0.0028 242 158 303 190
train 0.0023 168 150 310 197
train 0.0019 56 78 343 202
train 0.0016 339 144 403 185
train 0.0015 147 123 289 194
train 0.0010 236 168 293 196
train 0.0010 265 160 320 188
