bicycle 0.0011 176 107 195 157
bottle 0.0018 342 104 358 125
bottle 0.0014 217 196 235 248
bottle 0.0014 372 217 384 242
bottle 0.0010 294 113 310 138
bus 0.0014 338 84 362 128
car 0.0049 342 104 358 125
car 0.0033 178 113 192 137
car 0.0023 441 121 490 149
car 0.0022 52 112 72 132
car 0.0016 50 106 75 138
car 0.0015 307 102 353 144
car 0.0014 172 112 186 135
car 0.0011 406 117 427 136
car 0.0010 408 123 426 143
cat 0.0069 81 251 183 346
cat 0.0042 309 244 401 363
cat 0.0036 167 247 253 345
cat 0.0030 248 194 314 350
cat 0.0024 -2 265 90 359
cat 0.0010 250 263 298 347
chair 0.0084 65 124 185 299
chair 0.0017 327 101 426 353
chair 0.0015 179 65 295 319
cow 0.0174 -2 265 90 359
cow 0.0016 248 194 314 350
cow 0.0014 85 251 189 346
cow 0.0010 177 246 258 346
diningtable 0.0021 275 133 355 214
dog 0.9488 177 246 258 346
dog 0.9274 -2 265 90 359
dog 0.8625 81 251 183 346
dog 0.8396 310 234 406 360
dog 0.6915 248 194 314 350
dog 0.0173 272 229 317 351
dog 0.0084 241 96 311 334
dog 0.0073 100 199 187 271
dog 0.0055 96 174 192 331
dog 0.0054 250 263 298 347
dog 0.0033 244 214 285 337
dog 0.0028 177 95 270 332
dog 0.0023 62 144 194 292
dog 0.0022 270 204 356 344
dog 0.0021 167 203 317 343
dog 0.0020 309 244 366 348
dog 0.0019 327 154 420 354
dog 0.0014 135 200 188 305
dog 0.0013 211 243 372 351
horse 0.0042 -4 272 89 373
horse 0.0042 245 169 315 348
horse 0.0020 174 259 257 348
horse 0.0016 85 251 189 346
person 0.8571 327 69 428 321
person 0.6801 57 47 194 306
person 0.4847 286 87 316 141
person 0.4428 179 52 310 320
person 0.3165 308 96 339 137
person 0.1820 241 96 311 334
person 0.0506 287 103 338 140
person 0.0419 277 81 316 192
person 0.0286 258 74 305 157
person 0.0157 265 79 330 244
person 0.0155 342 104 358 125
person 0.0136 315 87 329 105
person 0.0125 296 89 343 187
person 0.0104 321 104 339 126
person 0.0085 313 95 333 116
person 0.0081 323 88 336 105
person 0.0078 286 84 312 115
person 0.0073 321 95 339 117
person 0.0072 299 92 327 138
person 0.0067 317 90 341 124
person 0.0058 263 84 332 147
person 0.0056 333 104 349 126
person 0.0054 178 113 192 137
person 0.0054 313 104 332 126
person 0.0048 180 134 261 327
person 0.0048 315 79 401 248
person 0.0048 271 101 359 299
person 0.0044 312 112 331 134
person 0.0044 338 84 362 128
person 0.0040 258 83 303 227
person 0.0040 271 82 298 131
person 0.0036 289 87 333 126
person 0.0036 315 103 355 216
person 0.0036 338 105 362 140
person 0.0034 294 113 310 138
person 0.0034 461 129 477 196
person 0.0033 309 106 337 156
person 0.0030 315 105 364 140
person 0.0028 313 85 348 147
person 0.0027 176 107 195 157
person 0.0026 100 199 187 271
person 0.0026 332 112 350 133
person 0.0024 261 88 289 141
person 0.0023 246 64 315 134
person 0.0022 96 174 192 331
person 0.0020 342 94 359 118
person 0.0020 303 93 321 114
person 0.0020 353 103 363 123
person 0.0019 320 111 339 133
person 0.0019 332 93 347 117
person 0.0019 294 101 309 128
person 0.0018 305 87 320 106
person 0.0018 274 114 350 202
person 0.0017 328 96 353 133
person 0.0016 52 52 121 307
person 0.0015 164 69 246 292
person 0.0014 172 112 186 135
person 0.0014 308 162 407 350
person 0.0013 292 91 309 115
person 0.0013 114 70 204 286
person 0.0013 285 83 304 107
person 0.0013 208 56 304 231
person 0.0013 244 57 317 191
person 0.0012 340 111 360 132
person 0.0011 273 99 311 145
person 0.0011 274 98 294 147
person 0.0010 240 82 425 347
person 0.0010 310 81 334 112
pottedplant 0.0039 338 84 362 128
pottedplant 0.0021 342 104 358 125
pottedplant 0.0012 178 113 192 137
sheep 0.0015 -3 268 89 380
sofa 0.0021 181 70 311 352
