bicycle 0.9997 20 32 486 360
bicycle 0.0032 0 33 122 343
bicycle 0.0024 6 77 87 279
bottle 0.0249 273 15 295 60
bottle 0.0070 250 19 277 56
bottle 0.0024 205 272 224 324
bottle 0.0018 239 157 282 239
bottle 0.0013 257 156 298 241
bottle 0.0010 196 268 221 326
car 0.0010 243 17 302 58
chair 0.0034 -1 129 46 261
chair 0.0023 0 99 26 260
chair 0.0012 6 77 87 279
person 0.0058 273 15 295 60
person 0.0028 299 -1 329 39
person 0.0017 294 -4 336 52
pottedplant 0.5337 12 53 89 190
pottedplant 0.0200 104 13 145 102
pottedplant 0.0166 6 77 87 279
pottedplant 0.0136 7 53 82 121
pottedplant 0.0015 106 37 130 94
pottedplant 0.0014 79 30 164 205
pottedplant 0.0014 7 62 56 170
pottedplant 0.0014 81 80 162 155
pottedplant 0.0012 23 84 70 220
pottedplant 0.0011 0 2 120 305
pottedplant 0.0011 0 51 23 231
pottedplant 0.0010 49 68 94 104
pottedplant 0.0010 -1 117 46 242
tvmonitor 0.0397 250 19 277 56
tvmonitor 0.0026 254 26 273 50
tvmonitor 0.0012 243 17 302 58
tvmonitor 0.0011 241 27 286 65
