aeroplane 0.0045 231 92 296 119
boat 0.0025 231 92 296 119
bus 0.0028 477 97 500 132
bus 0.0011 231 92 296 119
car 0.9986 16 107 475 286
car 0.7097 405 128 503 221
car 0.0650 58 137 122 155
car 0.0449 442 148 499 230
car 0.0237 75 137 103 151
car 0.0128 404 130 490 160
car 0.0125 405 118 497 174
car 0.0105 398 137 477 171
car 0.0103 468 133 500 222
car 0.0079 331 126 480 242
car 0.0074 477 97 500 132
car 0.0064 70 140 132 160
car 0.0035 474 114 498 155
car 0.0031 97 138 124 151
car 0.0030 351 135 483 184
car 0.0029 382 151 453 174
car 0.0024 475 132 497 151
car 0.0023 50 131 95 155
car 0.0021 470 89 500 190
car 0.0017 487 102 499 129
car 0.0016 85 137 115 150
car 0.0015 53 117 296 267
car 0.0015 59 134 84 150
car 0.0013 490 154 499 248
car 0.0011 55 133 69 154
car 0.0010 29 126 75 163
car 0.0010 477 114 497 135
car 0.0010 489 132 500 155
motorbike 0.0018 20 53 474 274
person 0.0014 390 150 405 170
person 0.0013 381 146 398 165
pottedplant 0.0025 226 92 284 118
train 0.0016 231 92 296 119
