bottle 0.0033 27 306 51 357
chair 0.0010 -18 49 295 514
pottedplant 0.9937 25 18 310 476
pottedplant 0.0730 25 358 69 399
pottedplant 0.0513 5 343 83 404
pottedplant 0.0243 60 366 109 470
pottedplant 0.0146 132 74 334 504
pottedplant 0.0139 -5 21 184 480
pottedplant 0.0094 2 352 30 388
pottedplant 0.0091 10 352 110 480
pottedplant 0.0072 53 361 97 395
pottedplant 0.0051 27 306 51 357
pottedplant 0.0046 -3 317 42 397
pottedplant 0.0042 15 323 66 397
pottedplant 0.0041 0 350 53 391
pottedplant 0.0020 3 293 84 453
pottedplant 0.0018 3 24 116 399
pottedplant 0.0018 19 346 72 435
pottedplant 0.0017 0 304 19 356
pottedplant 0.0011 1 311 52 353
pottedplant 0.0010 31 360 84 467
pottedplant 0.0010 41 353 68 391
pottedplant 0.0010 135 10 346 330
