bird 0.9768 71 105 115 265
bird 0.3674 257 169 298 208
bird 0.0669 93 95 118 142
bird 0.0421 53 248 202 384
bird 0.0137 271 176 299 199
bird 0.0109 280 170 304 209
bird 0.0082 266 183 290 206
bird 0.0069 67 125 97 174
bird 0.0064 64 129 85 184
bird 0.0054 92 99 117 121
bird 0.0046 256 168 280 206
bird 0.0044 62 121 104 158
bird 0.0042 272 174 317 215
bird 0.0037 69 1 199 53
bird 0.0034 73 95 119 166
bird 0.0029 62 104 102 188
bird 0.0029 65 119 127 344
bird 0.0027 281 169 328 204
bird 0.0027 73 94 117 129
bird 0.0023 57 124 77 192
bird 0.0021 143 1 281 53
bird 0.0020 11 1 145 53
bird 0.0020 266 162 305 200
bird 0.0019 258 174 276 198
bird 0.0018 50 189 145 363
bird 0.0018 207 1 335 51
bird 0.0017 81 107 109 150
bird 0.0016 74 2 132 42
bird 0.0016 96 99 125 156
bird 0.0016 55 257 147 339
bird 0.0014 75 96 144 292
bird 0.0014 242 163 309 211
bird 0.0013 59 98 106 144
bird 0.0013 262 141 291 197
bird 0.0012 284 181 302 207
bird 0.0012 301 153 329 199
bird 0.0011 94 104 114 128
bird 0.0011 67 110 98 149
bird 0.0011 65 135 83 160
bird 0.0010 91 94 132 131
cat 0.0022 257 169 298 208
dog 0.0027 270 175 298 214
sheep 0.0400 270 175 298 214
