cat 0.9794 23 21 391 358
chair 0.0549 14 15 464 365
chair 0.0139 -1 -11 66 202
chair 0.0113 121 6 209 73
chair 0.0048 0 84 81 150
chair 0.0022 -10 -79 112 129
chair 0.0020 -1 60 59 295
chair 0.0017 0 14 23 185
chair 0.0017 -3 92 50 139
chair 0.0016 6 78 130 374
chair 0.0015 0 -2 134 147
chair 0.0010 0 59 20 296
chair 0.0010 -1 92 56 177
diningtable 0.2590 14 15 464 365
diningtable 0.0025 9 128 350 386
dog 0.0027 90 43 395 377
person 0.0038 14 15 464 365
pottedplant 0.0015 27 8 400 312
sofa 0.0111 14 15 464 365
tvmonitor 0.0024 14 15 464 365
