bicycle 0.0010 442 197 498 352
bottle 0.0135 487 160 500 222
bottle 0.0071 482 90 493 122
bottle 0.0048 489 185 498 218
bottle 0.0020 142 85 152 111
bottle 0.0013 489 164 499 199
bottle 0.0012 78 234 101 267
car 0.0013 474 193 500 247
cat 0.0010 91 104 129 145
chair 0.4852 92 130 142 223
chair 0.4535 206 121 245 185
chair 0.3790 242 120 287 188
chair 0.2059 181 125 210 178
chair 0.1859 344 128 406 223
chair 0.1687 291 121 339 190
chair 0.1225 285 145 340 327
chair 0.1205 0 201 52 378
chair 0.0758 4 176 287 373
chair 0.0718 200 126 232 177
chair 0.0594 0 107 81 255
chair 0.0507 452 212 499 339
chair 0.0452 174 123 203 167
chair 0.0428 163 122 207 184
chair 0.0428 3 185 41 325
chair 0.0386 153 126 179 163
chair 0.0345 453 157 497 278
chair 0.0313 192 125 217 177
chair 0.0312 1 237 89 378
chair 0.0268 94 106 142 179
chair 0.0253 289 118 393 193
chair 0.0219 222 112 299 179
chair 0.0192 1 149 29 362
chair 0.0172 9 225 172 370
chair 0.0156 67 127 107 229
chair 0.0142 471 139 499 256
chair 0.0141 197 121 283 186
chair 0.0123 341 118 397 152
chair 0.0122 279 135 305 188
chair 0.0120 259 180 336 362
chair 0.0113 0 154 48 273
chair 0.0109 475 155 498 210
chair 0.0108 18 150 73 244
chair 0.0107 148 187 340 365
chair 0.0086 0 95 23 297
chair 0.0078 2 96 79 177
chair 0.0077 345 161 404 262
chair 0.0076 454 138 497 220
chair 0.0074 462 157 489 208
chair 0.0069 472 186 499 327
chair 0.0069 -1 106 56 202
chair 0.0069 289 116 316 173
chair 0.0062 0 243 28 378
chair 0.0062 293 133 339 258
chair 0.0059 309 118 407 275
chair 0.0056 163 123 191 166
chair 0.0056 470 250 498 373
chair 0.0055 141 119 184 189
chair 0.0051 273 122 295 186
chair 0.0051 213 124 237 144
chair 0.0049 0 149 12 234
chair 0.0047 412 164 452 268
chair 0.0045 192 139 240 181
chair 0.0044 427 189 472 283
chair 0.0043 417 194 498 355
chair 0.0041 0 170 24 234
chair 0.0040 283 115 305 174
chair 0.0038 299 117 343 154
chair 0.0037 149 190 204 216
chair 0.0037 276 139 330 187
chair 0.0036 98 169 229 226
chair 0.0034 5 146 79 330
chair 0.0032 354 123 403 165
chair 0.0031 139 179 214 208
chair 0.0031 487 149 500 214
chair 0.0030 295 195 335 350
chair 0.0029 206 120 243 152
chair 0.0027 233 126 256 183
chair 0.0026 91 134 191 217
chair 0.0026 88 145 111 219
chair 0.0025 12 284 117 373
chair 0.0025 214 117 235 135
chair 0.0025 237 101 290 128
chair 0.0024 -1 157 24 207
chair 0.0024 286 153 336 190
chair 0.0023 4 148 61 180
chair 0.0023 370 118 417 198
chair 0.0023 363 152 413 237
chair 0.0021 151 111 171 163
chair 0.0021 0 125 123 389
chair 0.0020 209 117 225 135
chair 0.0019 207 123 227 144
chair 0.0019 388 116 410 171
chair 0.0018 220 128 270 181
chair 0.0018 333 114 386 141
chair 0.0018 159 119 246 175
chair 0.0017 240 132 266 188
chair 0.0017 217 108 269 142
chair 0.0017 20 176 71 288
chair 0.0017 221 125 245 145
chair 0.0016 218 134 249 186
chair 0.0016 152 128 167 160
chair 0.0016 489 229 499 327
chair 0.0015 154 100 180 150
chair 0.0015 356 145 401 179
chair 0.0015 312 152 402 233
chair 0.0015 75 121 142 260
chair 0.0014 180 115 197 133
chair 0.0014 60 117 80 173
chair 0.0014 0 134 10 209
diningtable 0.9821 25 197 328 373
diningtable 0.0448 223 120 295 187
diningtable 0.0109 206 121 245 185
diningtable 0.0100 158 123 242 182
diningtable 0.0063 98 169 229 226
diningtable 0.0057 453 157 497 278
diningtable 0.0057 258 152 335 327
diningtable 0.0041 153 123 202 166
diningtable 0.0038 175 125 216 179
diningtable 0.0035 84 106 139 213
diningtable 0.0035 2 215 85 372
diningtable 0.0034 2 109 79 286
diningtable 0.0034 289 118 393 193
diningtable 0.0032 125 121 211 189
diningtable 0.0030 112 184 252 243
diningtable 0.0025 441 173 497 342
diningtable 0.0024 306 128 406 219
diningtable 0.0019 188 118 256 175
diningtable 0.0017 90 114 196 201
diningtable 0.0015 291 121 339 190
diningtable 0.0013 2 154 79 238
diningtable 0.0013 2 191 41 353
diningtable 0.0012 342 122 398 165
diningtable 0.0012 427 189 472 283
diningtable 0.0010 112 137 217 212
diningtable 0.0010 475 155 498 210
dog 0.0018 91 104 129 145
person 0.0145 0 105 33 403
person 0.0052 344 128 406 223
person 0.0048 0 112 24 319
person 0.0038 1 206 29 378
person 0.0037 0 131 52 345
person 0.0034 0 125 123 389
person 0.0017 384 202 412 258
person 0.0016 309 118 407 275
person 0.0016 472 166 499 306
person 0.0012 297 118 407 200
person 0.0012 0 94 26 182
person 0.0011 2 87 66 271
person 0.0011 3 185 41 325
pottedplant 0.8831 403 102 461 205
pottedplant 0.0874 0 95 56 177
pottedplant 0.0222 0 94 26 182
pottedplant 0.0145 0 89 66 228
pottedplant 0.0135 399 85 492 223
pottedplant 0.0135 395 88 468 163
pottedplant 0.0096 412 130 460 177
pottedplant 0.0095 480 86 496 126
pottedplant 0.0089 0 100 46 151
pottedplant 0.0071 393 109 439 197
pottedplant 0.0054 414 147 457 198
pottedplant 0.0043 0 89 24 143
pottedplant 0.0041 415 94 459 134
pottedplant 0.0041 9 106 36 159
pottedplant 0.0036 452 212 499 339
pottedplant 0.0035 410 142 453 240
pottedplant 0.0031 19 88 69 163
pottedplant 0.0029 454 112 498 207
pottedplant 0.0029 444 89 466 140
pottedplant 0.0027 448 86 463 108
pottedplant 0.0026 487 160 500 222
pottedplant 0.0025 0 97 11 170
pottedplant 0.0023 433 89 461 141
pottedplant 0.0021 158 104 178 123
pottedplant 0.0018 438 88 457 107
pottedplant 0.0017 325 31 376 64
pottedplant 0.0017 0 134 10 209
pottedplant 0.0017 405 111 464 281
pottedplant 0.0015 155 97 181 132
pottedplant 0.0015 0 149 12 234
pottedplant 0.0015 317 80 365 110
pottedplant 0.0014 398 119 456 168
pottedplant 0.0014 426 136 466 212
pottedplant 0.0013 -1 164 24 220
pottedplant 0.0013 160 96 177 115
pottedplant 0.0011 19 107 47 157
pottedplant 0.0011 488 113 499 132
pottedplant 0.0010 485 76 498 137
pottedplant 0.0010 15 110 72 199
sofa 0.3220 289 118 393 193
sofa 0.1054 306 128 406 219
sofa 0.0440 346 150 404 234
sofa 0.0264 291 121 339 190
sofa 0.0153 345 119 404 203
sofa 0.0112 242 120 287 188
sofa 0.0073 0 107 81 255
sofa 0.0054 0 131 52 345
sofa 0.0048 453 157 497 278
sofa 0.0039 1 149 29 362
sofa 0.0035 222 112 299 179
sofa 0.0030 32 182 332 373
sofa 0.0028 153 123 202 166
sofa 0.0026 3 185 41 325
sofa 0.0024 454 138 497 220
sofa 0.0023 471 139 499 256
sofa 0.0017 206 121 245 185
sofa 0.0016 348 134 430 217
sofa 0.0014 341 118 397 152
sofa 0.0010 84 106 139 213
sofa 0.0010 197 121 283 186
tvmonitor 0.0120 346 150 404 234
tvmonitor 0.0061 317 80 365 110
tvmonitor 0.0048 297 118 407 200
tvmonitor 0.0030 320 76 378 101
tvmonitor 0.0027 475 184 500 237
tvmonitor 0.0022 475 162 498 219
tvmonitor 0.0013 230 89 257 106
tvmonitor 0.0013 462 164 489 216
tvmonitor 0.0012 471 139 499 256
tvmonitor 0.0012 454 112 498 207
tvmonitor 0.0011 336 117 385 151
tvmonitor 0.0010 342 122 398 165
