bottle 0.0141 275 223 292 275
bottle 0.0092 267 226 283 273
bottle 0.0049 284 244 296 272
bottle 0.0049 208 195 226 245
bottle 0.0047 211 213 222 246
bottle 0.0035 217 188 232 212
bottle 0.0033 231 244 259 294
bottle 0.0027 236 180 254 201
bottle 0.0026 235 177 258 225
bottle 0.0026 269 224 281 255
bottle 0.0023 278 245 290 272
bottle 0.0021 282 228 299 272
bottle 0.0019 254 229 277 271
bottle 0.0019 217 182 232 203
bottle 0.0018 294 215 307 240
bottle 0.0016 214 187 235 235
bottle 0.0013 256 237 273 262
bottle 0.0013 187 176 205 229
bottle 0.0013 233 232 256 270
bottle 0.0012 194 189 217 234
bottle 0.0010 236 239 253 262
cat 0.0509 187 114 278 189
cat 0.0017 347 106 375 164
cat 0.0010 340 111 439 354
chair 0.9701 1 200 90 380
chair 0.9674 282 96 345 180
chair 0.7046 327 183 436 368
chair 0.2199 92 209 271 374
chair 0.2077 342 109 377 176
chair 0.1531 395 91 432 157
chair 0.1036 187 114 278 189
chair 0.0509 419 196 457 348
chair 0.0412 364 139 457 369
chair 0.0376 417 201 485 379
chair 0.0199 277 107 324 191
chair 0.0198 343 111 438 322
chair 0.0190 408 126 446 230
chair 0.0180 414 146 451 284
chair 0.0174 93 104 192 172
chair 0.0113 391 109 440 199
chair 0.0095 0 185 24 363
chair 0.0087 306 101 355 177
chair 0.0080 89 328 284 375
chair 0.0050 226 294 328 375
chair 0.0046 415 148 442 198
chair 0.0043 147 128 207 160
chair 0.0041 154 93 182 135
chair 0.0041 403 91 444 181
chair 0.0040 138 81 181 132
chair 0.0038 63 285 110 372
chair 0.0037 0 192 52 317
chair 0.0037 349 108 374 146
chair 0.0036 105 128 215 185
chair 0.0035 80 155 353 378
chair 0.0035 14 214 160 375
chair 0.0035 151 115 201 152
chair 0.0035 317 136 406 340
chair 0.0034 64 290 151 377
chair 0.0033 345 122 390 229
chair 0.0033 243 221 421 370
chair 0.0032 341 109 412 171
chair 0.0025 108 295 261 373
chair 0.0024 123 113 173 155
chair 0.0024 13 284 109 375
chair 0.0023 116 88 210 156
chair 0.0022 73 319 183 376
chair 0.0021 96 104 258 194
chair 0.0020 408 107 427 158
chair 0.0020 391 91 429 125
chair 0.0020 426 158 460 315
chair 0.0019 0 137 20 302
chair 0.0018 351 108 372 125
chair 0.0017 421 112 467 360
chair 0.0016 228 218 329 370
chair 0.0016 316 284 356 372
chair 0.0015 330 112 373 160
chair 0.0015 372 99 421 175
chair 0.0014 376 102 445 262
chair 0.0014 477 213 499 373
chair 0.0014 21 193 71 356
chair 0.0013 261 292 367 374
chair 0.0013 223 354 324 376
chair 0.0012 348 113 437 192
chair 0.0011 185 324 339 375
chair 0.0011 351 112 372 134
chair 0.0010 293 118 351 167
chair 0.0010 9 149 116 330
chair 0.0010 121 115 244 174
chair 0.0010 445 253 500 373
diningtable 0.9923 105 163 379 375
diningtable 0.0899 284 97 375 180
diningtable 0.0130 10 182 109 372
diningtable 0.0093 171 183 302 247
diningtable 0.0086 92 209 271 374
diningtable 0.0053 270 101 340 183
diningtable 0.0049 0 193 71 386
diningtable 0.0033 209 212 353 377
diningtable 0.0033 93 288 327 375
diningtable 0.0027 306 214 444 376
diningtable 0.0024 216 147 439 363
diningtable 0.0018 90 124 196 189
diningtable 0.0017 354 100 434 173
diningtable 0.0016 340 116 381 170
diningtable 0.0015 134 173 354 302
diningtable 0.0015 403 96 431 153
diningtable 0.0014 96 104 258 194
diningtable 0.0010 395 95 436 177
diningtable 0.0010 173 171 295 217
dog 0.0177 187 114 278 189
person 0.9203 179 114 276 189
person 0.7969 68 147 291 375
person 0.3782 327 123 435 348
person 0.0112 228 218 329 370
person 0.0085 345 109 439 257
person 0.0054 85 148 199 368
person 0.0038 231 252 258 304
person 0.0028 140 160 415 373
person 0.0025 223 247 264 342
person 0.0010 214 242 310 309
pottedplant 0.0014 203 277 229 317
sofa 0.1463 189 110 280 184
sofa 0.0854 327 123 435 348
sofa 0.0097 395 91 432 157
sofa 0.0048 270 101 340 183
sofa 0.0045 80 155 353 378
sofa 0.0027 345 109 439 257
sofa 0.0021 284 97 375 180
sofa 0.0017 354 100 434 173
sofa 0.0014 90 124 196 189
sofa 0.0013 96 104 258 194
sofa 0.0010 391 109 440 199
sofa 0.0010 0 186 71 369
tvmonitor 0.0017 189 110 280 184
tvmonitor 0.0015 0 60 20 210
tvmonitor 0.0010 0 125 11 200
