boat 0.9900 -9 98 432 210
boat 0.0068 3 127 202 186
boat 0.0055 24 102 152 166
boat 0.0041 6 92 263 186
boat 0.0011 38 78 127 146
motorbike 0.0010 151 141 171 182
person 0.5353 37 72 89 140
person 0.4057 38 78 127 146
person 0.2249 151 141 171 182
person 0.0789 102 113 120 135
person 0.0197 76 109 126 138
person 0.0180 188 113 208 132
person 0.0143 180 107 231 136
person 0.0127 109 114 126 135
person 0.0080 159 108 214 137
person 0.0069 195 112 217 129
person 0.0063 26 100 79 143
person 0.0057 33 100 53 142
person 0.0056 163 111 175 133
person 0.0053 35 109 49 136
person 0.0046 213 113 237 167
person 0.0036 206 112 227 129
person 0.0031 166 114 185 133
person 0.0030 157 139 173 169
person 0.0030 96 114 123 143
person 0.0030 90 120 113 139
person 0.0030 139 105 264 170
person 0.0030 176 114 198 132
person 0.0025 215 110 235 129
person 0.0023 24 102 152 166
person 0.0020 47 80 79 130
person 0.0019 201 105 248 135
person 0.0019 158 154 172 183
person 0.0018 37 91 66 137
person 0.0018 164 101 227 131
person 0.0017 57 87 86 136
person 0.0015 188 110 243 150
