bird 0.0111 396 -114 504 139
car 0.0010 451 142 499 168
cow 0.0045 3 188 41 218
cow 0.0019 0 180 48 282
cow 0.0011 0 168 26 296
horse 0.9986 71 140 427 355
horse 0.0107 291 124 417 333
horse 0.0028 3 188 41 218
horse 0.0028 79 184 277 346
motorbike 0.0011 55 104 386 362
person 0.0284 94 175 110 234
person 0.0131 1 178 44 215
person 0.0057 6 189 35 218
person 0.0030 309 130 431 324
person 0.0016 302 174 321 195
person 0.0014 12 179 31 195
person 0.0013 391 136 407 158
person 0.0012 324 127 422 208
sheep 0.0094 396 -114 504 139
