bicycle 0.0010 239 127 326 345
bottle 0.0017 474 70 499 122
bottle 0.0015 47 25 75 69
bottle 0.0010 254 133 303 219
car 0.0021 -3 -8 141 60
cat 0.0076 254 133 303 219
cat 0.0012 302 17 443 76
chair 0.1420 166 2 414 318
chair 0.0353 238 69 404 377
chair 0.0276 176 61 333 377
chair 0.0032 261 -7 483 143
chair 0.0023 121 -15 458 176
chair 0.0019 368 70 494 381
chair 0.0015 239 127 326 345
chair 0.0015 -3 -8 141 60
chair 0.0015 45 -5 461 388
dog 0.0296 254 133 303 219
dog 0.0117 239 127 326 345
dog 0.0011 257 157 307 271
person 0.8857 170 9 405 379
person 0.0242 239 127 326 345
person 0.0195 239 73 490 382
person 0.0187 254 112 386 331
person 0.0160 174 127 335 379
person 0.0158 155 -4 422 137
person 0.0095 368 70 494 381
person 0.0085 139 -9 367 247
person 0.0055 147 14 299 374
person 0.0040 261 -7 483 143
person 0.0034 183 22 387 188
person 0.0025 181 86 324 278
person 0.0012 254 133 303 219
person 0.0010 110 -19 321 95
sofa 0.3848 210 13 426 378
sofa 0.0933 160 -6 487 241
sofa 0.0456 261 -7 483 143
sofa 0.0295 176 61 333 377
sofa 0.0292 -3 -8 141 60
sofa 0.0222 130 -19 450 94
sofa 0.0166 305 5 506 380
sofa 0.0143 9 -100 494 182
sofa 0.0140 129 28 524 404
sofa 0.0018 240 134 489 383
sofa 0.0015 368 121 495 391
sofa 0.0012 154 -3 282 54
sofa 0.0011 152 2 352 138
sofa 0.0010 14 -20 251 92
sofa 0.0010 318 67 492 218
tvmonitor 0.0135 -3 -8 141 60
