bicycle 0.0074 462 215 473 237
boat 0.0034 26 205 44 218
boat 0.0018 460 211 474 232
boat 0.0016 21 197 81 225
boat 0.0015 31 205 52 220
bus 0.0026 21 197 81 225
bus 0.0023 26 205 44 218
bus 0.0022 460 211 474 232
bus 0.0021 31 205 52 220
car 0.0897 460 211 474 232
car 0.0201 26 205 44 218
car 0.0186 31 205 52 220
car 0.0037 408 203 427 216
car 0.0026 414 204 439 217
car 0.0024 33 198 50 212
car 0.0015 25 199 43 212
car 0.0010 31 212 53 222
cow 0.0020 460 211 474 232
horse 0.0023 460 211 474 232
motorbike 0.0181 460 211 474 232
person 0.1383 460 211 474 232
person 0.0018 26 205 44 218
person 0.0011 31 205 52 220
train 0.9927 77 142 404 277
train 0.0059 21 197 81 225
train 0.0027 460 211 474 232
train 0.0023 26 205 44 218
train 0.0011 31 205 52 220
