cat 0.0064 289 62 430 262
cat 0.0018 109 39 262 268
chair 0.0140 18 207 105 378
chair 0.0050 476 179 500 326
chair 0.0039 -3 129 97 337
chair 0.0027 288 60 489 294
chair 0.0023 102 48 267 294
chair 0.0021 366 280 448 378
chair 0.0014 5 53 123 388
chair 0.0011 3 215 97 289
diningtable 0.0022 0 209 103 376
dog 0.9489 102 30 265 275
dog 0.8780 290 64 436 286
dog 0.0010 71 31 410 270
person 0.0182 21 25 263 273
person 0.0157 0 -29 98 268
person 0.0050 103 28 257 205
person 0.0040 288 60 489 294
person 0.0013 -1 86 92 341
sheep 0.0016 289 62 430 262
sofa 0.0065 288 60 489 294
sofa 0.0039 21 25 263 273
