bicycle 0.0011 488 109 500 199
boat 0.0013 240 91 288 118
bottle 0.0100 397 261 431 365
bottle 0.0062 228 159 242 186
bottle 0.0045 81 153 97 174
bottle 0.0038 72 153 91 173
bottle 0.0037 227 168 243 193
bottle 0.0037 219 159 234 186
bottle 0.0028 244 134 260 155
bottle 0.0026 475 120 499 274
bottle 0.0025 217 104 237 123
bottle 0.0025 82 158 96 184
bottle 0.0024 236 169 253 192
bottle 0.0022 406 273 429 341
bottle 0.0022 67 151 96 195
bottle 0.0020 -1 125 24 237
bottle 0.0016 475 252 500 371
bottle 0.0015 385 292 413 343
bottle 0.0015 72 127 91 142
bottle 0.0014 214 160 240 200
bottle 0.0014 295 105 309 123
bottle 0.0014 78 127 100 140
bottle 0.0014 488 109 500 199
bottle 0.0013 449 260 500 363
bottle 0.0013 72 170 89 193
bottle 0.0013 245 171 263 191
bottle 0.0013 228 150 243 175
bottle 0.0012 254 171 271 192
bottle 0.0012 237 161 253 185
bottle 0.0012 484 182 500 263
bottle 0.0011 65 122 79 144
bottle 0.0011 217 95 237 116
bottle 0.0010 73 160 90 184
bottle 0.0010 396 273 421 341
car 0.0039 114 144 166 180
car 0.0012 477 9 500 193
car 0.0011 488 101 499 187
cat 0.0012 67 151 96 195
cat 0.0012 446 190 499 284
chair 0.2498 18 233 254 374
chair 0.0856 234 187 287 276
chair 0.0641 0 239 132 371
chair 0.0640 199 199 280 350
chair 0.0613 213 194 263 271
chair 0.0505 42 128 278 374
chair 0.0306 445 207 499 294
chair 0.0242 250 142 298 283
chair 0.0233 0 223 64 370
chair 0.0204 438 195 498 355
chair 0.0169 475 144 500 282
chair 0.0166 -1 146 24 244
chair 0.0157 430 212 482 287
chair 0.0152 29 150 73 237
chair 0.0151 437 132 499 293
chair 0.0143 45 149 95 234
chair 0.0117 11 162 194 365
chair 0.0110 474 193 500 354
chair 0.0095 221 246 374 375
chair 0.0088 216 163 296 297
chair 0.0085 180 124 264 339
chair 0.0082 258 137 406 289
chair 0.0070 0 221 26 367
chair 0.0060 217 114 263 198
chair 0.0059 272 221 371 286
chair 0.0052 488 120 500 207
chair 0.0050 215 138 264 252
chair 0.0043 202 124 278 271
chair 0.0041 478 118 499 189
chair 0.0041 477 9 500 227
chair 0.0036 284 200 395 273
chair 0.0034 213 211 256 253
chair 0.0025 295 105 309 123
chair 0.0024 264 181 379 364
chair 0.0024 372 161 415 270
chair 0.0023 2 134 90 340
chair 0.0023 199 240 252 349
chair 0.0022 67 151 96 195
chair 0.0022 386 193 433 276
chair 0.0022 244 134 260 155
chair 0.0020 200 204 253 303
chair 0.0020 202 157 249 271
chair 0.0019 179 109 260 200
chair 0.0019 399 184 418 257
chair 0.0019 59 140 103 219
chair 0.0019 484 182 500 263
chair 0.0018 233 215 317 287
chair 0.0017 0 141 20 326
chair 0.0016 23 88 74 218
chair 0.0016 291 104 314 143
chair 0.0016 81 153 97 174
chair 0.0015 295 112 311 134
chair 0.0015 207 192 261 230
chair 0.0015 232 119 284 197
chair 0.0015 228 186 324 365
chair 0.0014 72 153 91 173
chair 0.0014 251 195 349 278
chair 0.0013 201 182 249 219
chair 0.0013 60 175 85 225
chair 0.0012 406 178 423 262
chair 0.0012 275 240 390 306
chair 0.0012 285 104 300 121
chair 0.0012 478 148 499 216
chair 0.0011 325 203 419 269
chair 0.0010 274 105 294 121
chair 0.0010 487 147 499 236
chair 0.0010 28 192 76 227
chair 0.0010 222 132 303 224
chair 0.0010 0 232 86 318
chair 0.0010 129 141 166 172
chair 0.0010 38 174 67 228
diningtable 0.7694 237 249 493 376
diningtable 0.0152 215 192 297 276
diningtable 0.0123 42 128 278 374
diningtable 0.0110 18 233 254 374
diningtable 0.0102 181 119 313 258
diningtable 0.0042 261 91 412 283
diningtable 0.0040 445 207 499 294
diningtable 0.0034 203 143 373 291
diningtable 0.0033 29 150 73 237
diningtable 0.0032 11 162 194 365
diningtable 0.0032 221 246 374 375
diningtable 0.0030 199 176 283 259
diningtable 0.0024 239 159 287 270
diningtable 0.0022 0 239 132 371
diningtable 0.0021 199 199 280 350
diningtable 0.0021 240 204 417 337
diningtable 0.0020 96 284 421 375
diningtable 0.0020 45 149 95 234
diningtable 0.0019 223 120 298 195
diningtable 0.0019 179 109 260 200
diningtable 0.0018 365 247 495 373
diningtable 0.0015 145 130 278 319
diningtable 0.0012 438 195 498 355
diningtable 0.0012 68 122 267 260
diningtable 0.0011 475 144 500 282
diningtable 0.0010 217 114 263 198
diningtable 0.0010 219 152 443 372
diningtable 0.0010 415 112 500 283
dog 0.0021 59 149 102 235
dog 0.0017 217 114 263 198
dog 0.0014 67 151 96 195
dog 0.0011 30 100 76 150
dog 0.0011 215 138 264 252
person 0.9712 25 120 254 361
person 0.8555 243 112 308 279
person 0.7640 19 81 75 193
person 0.5267 292 84 416 278
person 0.0949 239 159 287 270
person 0.0916 202 124 278 271
person 0.0659 217 114 263 198
person 0.0594 475 120 499 274
person 0.0539 59 140 103 219
person 0.0492 215 138 264 252
person 0.0465 236 127 290 228
person 0.0431 129 141 166 172
person 0.0425 178 110 262 312
person 0.0339 23 83 99 234
person 0.0317 252 117 305 201
person 0.0255 215 155 238 190
person 0.0239 179 109 260 200
person 0.0231 110 111 303 354
person 0.0212 443 106 498 286
person 0.0199 45 149 95 234
person 0.0196 372 140 399 169
person 0.0192 67 151 96 195
person 0.0192 -2 80 70 236
person 0.0177 242 144 269 200
person 0.0173 233 149 258 194
person 0.0160 125 141 167 211
person 0.0151 477 9 500 227
person 0.0151 224 153 246 192
person 0.0150 27 118 72 232
person 0.0149 232 131 259 178
person 0.0125 39 107 86 212
person 0.0121 37 87 82 160
person 0.0116 474 171 500 333
person 0.0112 134 146 159 164
person 0.0109 228 159 242 186
person 0.0108 48 102 76 150
person 0.0101 488 101 499 187
person 0.0094 446 190 499 284
person 0.0083 219 148 303 248
person 0.0077 216 93 257 149
person 0.0076 244 134 260 155
person 0.0073 223 121 252 167
person 0.0070 236 169 253 192
person 0.0069 268 117 296 153
person 0.0060 202 107 375 268
person 0.0057 195 124 252 226
person 0.0056 227 168 243 193
person 0.0050 438 195 498 355
person 0.0048 198 106 253 177
person 0.0045 59 148 84 197
person 0.0042 213 161 255 201
person 0.0039 82 158 96 184
person 0.0039 68 122 267 260
person 0.0038 245 171 263 191
person 0.0038 81 153 97 174
person 0.0034 53 138 164 340
person 0.0034 23 70 72 145
person 0.0033 127 120 242 322
person 0.0032 448 -8 500 324
person 0.0029 -1 146 24 244
person 0.0028 138 149 157 170
person 0.0028 60 162 86 222
person 0.0027 72 153 91 173
person 0.0025 372 137 391 153
person 0.0025 78 155 99 206
person 0.0025 81 143 167 207
person 0.0023 232 117 256 156
person 0.0023 218 168 235 192
person 0.0023 65 122 79 144
person 0.0022 253 129 338 292
person 0.0021 267 121 320 231
person 0.0021 361 139 400 185
person 0.0021 237 161 253 185
person 0.0020 471 -42 499 316
person 0.0019 237 132 254 155
person 0.0019 240 130 262 162
person 0.0019 49 119 75 168
person 0.0018 -5 86 137 380
person 0.0018 9 88 60 159
person 0.0018 48 140 75 186
person 0.0017 75 149 101 180
person 0.0016 476 112 500 177
person 0.0016 3 85 22 144
person 0.0016 249 160 274 202
person 0.0015 72 127 91 142
person 0.0015 49 158 94 205
person 0.0015 3 40 21 111
person 0.0014 219 170 268 210
person 0.0014 40 159 67 208
person 0.0013 212 163 241 215
person 0.0013 18 233 254 374
person 0.0012 270 123 294 143
person 0.0012 0 159 21 350
person 0.0011 264 108 302 146
person 0.0011 29 140 107 333
person 0.0011 466 117 501 391
person 0.0011 274 105 294 121
person 0.0011 239 169 285 210
person 0.0011 182 105 313 213
person 0.0010 291 104 314 143
pottedplant 0.1397 272 95 295 116
pottedplant 0.0934 265 91 302 118
pottedplant 0.0426 217 95 237 116
pottedplant 0.0349 225 94 246 116
pottedplant 0.0342 215 90 255 120
pottedplant 0.0327 217 104 237 123
pottedplant 0.0279 262 94 288 114
pottedplant 0.0263 234 93 253 116
pottedplant 0.0211 227 89 280 120
pottedplant 0.0177 234 88 253 106
pottedplant 0.0177 274 105 294 121
pottedplant 0.0171 226 103 245 124
pottedplant 0.0160 282 95 303 115
pottedplant 0.0131 206 100 247 128
pottedplant 0.0124 269 83 296 113
pottedplant 0.0121 222 96 249 132
pottedplant 0.0087 216 93 257 149
pottedplant 0.0052 234 103 252 124
pottedplant 0.0051 265 89 286 107
pottedplant 0.0043 285 104 300 121
pottedplant 0.0038 263 100 302 128
pottedplant 0.0036 222 85 266 110
pottedplant 0.0033 277 78 304 116
pottedplant 0.0030 295 105 309 123
pottedplant 0.0022 251 86 294 111
pottedplant 0.0020 227 113 245 132
pottedplant 0.0016 294 94 308 116
pottedplant 0.0014 490 83 500 168
pottedplant 0.0014 225 89 245 107
pottedplant 0.0014 475 120 499 274
pottedplant 0.0012 264 105 286 120
pottedplant 0.0011 237 98 288 128
pottedplant 0.0011 240 96 265 113
pottedplant 0.0011 236 114 252 133
pottedplant 0.0010 477 9 500 227
pottedplant 0.0010 222 96 298 145
sofa 0.0142 445 207 499 294
sofa 0.0118 434 148 499 320
sofa 0.0091 -1 146 24 244
sofa 0.0042 475 120 499 274
sofa 0.0038 220 139 297 281
sofa 0.0019 179 109 260 200
sofa 0.0016 223 120 298 195
sofa 0.0014 42 128 278 374
sofa 0.0014 474 193 500 354
sofa 0.0012 32 154 103 233
sofa 0.0011 18 233 254 374
tvmonitor 0.0177 -1 146 24 244
tvmonitor 0.0114 116 142 163 170
tvmonitor 0.0039 268 117 296 153
tvmonitor 0.0024 475 120 499 274
tvmonitor 0.0020 1 99 22 148
tvmonitor 0.0017 0 134 24 196
tvmonitor 0.0015 445 207 499 294
tvmonitor 0.0014 484 182 500 263
tvmonitor 0.0013 0 80 11 150
tvmonitor 0.0011 0 126 11 218
