bicycle 0.0052 -2 168 47 372
bicycle 0.0022 0 206 29 377
bottle 0.0024 -1 187 7 310
bottle 0.0010 0 206 29 377
cat 0.0027 314 186 432 351
cat 0.0027 320 198 404 277
chair 0.0388 -1 144 50 367
chair 0.0261 0 206 29 377
chair 0.0051 66 119 105 199
chair 0.0033 0 281 40 370
chair 0.0026 70 152 110 189
chair 0.0024 268 127 298 214
chair 0.0010 -2 167 48 265
cow 0.0307 314 171 466 339
diningtable 0.0016 0 212 41 372
dog 0.1393 303 169 444 336
dog 0.0405 320 198 404 277
dog 0.0073 -2 168 47 372
dog 0.0033 0 206 29 377
dog 0.0010 289 208 389 292
horse 0.0057 -2 168 47 372
horse 0.0032 314 171 431 335
horse 0.0012 0 206 29 377
person 0.7350 120 64 238 287
person 0.1093 -1 144 50 367
person 0.0430 0 171 28 376
person 0.0172 268 122 297 204
person 0.0078 -1 179 6 297
person 0.0050 -2 167 48 265
person 0.0033 0 142 27 294
person 0.0017 103 56 189 293
person 0.0014 0 75 52 290
person 0.0012 272 126 313 221
person 0.0010 0 22 34 377
pottedplant 0.0012 268 127 298 214
pottedplant 0.0010 -1 144 50 367
sheep 0.0094 301 150 440 319
sofa 0.0044 -1 144 50 367
sofa 0.0016 0 245 29 374
