aeroplane 0.0067 387 74 493 162
bus 0.0050 184 97 211 136
bus 0.0019 174 92 219 124
bus 0.0015 187 107 209 124
bus 0.0012 394 74 501 163
car 0.0051 389 81 409 92
car 0.0041 187 107 209 124
car 0.0021 399 81 416 93
car 0.0015 188 100 207 117
car 0.0010 176 100 218 133
person 0.0124 345 114 356 138
person 0.0058 394 121 404 150
person 0.0023 -12 -168 99 26
person 0.0021 442 122 453 149
person 0.0016 278 94 288 121
person 0.0014 336 115 348 137
person 0.0013 394 117 404 138
person 0.0011 450 118 460 152
train 0.9858 192 54 389 173
train 0.9007 394 74 501 163
train 0.8941 0 47 207 164
train 0.0160 235 62 472 157
train 0.0118 180 62 221 146
train 0.0053 360 77 472 155
train 0.0048 398 -8 503 182
train 0.0039 328 80 416 158
train 0.0038 183 18 449 201
train 0.0033 176 100 218 133
train 0.0032 402 75 457 155
train 0.0025 101 88 218 153
train 0.0019 35 117 221 160
train 0.0017 137 65 223 142
train 0.0016 443 82 501 155
train 0.0011 287 66 417 142
