aeroplane 0.9264 25 63 466 260
aeroplane 0.3121 32 99 309 240
aeroplane 0.0560 5 110 182 230
aeroplane 0.0099 0 118 98 206
aeroplane 0.0089 161 63 415 216
aeroplane 0.0085 256 53 478 287
aeroplane 0.0083 10 211 58 243
aeroplane 0.0077 303 132 495 281
aeroplane 0.0047 1 196 95 246
aeroplane 0.0040 399 114 438 143
aeroplane 0.0035 170 52 411 148
aeroplane 0.0019 14 152 253 245
aeroplane 0.0017 55 113 191 179
aeroplane 0.0016 35 116 144 199
aeroplane 0.0016 47 152 449 252
aeroplane 0.0015 233 61 327 230
aeroplane 0.0010 4 176 122 237
boat 0.0014 10 211 58 243
boat 0.0010 303 132 495 281
bus 0.0037 472 145 500 261
bus 0.0028 458 140 493 266
bus 0.0013 10 211 58 243
car 0.0069 470 197 498 256
car 0.0054 472 145 500 261
car 0.0018 458 163 491 274
car 0.0012 10 211 58 243
car 0.0010 464 175 482 239
person 0.0016 471 166 482 191
person 0.0014 472 156 483 182
train 0.0035 10 211 58 243
train 0.0011 472 145 500 261
