aeroplane 0.0012 404 173 503 254
bicycle 0.9995 46 58 360 289
bicycle 0.0021 384 150 496 257
bird 0.0025 393 155 476 236
boat 0.0037 404 173 503 254
bottle 0.0014 195 150 220 189
bottle 0.0010 199 158 216 182
car 0.1570 410 196 504 260
car 0.0056 410 161 504 302
car 0.0054 439 172 500 255
car 0.0015 402 156 501 235
car 0.0013 424 212 501 282
car 0.0012 489 157 500 244
car 0.0012 472 169 500 258
car 0.0010 432 182 497 363
chair 0.0012 384 150 496 257
dog 0.0010 393 155 476 236
motorbike 0.0312 404 173 503 254
person 0.0148 402 156 501 235
person 0.0033 489 157 500 244
person 0.0032 2 -87 173 258
person 0.0030 439 172 500 255
person 0.0021 475 173 500 227
person 0.0011 60 15 350 274
person 0.0010 442 143 499 217
pottedplant 0.0111 393 155 476 236
pottedplant 0.0052 406 146 500 214
pottedplant 0.0020 451 137 499 185
pottedplant 0.0019 476 146 501 196
pottedplant 0.0019 445 116 499 207
pottedplant 0.0018 195 150 220 189
pottedplant 0.0014 405 69 505 236
pottedplant 0.0010 490 133 501 211
sheep 0.0021 393 155 476 236
