bird 0.0013 140 149 260 263
bird 0.0011 485 160 498 243
car 0.9272 179 92 287 175
car 0.0098 153 88 258 149
car 0.0054 255 102 293 175
car 0.0050 174 77 269 135
car 0.0044 226 66 250 86
car 0.0028 236 98 282 175
car 0.0017 217 65 256 90
car 0.0014 190 59 262 90
cat 0.0085 140 149 260 263
cow 0.0045 366 167 448 269
cow 0.0035 141 157 251 262
dog 0.0102 140 149 260 263
motorbike 0.0010 262 107 288 175
person 0.0044 262 107 288 175
sheep 0.9814 366 167 448 269
sheep 0.5351 141 157 251 262
sheep 0.0093 485 160 498 243
sheep 0.0064 477 171 502 228
sheep 0.0044 476 159 501 264
sheep 0.0015 475 179 500 325
