car 0.9953 -15 58 327 519
car 0.0660 139 21 168 65
car 0.0087 133 23 191 60
car 0.0079 10 49 356 288
car 0.0075 -33 0 325 102
car 0.0036 230 56 310 113
car 0.0029 1 68 230 349
car 0.0028 107 5 244 58
car 0.0019 11 40 364 144
car 0.0016 28 2 211 59
car 0.0016 53 -2 393 64
car 0.0015 -2 95 148 261
car 0.0015 -2 -2 146 118
car 0.0014 93 149 343 495
car 0.0013 19 126 203 290
car 0.0011 130 21 175 50
car 0.0011 35 61 333 190
motorbike 0.0171 10 53 354 376
motorbike 0.0038 230 56 310 113
person 0.0167 320 261 337 340
