aeroplane 0.0020 328 224 350 234
aeroplane 0.0018 141 228 194 249
aeroplane 0.0018 188 224 207 237
aeroplane 0.0013 197 224 216 235
aeroplane 0.0012 161 219 212 243
aeroplane 0.0011 154 232 180 245
aeroplane 0.0010 208 224 225 236
boat 0.0572 141 228 194 249
boat 0.0181 147 220 205 245
boat 0.0128 213 217 256 241
boat 0.0104 154 232 180 245
boat 0.0072 136 233 161 246
boat 0.0070 197 224 216 235
boat 0.0060 188 224 207 237
boat 0.0054 126 229 172 249
boat 0.0053 163 232 190 244
boat 0.0052 208 224 225 236
boat 0.0050 143 232 172 245
boat 0.0044 216 223 234 238
boat 0.0036 120 223 139 240
boat 0.0035 222 221 249 236
boat 0.0033 157 226 215 249
boat 0.0017 177 225 199 239
boat 0.0017 232 221 256 233
boat 0.0016 130 193 201 250
boat 0.0014 128 220 185 245
boat 0.0011 209 220 259 258
boat 0.0011 138 227 157 240
bus 0.0129 216 223 234 238
bus 0.0073 208 224 225 236
bus 0.0064 147 220 205 245
bus 0.0045 197 224 216 235
bus 0.0034 203 218 249 242
bus 0.0021 188 224 207 237
bus 0.0015 222 221 249 236
bus 0.0014 136 233 161 246
bus 0.0014 133 229 183 250
bus 0.0011 211 214 256 234
car 0.0410 216 223 234 238
car 0.0403 208 224 225 236
car 0.0338 197 224 216 235
car 0.0174 222 221 249 236
car 0.0128 188 224 207 237
car 0.0095 213 217 256 241
car 0.0068 328 224 350 234
car 0.0050 136 233 161 246
car 0.0046 231 218 256 229
car 0.0020 261 217 283 226
car 0.0020 255 218 273 226
car 0.0019 211 229 225 244
car 0.0018 177 225 199 239
car 0.0018 143 232 172 245
car 0.0017 154 232 180 245
car 0.0012 14 220 36 237
car 0.0012 218 228 231 248
car 0.0010 133 229 183 250
person 0.0167 307 234 318 267
person 0.0026 154 232 180 245
person 0.0022 216 223 234 238
person 0.0022 208 224 225 236
person 0.0021 197 224 216 235
person 0.0020 136 233 161 246
person 0.0018 188 224 207 237
person 0.0017 218 228 231 248
person 0.0013 218 238 231 260
person 0.0010 143 232 172 245
person 0.0010 309 245 319 271
person 0.0010 138 227 157 240
person 0.0010 120 223 139 240
person 0.0010 14 220 36 237
person 0.0010 211 229 225 244
train 0.0098 213 217 256 241
train 0.0088 147 220 205 245
train 0.0073 133 229 183 250
train 0.0021 197 224 216 235
train 0.0020 130 193 201 250
train 0.0019 208 224 225 236
train 0.0018 193 219 237 241
train 0.0016 216 223 234 238
train 0.0013 209 220 259 258
train 0.0010 157 226 215 249
