bicycle 0.7826 -6 103 50 208
bicycle 0.0290 0 46 27 191
bicycle 0.0021 -10 65 95 204
bicycle 0.0016 412 64 497 244
bottle 0.0012 463 100 485 145
bus 0.0016 137 48 302 104
car 0.9992 74 44 415 273
car 0.0900 83 31 346 128
car 0.0185 94 56 145 131
car 0.0110 137 48 302 104
car 0.0076 60 44 148 229
car 0.0058 72 38 215 145
car 0.0041 94 55 193 131
car 0.0016 454 43 496 84
car 0.0015 178 38 338 89
car 0.0015 282 29 302 46
car 0.0015 438 34 494 76
car 0.0012 298 32 415 244
car 0.0010 208 -3 310 44
motorbike 0.1480 -6 103 50 208
motorbike 0.0065 60 44 148 229
motorbike 0.0026 73 68 419 305
motorbike 0.0019 0 46 27 191
person 0.0049 0 14 21 187
person 0.0047 282 29 302 46
person 0.0042 135 40 311 91
person 0.0023 472 42 497 85
person 0.0022 453 34 497 77
person 0.0010 481 0 501 194
person 0.0010 432 21 467 136
pottedplant 0.0027 463 100 485 145
