bottle 0.0212 2 163 22 238
bottle 0.0137 0 159 11 242
bottle 0.0045 11 178 31 242
bottle 0.0028 0 129 10 217
chair 0.9165 112 135 333 374
chair 0.8878 300 143 451 372
chair 0.7303 94 117 190 318
chair 0.6560 256 108 329 166
chair 0.1436 254 114 338 286
chair 0.0942 181 129 463 357
chair 0.0226 282 113 384 321
chair 0.0169 -1 254 23 374
chair 0.0057 84 118 254 351
chair 0.0035 163 203 320 382
chair 0.0027 0 262 10 390
chair 0.0019 224 129 333 345
chair 0.0013 102 165 213 366
chair 0.0010 290 125 341 266
chair 0.0010 0 159 11 242
diningtable 0.9774 128 138 432 377
diningtable 0.0460 159 138 336 339
diningtable 0.0231 291 136 456 372
diningtable 0.0017 83 136 262 371
diningtable 0.0017 256 108 329 166
diningtable 0.0016 266 113 366 288
diningtable 0.0011 21 80 479 431
person 0.0042 103 122 338 358
sofa 0.0076 103 122 338 358
tvmonitor 0.9817 15 109 91 199
tvmonitor 0.0084 0 112 27 209
tvmonitor 0.0021 3 106 22 184
tvmonitor 0.0010 0 105 10 184
