bus 0.9998 88 26 478 324
bus 0.0410 472 122 500 234
bus 0.0140 478 166 500 220
bus 0.0062 484 177 501 246
bus 0.0024 476 150 498 198
bus 0.0011 456 99 498 223
bus 0.0011 89 58 199 294
car 0.6076 477 175 500 227
car 0.0192 488 180 500 207
car 0.0079 477 155 498 212
car 0.0045 473 161 500 255
car 0.0042 488 178 499 259
car 0.0040 477 178 500 204
car 0.0026 487 190 500 227
car 0.0023 477 189 498 245
car 0.0014 488 170 500 199
car 0.0012 453 187 502 230
car 0.0011 477 165 496 183
person 0.1969 201 100 241 177
person 0.0605 194 109 220 159
person 0.0426 187 101 227 174
person 0.0234 227 103 244 163
person 0.0198 213 101 256 177
person 0.0099 201 99 229 152
person 0.0086 212 98 238 153
person 0.0069 196 92 219 143
person 0.0066 136 100 161 149
person 0.0046 233 101 254 166
person 0.0030 449 207 464 267
person 0.0024 227 128 245 174
person 0.0024 484 177 501 246
person 0.0023 178 95 258 158
person 0.0017 235 97 280 178
person 0.0013 144 97 169 149
person 0.0012 481 147 500 363
person 0.0012 212 127 238 177
train 0.0020 473 99 500 221
train 0.0012 477 155 498 212
