bus 0.9998 7 -2 485 325
bus 0.1443 215 18 494 301
bus 0.0060 0 53 21 224
bus 0.0048 -3 20 202 317
bus 0.0046 360 20 497 314
bus 0.0029 40 108 135 173
bus 0.0013 0 59 61 335
bus 0.0011 2 122 24 186
bus 0.0011 476 80 499 201
bus 0.0011 401 86 499 245
car 0.0064 475 213 499 336
car 0.0038 475 257 500 317
car 0.0037 487 112 499 198
car 0.0035 488 245 500 330
car 0.0030 402 114 494 349
car 0.0027 26 141 79 168
car 0.0020 478 126 498 184
car 0.0016 -2 182 90 351
car 0.0013 473 125 499 300
car 0.0011 16 144 116 204
car 0.0011 449 220 499 331
car 0.0011 352 286 435 334
motorbike 0.0020 475 171 499 335
person 0.9513 399 96 491 336
person 0.6462 96 105 151 183
person 0.4548 472 126 499 271
person 0.0529 84 117 135 190
person 0.0430 96 117 181 196
person 0.0283 447 116 502 320
person 0.0240 83 96 162 214
person 0.0184 76 141 124 184
person 0.0158 95 115 125 170
person 0.0147 433 105 461 143
person 0.0128 487 116 499 212
person 0.0125 50 163 70 182
person 0.0117 475 171 499 335
person 0.0113 45 164 63 184
person 0.0096 476 102 499 219
person 0.0079 62 152 120 190
person 0.0078 490 149 499 273
person 0.0072 44 127 130 191
person 0.0059 48 141 163 204
person 0.0052 134 121 189 195
person 0.0050 454 118 497 246
person 0.0042 472 77 497 381
person 0.0042 122 128 154 179
person 0.0041 103 110 132 159
person 0.0041 46 156 72 187
person 0.0038 444 116 487 153
person 0.0033 201 112 240 206
person 0.0030 395 125 482 229
person 0.0027 115 85 163 166
person 0.0026 399 123 436 233
person 0.0026 444 114 465 133
person 0.0025 42 155 100 186
person 0.0021 32 146 90 181
person 0.0020 377 103 461 296
person 0.0020 117 107 203 180
person 0.0018 36 163 87 195
person 0.0016 435 112 458 133
person 0.0015 424 100 468 134
person 0.0015 317 124 340 161
person 0.0015 315 123 330 145
person 0.0014 94 103 186 249
person 0.0014 1 26 23 88
person 0.0013 217 124 260 228
person 0.0011 478 126 498 184
person 0.0011 241 126 279 227
person 0.0011 53 147 110 179
person 0.0011 490 201 499 295
person 0.0011 111 129 166 212
person 0.0010 86 132 117 173
person 0.0010 394 165 429 305
