bottle 0.0230 104 120 117 145
bottle 0.0030 294 114 310 133
bottle 0.0024 93 125 111 143
bottle 0.0013 45 116 64 154
bottle 0.0010 47 123 97 146
car 0.0011 152 84 204 127
chair 0.0093 0 315 22 378
chair 0.0062 269 115 297 133
chair 0.0043 0 321 13 386
chair 0.0040 208 175 474 341
chair 0.0035 294 114 310 133
chair 0.0023 272 112 312 134
chair 0.0016 269 96 296 133
chair 0.0015 473 250 500 376
chair 0.0013 280 116 305 133
person 0.0011 0 307 13 384
pottedplant 0.0449 47 123 97 146
pottedplant 0.0155 294 114 310 133
pottedplant 0.0138 285 70 388 132
pottedplant 0.0105 288 82 312 128
pottedplant 0.0080 282 73 301 118
pottedplant 0.0056 297 84 323 125
pottedplant 0.0043 269 115 297 133
pottedplant 0.0031 104 120 117 145
pottedplant 0.0023 29 127 94 156
pottedplant 0.0020 45 116 64 154
pottedplant 0.0019 269 96 296 133
pottedplant 0.0017 289 68 341 134
pottedplant 0.0016 321 108 337 125
pottedplant 0.0016 308 84 333 126
pottedplant 0.0015 284 82 299 110
pottedplant 0.0015 280 116 305 133
pottedplant 0.0014 293 106 310 128
pottedplant 0.0014 276 69 320 132
pottedplant 0.0014 300 95 321 118
pottedplant 0.0011 291 93 310 119
pottedplant 0.0010 272 112 312 134
sofa 0.9984 213 162 490 369
sofa 0.0015 152 84 204 127
tvmonitor 0.5487 152 84 204 127
tvmonitor 0.0029 0 315 22 378
tvmonitor 0.0028 143 87 172 140
tvmonitor 0.0024 472 279 500 378
tvmonitor 0.0012 147 103 206 142
tvmonitor 0.0012 269 115 297 133
