person 0.9207 50 213 132 330
person 0.0112 214 192 232 230
person 0.0106 208 160 224 185
person 0.0105 217 203 230 234
person 0.0090 200 162 216 185
person 0.0071 76 214 103 245
person 0.0063 213 205 225 233
person 0.0055 136 198 156 238
person 0.0054 196 156 220 192
person 0.0029 134 195 147 224
person 0.0028 62 216 77 239
person 0.0028 204 159 226 199
person 0.0024 98 222 143 322
person 0.0023 130 202 151 255
person 0.0021 56 218 68 238
person 0.0020 122 220 141 293
person 0.0015 218 212 228 240
person 0.0015 180 198 192 219
person 0.0013 138 195 155 224
person 0.0010 218 190 231 215
person 0.0010 367 158 392 206
train 0.9986 127 117 504 299
train 0.0076 32 27 494 323
