aeroplane 0.0190 3 202 43 235
aeroplane 0.0023 284 5 322 34
aeroplane 0.0011 48 174 112 207
bird 0.0134 3 202 43 235
bird 0.0045 329 74 422 132
bird 0.0023 349 88 389 119
bird 0.0015 0 177 50 244
bird 0.0012 346 80 371 114
boat 0.9993 4 7 497 327
boat 0.0039 341 72 440 132
boat 0.0037 0 160 49 234
boat 0.0025 284 5 322 34
boat 0.0013 289 -2 500 331
boat 0.0012 309 -5 491 123
boat 0.0010 -4 164 92 234
person 0.0212 226 222 246 237
person 0.0154 378 157 394 181
person 0.0141 209 219 222 235
person 0.0122 235 220 253 238
person 0.0110 427 176 452 207
person 0.0062 216 221 234 235
person 0.0041 372 159 389 183
person 0.0016 368 156 393 201
person 0.0013 329 74 422 132
person 0.0011 383 158 395 174
person 0.0011 214 218 256 240
