aeroplane 0.0068 262 35 376 83
aeroplane 0.0024 300 47 378 80
aeroplane 0.0017 323 55 380 76
aeroplane 0.0016 282 48 341 79
bird 0.0237 262 35 376 83
bird 0.0019 390 -106 513 71
bird 0.0013 295 39 349 74
boat 0.0023 262 35 376 83
boat 0.0016 119 39 448 121
cow 0.0017 179 124 289 263
dog 0.7718 179 124 289 263
horse 0.0121 179 124 289 263
person 0.0210 372 120 384 141
person 0.0040 365 120 378 142
person 0.0034 474 55 497 112
person 0.0017 465 60 485 105
person 0.0010 490 39 500 130
person 0.0010 469 68 481 98
