bus 0.9995 43 42 466 387
bus 0.0044 440 162 501 383
bus 0.0044 228 56 489 371
bus 0.0032 454 193 494 316
bus 0.0024 151 146 253 212
bus 0.0017 365 59 498 377
bus 0.0014 474 172 499 335
bus 0.0012 409 113 494 356
bus 0.0010 370 147 458 362
car 0.0010 440 162 501 383
person 0.0415 378 238 398 276
person 0.0165 392 160 428 273
person 0.0125 189 183 289 252
person 0.0100 372 160 417 272
person 0.0091 217 197 271 241
person 0.0085 170 149 268 213
person 0.0075 297 194 340 277
person 0.0072 353 135 437 301
person 0.0065 215 162 266 234
person 0.0059 418 202 448 309
person 0.0047 475 179 493 240
person 0.0044 215 162 273 200
person 0.0041 353 160 398 271
person 0.0037 207 201 308 267
person 0.0036 468 175 485 231
person 0.0031 190 161 242 203
person 0.0028 200 154 251 193
person 0.0027 176 144 228 215
person 0.0027 372 132 414 225
person 0.0025 232 160 284 237
person 0.0025 356 133 398 223
person 0.0023 148 185 255 245
person 0.0022 219 157 247 191
person 0.0022 415 234 440 300
person 0.0021 170 212 222 246
person 0.0020 112 207 252 264
person 0.0019 204 212 266 246
person 0.0019 228 183 325 255
person 0.0018 370 147 458 362
person 0.0018 143 188 192 216
person 0.0018 207 191 262 230
person 0.0017 157 194 180 212
person 0.0016 155 164 248 230
person 0.0016 415 227 438 272
person 0.0016 455 177 493 296
person 0.0015 149 200 206 241
person 0.0014 239 200 290 243
person 0.0013 164 142 188 188
person 0.0013 298 153 339 243
person 0.0013 156 140 206 212
person 0.0012 310 168 357 266
person 0.0011 271 196 326 275
person 0.0010 193 153 220 194
person 0.0010 393 202 437 309
person 0.0010 396 157 420 205
person 0.0010 416 166 449 270
