bicycle 0.0020 288 145 368 313
bicycle 0.0013 442 165 455 193
bird 0.0019 314 224 355 324
car 0.0196 488 178 500 198
car 0.0128 478 172 499 191
car 0.0048 98 153 122 173
car 0.0038 485 157 500 204
car 0.0034 116 161 141 176
car 0.0021 443 168 464 189
car 0.0016 90 151 131 177
car 0.0015 105 147 154 180
car 0.0011 442 165 455 193
cow 0.0502 273 145 356 310
cow 0.0055 62 136 81 187
cow 0.0017 314 224 355 324
cow 0.0011 95 159 122 177
dog 0.0180 273 145 356 310
dog 0.0071 314 224 355 324
horse 0.7181 273 145 356 310
horse 0.0066 62 136 81 187
horse 0.0059 277 163 324 292
horse 0.0014 312 191 355 316
motorbike 0.0018 273 145 356 310
motorbike 0.0010 442 165 455 193
person 0.0766 62 136 81 187
person 0.0099 271 136 356 297
person 0.0088 442 165 455 193
person 0.0028 284 197 302 281
person 0.0027 278 143 326 283
person 0.0026 314 224 355 324
person 0.0018 98 153 122 173
person 0.0013 141 150 154 173
sheep 0.0021 314 224 355 324
