bottle 0.0010 266 171 279 190
bus 0.9999 17 54 463 291
bus 0.0048 9 103 42 203
bus 0.0047 2 132 25 181
bus 0.0037 13 137 31 195
bus 0.0026 212 118 306 178
bus 0.0018 7 147 21 166
bus 0.0017 -1 104 24 203
bus 0.0017 306 122 400 187
bus 0.0014 24 90 165 245
car 0.0017 5 154 21 175
car 0.0015 -1 116 9 138
car 0.0014 -1 155 11 175
car 0.0014 7 147 21 166
car 0.0011 212 163 258 184
person 0.7837 449 147 468 221
person 0.5851 296 122 327 170
person 0.4503 264 128 285 182
person 0.0402 296 127 333 195
person 0.0375 294 126 316 181
person 0.0307 280 118 328 184
person 0.0244 306 120 355 188
person 0.0213 269 134 292 188
person 0.0210 265 166 281 188
person 0.0191 442 143 466 262
person 0.0189 255 130 276 182
person 0.0171 456 154 471 226
person 0.0145 248 130 263 180
person 0.0140 271 126 290 169
person 0.0119 361 125 380 165
person 0.0117 367 122 392 169
person 0.0112 488 169 499 257
person 0.0094 294 98 338 179
person 0.0092 363 123 378 150
person 0.0078 268 129 282 162
person 0.0071 258 121 300 181
person 0.0070 368 145 392 182
person 0.0069 216 165 234 182
person 0.0067 250 133 260 156
person 0.0061 375 117 398 154
person 0.0061 222 166 245 183
person 0.0054 370 122 388 149
person 0.0049 315 125 344 169
person 0.0048 302 124 321 150
person 0.0047 306 119 332 160
person 0.0035 327 121 377 188
person 0.0031 293 141 346 183
person 0.0031 247 167 261 184
person 0.0022 354 119 397 187
person 0.0022 297 131 312 161
person 0.0020 441 146 461 219
person 0.0020 232 167 254 182
person 0.0019 451 147 465 178
person 0.0019 254 140 291 184
person 0.0018 380 120 395 136
person 0.0018 258 132 273 158
person 0.0018 236 118 324 178
person 0.0016 258 129 272 146
person 0.0015 302 132 320 158
person 0.0015 373 130 400 178
person 0.0015 300 108 324 151
person 0.0014 296 152 324 193
person 0.0014 249 129 260 147
person 0.0014 272 166 290 187
person 0.0014 212 163 258 184
person 0.0013 365 116 412 153
person 0.0012 321 120 427 184
person 0.0012 256 167 274 186
person 0.0011 188 144 205 169
person 0.0011 370 131 388 158
person 0.0010 7 147 21 166
person 0.0010 266 149 282 181
person 0.0010 21 171 30 199
person 0.0010 127 121 148 169
person 0.0010 291 156 350 193
train 0.0021 2 132 25 181
train 0.0010 11 126 32 186
