bottle 0.0391 11 299 22 325
bottle 0.0067 2 300 14 327
bottle 0.0059 19 298 33 325
bottle 0.0029 16 293 36 331
bottle 0.0025 159 350 182 409
bottle 0.0017 6 296 27 344
bottle 0.0016 0 297 17 345
bottle 0.0012 169 358 190 417
bottle 0.0012 -6 0 20 15
chair 0.8668 141 281 244 341
chair 0.5237 -1 437 88 497
chair 0.5120 34 330 359 503
chair 0.0873 0 447 161 499
chair 0.0589 -3 413 50 500
chair 0.0363 4 374 176 497
chair 0.0141 274 353 339 384
chair 0.0132 -2 448 21 500
chair 0.0077 -5 451 43 498
chair 0.0071 160 452 349 500
chair 0.0066 150 365 325 501
chair 0.0060 105 471 325 500
chair 0.0056 -77 446 42 495
chair 0.0049 3 469 197 499
chair 0.0044 40 453 232 499
chair 0.0043 -16 459 104 503
chair 0.0040 25 454 85 498
chair 0.0035 -1 396 80 479
chair 0.0032 151 288 210 337
chair 0.0028 -1 347 31 391
chair 0.0026 -2 470 75 498
chair 0.0023 28 471 103 498
chair 0.0021 247 357 331 504
chair 0.0021 163 283 294 346
chair 0.0019 0 301 17 357
chair 0.0017 167 342 341 402
chair 0.0016 130 291 251 423
chair 0.0016 238 444 342 497
chair 0.0015 -29 310 211 496
chair 0.0014 245 346 328 378
chair 0.0013 269 365 342 392
chair 0.0012 207 331 340 383
chair 0.0012 -11 435 268 499
chair 0.0012 187 475 289 499
chair 0.0011 4 301 160 401
chair 0.0011 -2 318 39 389
chair 0.0010 -12 434 27 496
chair 0.0010 87 475 178 498
diningtable 0.9797 -7 346 349 503
diningtable 0.0094 -8 442 122 499
diningtable 0.0025 2 450 49 500
diningtable 0.0023 -77 446 42 495
diningtable 0.0013 105 471 325 500
diningtable 0.0010 24 448 177 499
diningtable 0.0010 137 282 228 340
pottedplant 0.3552 54 242 135 310
pottedplant 0.3256 18 263 149 380
pottedplant 0.1077 45 305 149 398
pottedplant 0.0336 31 294 85 384
pottedplant 0.0144 227 223 319 365
pottedplant 0.0098 23 310 67 391
pottedplant 0.0036 22 286 105 357
pottedplant 0.0031 67 248 120 296
pottedplant 0.0026 14 311 240 410
pottedplant 0.0025 52 306 100 393
pottedplant 0.0020 -1 298 38 377
pottedplant 0.0020 32 303 58 357
pottedplant 0.0019 11 299 22 325
pottedplant 0.0017 47 283 274 368
pottedplant 0.0013 78 259 128 303
pottedplant 0.0013 228 205 315 271
pottedplant 0.0013 22 300 69 342
sofa 0.0010 34 330 359 503
