bird 0.0014 271 310 332 386
boat 0.9982 46 7 322 415
boat 0.1395 264 313 338 385
boat 0.0032 240 337 338 400
boat 0.0019 177 338 318 407
boat 0.0016 296 332 346 370
boat 0.0010 139 320 376 413
car 0.0034 280 329 342 372
person 0.7259 258 311 329 376
person 0.0128 280 329 342 372
person 0.0122 278 306 308 357
person 0.0047 322 328 336 352
person 0.0030 251 310 297 373
person 0.0020 309 323 336 360
person 0.0019 297 311 339 370
person 0.0018 250 301 335 410
person 0.0013 226 355 237 381
person 0.0010 312 329 333 349
tvmonitor 0.0017 280 329 342 372
