bicycle 0.0167 283 100 413 217
bicycle 0.0052 475 143 499 245
bicycle 0.0048 194 92 401 220
bicycle 0.0046 74 43 344 276
bicycle 0.0039 25 89 58 233
bicycle 0.0034 33 73 103 236
bicycle 0.0019 59 113 101 242
bicycle 0.0011 185 105 297 256
bottle 0.0661 52 70 71 123
bottle 0.0056 61 75 78 132
bottle 0.0048 55 79 68 113
bottle 0.0027 26 64 59 214
bottle 0.0026 46 67 65 124
bottle 0.0020 49 88 60 122
bottle 0.0015 63 101 76 126
bottle 0.0013 64 86 75 123
car 0.0198 33 73 103 236
car 0.0057 475 143 499 245
car 0.0044 25 89 58 233
car 0.0042 13 45 78 229
car 0.0015 487 148 500 237
car 0.0014 259 96 408 219
car 0.0013 74 43 344 276
car 0.0013 198 59 247 146
car 0.0012 60 61 100 220
car 0.0011 26 43 110 120
cow 0.0015 240 29 319 92
horse 0.0029 240 29 319 92
motorbike 0.8892 63 78 348 280
motorbike 0.8692 259 96 408 219
motorbike 0.1294 33 73 103 236
motorbike 0.0512 174 84 339 232
motorbike 0.0283 25 89 58 233
motorbike 0.0116 13 45 78 229
motorbike 0.0084 240 29 319 92
motorbike 0.0080 59 113 101 242
motorbike 0.0044 304 103 408 181
motorbike 0.0035 477 117 499 244
motorbike 0.0030 153 54 436 252
motorbike 0.0013 50 33 110 211
motorbike 0.0013 43 111 123 273
motorbike 0.0011 43 105 237 262
motorbike 0.0011 300 129 406 215
person 0.0587 36 44 102 230
person 0.0350 62 43 100 197
person 0.0341 26 64 59 214
person 0.0134 52 76 69 131
person 0.0078 259 96 408 219
person 0.0074 240 29 319 92
person 0.0060 49 47 92 154
person 0.0048 13 45 78 229
person 0.0045 22 71 44 136
person 0.0045 53 57 72 117
person 0.0041 64 55 79 79
person 0.0037 27 57 54 115
person 0.0034 61 75 78 132
person 0.0034 59 53 79 116
person 0.0028 46 67 65 124
person 0.0023 57 92 101 231
person 0.0019 24 43 64 125
person 0.0019 83 66 102 143
person 0.0016 59 43 106 125
person 0.0016 174 84 339 232
person 0.0013 69 66 95 124
person 0.0012 74 43 344 276
person 0.0011 -1 45 8 128
person 0.0011 14 57 51 186
person 0.0010 61 49 100 84
person 0.0010 48 26 114 184
pottedplant 0.0013 52 70 71 123
train 0.0012 49 38 313 280
tvmonitor 0.0033 68 39 115 76
tvmonitor 0.0010 0 54 9 136
