aeroplane 0.0018 18 42 486 329
bicycle 0.0975 14 155 168 299
bicycle 0.0051 27 184 119 275
bicycle 0.0037 37 107 207 291
bicycle 0.0015 28 154 144 225
bicycle 0.0015 1 127 101 286
car 0.0151 33 87 73 115
car 0.0014 24 82 80 103
car 0.0010 8 84 95 142
chair 0.0014 14 155 168 299
horse 0.9981 98 31 475 297
horse 0.1218 12 108 165 292
horse 0.0179 41 95 297 300
horse 0.0024 48 94 196 237
horse 0.0023 30 128 136 207
horse 0.0010 22 89 121 240
motorbike 0.0042 12 108 165 292
motorbike 0.0011 110 3 460 273
person 0.3446 18 92 160 239
person 0.0368 4 84 101 250
person 0.0347 25 88 115 180
person 0.0256 37 107 207 291
person 0.0185 110 3 460 273
person 0.0086 29 85 76 128
person 0.0037 30 128 136 207
person 0.0024 43 112 164 190
person 0.0019 23 94 80 204
person 0.0019 45 58 294 286
person 0.0015 30 85 136 145
person 0.0014 14 155 168 299
person 0.0011 77 95 260 236
person 0.0010 11 23 33 74
