bicycle 0.0014 -13 48 394 505
bottle 0.0161 227 205 312 275
bottle 0.0046 190 190 306 254
bottle 0.0028 226 204 277 250
bottle 0.0012 0 -4 97 141
car 0.0072 -8 5 327 446
chair 0.0186 -11 68 271 488
chair 0.0037 240 281 399 500
motorbike 0.0129 -13 48 394 505
person 0.9984 0 0 316 498
person 0.9865 239 242 400 499
person 0.0435 100 246 377 502
person 0.0077 0 -4 97 141
person 0.0039 -4 218 251 503
person 0.0028 -22 2 123 498
person 0.0016 232 206 326 272
person 0.0012 1 322 155 495
person 0.0010 221 196 314 359
