bottle 0.0086 142 83 156 109
bottle 0.0051 146 74 172 115
bottle 0.0014 141 92 157 114
bottle 0.0013 199 0 212 19
bottle 0.0013 150 84 167 109
bottle 0.0012 139 75 160 114
bottle 0.0012 148 94 167 113
cat 0.0010 146 74 172 115
chair 0.0933 -1 121 191 380
chair 0.0335 -1 222 144 372
chair 0.0062 12 73 310 364
chair 0.0057 104 63 178 134
chair 0.0050 92 74 233 206
chair 0.0034 458 245 498 380
chair 0.0022 146 74 172 115
chair 0.0018 6 53 245 264
chair 0.0017 403 40 431 92
diningtable 0.0098 97 95 471 351
dog 0.0011 146 74 172 115
person 0.9838 0 74 206 377
person 0.0607 92 74 233 206
person 0.0191 40 67 279 320
person 0.0191 10 73 196 216
person 0.0135 146 74 172 115
person 0.0113 -1 174 147 369
person 0.0086 142 83 156 109
person 0.0056 82 63 168 136
person 0.0050 139 75 160 114
person 0.0023 141 92 157 114
person 0.0022 347 0 411 35
person 0.0010 103 68 185 161
pottedplant 0.0023 398 -3 432 90
pottedplant 0.0013 406 32 430 85
pottedplant 0.0011 146 74 172 115
sofa 0.1940 12 73 310 364
sofa 0.0690 -1 121 191 380
sofa 0.0450 41 81 456 298
sofa 0.0035 87 92 408 202
sofa 0.0031 -1 222 144 372
sofa 0.0030 92 74 233 206
sofa 0.0015 6 53 245 264
tvmonitor 0.0055 474 22 500 72
tvmonitor 0.0023 347 57 392 95
