car 0.0012 -32 28 332 407
cat 0.0031 45 228 188 444
chair 0.0357 -21 53 312 519
chair 0.0236 43 199 230 482
chair 0.0015 -19 42 262 314
chair 0.0012 126 67 313 420
dog 0.9857 43 222 192 496
dog 0.0630 160 257 233 383
dog 0.0104 155 222 298 352
dog 0.0082 52 233 239 351
dog 0.0040 158 259 207 337
dog 0.0020 45 64 313 428
dog 0.0017 81 171 286 314
dog 0.0017 7 76 228 514
horse 0.0025 160 257 233 383
person 0.9574 -10 41 306 385
person 0.1236 7 76 228 514
person 0.0204 126 67 313 420
person 0.0186 35 204 199 479
person 0.0055 155 222 298 352
person 0.0025 160 257 233 383
person 0.0017 -2 51 87 350
person 0.0015 52 233 239 351
person 0.0014 81 171 286 314
person 0.0010 17 52 407 515
sofa 0.0658 -21 53 312 519
sofa 0.0233 35 204 199 479
