bicycle 0.0151 115 75 207 128
bicycle 0.0024 122 84 175 128
bicycle 0.0013 153 85 203 127
bottle 0.4173 448 314 492 375
bottle 0.0739 191 112 285 274
bottle 0.0607 208 153 263 238
bottle 0.0273 202 170 250 215
bottle 0.0157 187 175 266 250
bottle 0.0123 461 312 489 362
bottle 0.0111 223 161 249 205
bottle 0.0110 210 162 261 205
bottle 0.0106 220 172 270 212
bottle 0.0091 193 131 254 231
bottle 0.0044 196 184 248 276
bottle 0.0044 196 173 218 231
bottle 0.0035 188 157 290 356
bottle 0.0035 232 163 258 203
bottle 0.0034 451 258 494 374
bottle 0.0033 211 175 239 226
bottle 0.0030 206 167 228 218
bottle 0.0030 203 174 311 255
bottle 0.0029 470 318 497 372
bottle 0.0028 242 160 266 205
bottle 0.0027 204 190 227 252
bottle 0.0017 488 307 499 382
bottle 0.0015 203 236 228 283
bottle 0.0015 235 149 281 243
bottle 0.0011 236 171 254 194
bottle 0.0010 212 194 235 250
bottle 0.0010 190 185 210 238
bottle 0.0010 230 172 261 227
car 0.0015 161 138 318 367
chair 0.0905 161 138 318 367
diningtable 0.0079 146 141 305 367
motorbike 0.0017 140 119 310 380
person 0.9888 152 100 323 375
person 0.0072 193 109 316 282
person 0.0058 164 165 276 351
person 0.0035 208 170 262 214
person 0.0031 197 157 281 237
person 0.0027 451 319 499 373
person 0.0012 183 112 269 246
sofa 0.0012 140 119 310 380
