bicycle 0.0130 140 19 162 36
bicycle 0.0122 100 19 121 36
bicycle 0.0071 176 16 199 36
bicycle 0.0022 99 25 122 43
bicycle 0.0021 442 26 471 48
bird 0.0097 102 17 119 29
bird 0.0088 177 12 199 32
bird 0.0056 100 19 121 36
bird 0.0031 140 19 162 36
bird 0.0018 227 16 239 28
boat 0.0036 102 17 119 29
boat 0.0013 100 19 121 36
boat 0.0013 177 12 199 32
car 0.0114 439 24 474 48
car 0.0083 249 23 299 70
car 0.0020 100 19 121 36
car 0.0020 140 19 162 36
car 0.0019 102 17 119 29
cow 0.9458 166 67 349 203
cow 0.6735 74 42 205 109
cow 0.5580 7 23 51 89
cow 0.5257 249 23 299 70
cow 0.4322 439 24 474 48
cow 0.3207 100 19 121 36
cow 0.2125 140 19 162 36
cow 0.1378 176 16 199 36
cow 0.0953 294 21 370 67
cow 0.0818 369 17 411 46
cow 0.0506 102 17 119 29
cow 0.0263 157 13 200 37
cow 0.0203 138 15 177 37
cow 0.0122 226 19 240 34
cow 0.0107 227 16 239 28
cow 0.0093 320 29 382 64
cow 0.0088 68 30 111 105
cow 0.0083 99 25 122 43
cow 0.0058 287 24 340 71
cow 0.0051 385 20 411 41
cow 0.0047 109 22 126 37
cow 0.0046 93 16 128 37
cow 0.0039 456 25 474 49
cow 0.0032 147 14 166 32
cow 0.0029 75 22 127 48
cow 0.0028 157 19 178 36
cow 0.0028 94 21 114 35
cow 0.0027 171 11 204 33
cow 0.0027 438 29 460 49
cow 0.0023 30 26 50 89
cow 0.0022 291 36 377 171
cow 0.0020 72 29 128 63
cow 0.0018 374 26 405 45
cow 0.0016 351 31 370 47
cow 0.0012 11 24 53 59
cow 0.0011 168 14 193 29
cow 0.0010 419 19 481 47
dog 0.0529 100 19 121 36
dog 0.0199 140 19 162 36
dog 0.0171 177 12 199 32
dog 0.0051 7 23 51 89
dog 0.0037 369 17 411 46
dog 0.0034 439 24 474 48
dog 0.0031 102 17 119 29
dog 0.0023 249 23 299 70
horse 0.1493 249 23 299 70
horse 0.0815 439 24 474 48
horse 0.0535 100 19 121 36
horse 0.0412 140 19 162 36
horse 0.0310 7 23 51 89
horse 0.0180 176 16 199 36
horse 0.0134 79 31 200 108
horse 0.0103 369 17 411 46
horse 0.0066 287 25 355 70
horse 0.0043 102 17 119 29
horse 0.0033 138 15 177 37
horse 0.0023 157 13 200 37
horse 0.0019 226 19 240 34
horse 0.0015 99 25 122 43
horse 0.0014 227 16 239 28
motorbike 0.0054 100 19 121 36
motorbike 0.0042 140 19 162 36
person 0.0102 140 19 162 36
person 0.0060 177 12 199 32
person 0.0057 100 19 121 36
person 0.0021 102 17 119 29
sheep 0.3299 100 19 121 36
sheep 0.1834 177 12 199 32
sheep 0.1440 102 17 119 29
sheep 0.1366 140 19 162 36
sheep 0.1295 439 24 474 48
sheep 0.0914 226 19 240 34
sheep 0.0804 227 16 239 28
sheep 0.0603 249 23 299 70
sheep 0.0354 369 17 411 46
sheep 0.0298 7 23 51 89
sheep 0.0276 287 25 355 70
sheep 0.0105 99 25 122 43
sheep 0.0079 157 13 200 37
sheep 0.0076 303 24 379 57
sheep 0.0076 109 22 126 37
sheep 0.0065 385 20 411 41
sheep 0.0059 456 25 474 49
sheep 0.0059 138 15 177 37
sheep 0.0059 74 42 205 109
sheep 0.0048 93 16 128 37
sheep 0.0047 147 14 166 32
sheep 0.0040 438 29 460 49
sheep 0.0039 186 20 201 38
sheep 0.0034 157 19 178 36
sheep 0.0032 374 26 405 45
sheep 0.0032 351 31 370 47
sheep 0.0030 94 21 114 35
sheep 0.0027 186 14 202 31
sheep 0.0018 316 44 384 71
sheep 0.0018 221 16 237 26
sheep 0.0016 11 24 53 59
sheep 0.0015 168 14 193 29
sheep 0.0015 109 17 126 28
sheep 0.0011 165 18 194 34
sheep 0.0011 158 15 176 29
sheep 0.0010 121 23 139 36
sheep 0.0010 263 23 286 37
