bicycle 0.0010 3 164 85 305
chair 0.9334 373 145 455 249
chair 0.6249 261 136 339 207
chair 0.0920 0 198 29 311
chair 0.0778 3 164 85 305
chair 0.0480 419 216 498 372
chair 0.0255 274 138 330 173
chair 0.0192 477 124 500 265
chair 0.0151 479 121 498 185
chair 0.0121 78 140 295 267
chair 0.0115 229 142 328 294
chair 0.0077 486 123 501 203
chair 0.0054 0 166 47 266
chair 0.0028 481 53 500 228
chair 0.0028 0 219 12 317
chair 0.0027 477 160 499 347
chair 0.0025 488 163 500 262
chair 0.0022 -3 188 53 317
chair 0.0016 453 166 502 264
chair 0.0015 275 138 386 204
chair 0.0014 198 143 315 212
chair 0.0012 440 107 498 365
chair 0.0012 266 137 356 299
chair 0.0010 168 158 387 290
chair 0.0010 7 186 34 252
diningtable 0.0653 3 164 85 305
diningtable 0.0052 0 192 42 312
diningtable 0.0022 276 135 345 207
diningtable 0.0018 373 156 453 262
diningtable 0.0010 418 174 499 377
person 0.0048 419 216 498 372
person 0.0011 78 140 295 267
pottedplant 0.3093 5 156 87 236
pottedplant 0.0211 3 164 85 305
pottedplant 0.0070 19 149 75 217
pottedplant 0.0065 0 166 47 266
pottedplant 0.0056 481 53 500 228
pottedplant 0.0053 4 162 24 202
pottedplant 0.0036 0 152 27 248
pottedplant 0.0021 38 157 86 273
pottedplant 0.0015 1 178 26 225
pottedplant 0.0014 487 94 500 176
pottedplant 0.0011 1 148 51 217
pottedplant 0.0010 0 155 12 227
sofa 0.9891 78 141 319 287
sofa 0.0538 419 216 498 372
sofa 0.0135 372 150 456 271
sofa 0.0069 3 164 85 305
sofa 0.0030 274 138 330 173
sofa 0.0029 168 158 387 290
sofa 0.0016 477 124 500 265
sofa 0.0016 321 230 494 381
tvmonitor 0.0038 419 216 498 372
