bus 0.9998 47 51 448 304
bus 0.0185 456 141 495 168
bus 0.0068 465 147 487 166
bus 0.0047 450 145 464 167
bus 0.0040 472 123 499 170
bus 0.0034 447 137 467 173
car 0.0392 465 147 487 166
car 0.0324 456 141 495 168
car 0.0143 475 146 496 166
car 0.0129 450 145 464 167
car 0.0070 490 141 498 169
car 0.0058 457 147 475 165
car 0.0037 449 152 461 175
car 0.0016 447 137 467 173
car 0.0014 472 123 499 170
car 0.0010 457 152 472 170
person 0.0809 0 -25 107 187
person 0.0226 106 119 132 171
person 0.0177 100 117 142 191
person 0.0131 99 117 121 171
person 0.0116 118 118 164 193
person 0.0072 110 150 129 191
person 0.0066 1 2 101 84
person 0.0063 259 160 270 188
person 0.0042 490 149 497 173
person 0.0022 141 121 186 192
person 0.0018 450 145 464 167
person 0.0017 147 145 168 196
person 0.0015 98 136 121 187
person 0.0015 148 126 169 181
person 0.0015 135 128 162 176
person 0.0014 256 154 272 193
person 0.0013 140 148 161 193
person 0.0013 114 122 143 167
person 0.0011 157 121 177 185
person 0.0010 125 121 155 167
person 0.0010 449 152 461 175
train 0.0037 456 141 495 168
train 0.0013 471 77 499 163
