cow 0.0040 133 0 175 29
cow 0.0023 79 74 167 180
cow 0.0012 151 5 173 22
cow 0.0012 194 -1 245 32
cow 0.0010 156 122 246 258
sheep 0.9893 81 70 165 180
sheep 0.9815 153 125 246 278
sheep 0.8292 216 89 320 225
sheep 0.4299 76 173 207 386
sheep 0.0336 111 96 168 181
sheep 0.0054 77 79 130 172
sheep 0.0049 14 1 69 98
sheep 0.0041 97 106 249 414
sheep 0.0033 133 0 175 29
sheep 0.0029 85 147 217 279
sheep 0.0027 201 13 220 33
sheep 0.0022 2 34 12 54
sheep 0.0019 357 26 372 41
sheep 0.0019 156 116 238 181
sheep 0.0015 67 71 147 148
sheep 0.0015 194 -1 245 32
sheep 0.0015 73 66 161 121
sheep 0.0015 151 5 173 22
sheep 0.0010 90 -1 139 27
