bus 0.9991 132 86 421 220
bus 0.0804 85 136 132 165
bus 0.0075 63 146 118 169
bus 0.0047 0 86 26 173
bus 0.0036 13 147 33 168
bus 0.0029 3 98 20 160
bus 0.0026 10 129 36 170
bus 0.0024 3 66 43 167
bus 0.0024 0 115 11 183
bus 0.0021 39 141 65 158
bus 0.0014 32 138 70 162
bus 0.0013 109 142 129 159
bus 0.0012 4 123 22 175
bus 0.0011 0 84 24 133
car 0.9210 66 144 134 168
car 0.3266 36 147 67 162
car 0.2417 71 148 94 169
car 0.1479 13 147 33 168
car 0.1203 31 147 53 161
car 0.1095 50 147 74 162
car 0.1028 24 147 41 165
car 0.0810 97 141 141 168
car 0.0370 51 141 72 158
car 0.0316 110 144 132 167
car 0.0316 32 138 70 162
car 0.0288 62 147 84 164
car 0.0231 123 144 134 168
car 0.0222 61 143 79 157
car 0.0169 49 146 96 166
car 0.0156 65 153 114 172
car 0.0129 0 129 11 188
car 0.0101 7 144 19 172
car 0.0091 13 145 53 167
car 0.0084 0 139 8 173
car 0.0073 98 140 121 158
car 0.0062 70 144 91 159
car 0.0062 75 154 102 170
car 0.0057 124 139 135 158
car 0.0051 4 137 22 178
car 0.0041 80 147 118 165
car 0.0032 82 151 135 173
car 0.0032 88 142 112 156
car 0.0024 10 129 36 170
car 0.0020 91 135 126 166
car 0.0019 102 134 117 147
car 0.0018 14 139 33 161
car 0.0015 13 144 33 185
car 0.0014 80 144 101 158
car 0.0013 0 84 24 133
car 0.0013 115 154 128 170
car 0.0012 57 137 103 164
car 0.0010 16 150 29 176
car 0.0010 133 143 143 171
car 0.0010 125 151 134 174
person 0.0154 217 128 233 151
person 0.0142 0 137 10 194
person 0.0120 369 120 386 142
person 0.0105 304 125 319 149
person 0.0079 0 139 8 173
person 0.0059 7 144 19 172
person 0.0052 5 110 19 170
person 0.0051 13 144 33 185
person 0.0046 312 126 329 151
person 0.0043 209 129 223 151
person 0.0042 13 147 33 168
person 0.0030 16 150 29 176
person 0.0026 124 139 135 158
person 0.0026 200 131 212 150
person 0.0025 297 125 311 151
person 0.0025 5 141 20 188
person 0.0024 24 147 41 165
person 0.0020 102 134 117 147
person 0.0020 7 124 17 153
person 0.0019 225 130 241 149
person 0.0016 219 124 232 139
person 0.0015 257 129 268 150
person 0.0015 314 123 331 140
person 0.0014 123 144 134 168
person 0.0013 7 135 19 162
person 0.0012 109 142 129 159
person 0.0012 364 121 380 142
person 0.0012 133 143 143 171
person 0.0011 0 98 10 181
train 0.0035 85 136 132 165
train 0.0015 0 93 23 145
train 0.0013 0 63 25 170
