bird 0.0013 -9 -105 97 131
bus 0.9996 64 83 415 242
bus 0.0072 214 100 387 152
bus 0.0023 209 88 400 198
bus 0.0021 8 24 468 302
bus 0.0010 271 108 409 167
car 0.0014 19 146 29 171
car 0.0011 24 141 37 160
horse 0.0019 48 140 66 190
motorbike 0.0051 48 140 66 190
person 0.6930 49 139 67 180
person 0.0373 71 152 82 180
person 0.0330 59 139 75 179
person 0.0268 72 144 84 173
person 0.0221 69 145 84 188
person 0.0207 81 145 91 171
person 0.0169 63 150 73 183
person 0.0112 48 142 60 175
person 0.0056 46 151 69 194
person 0.0051 52 139 68 163
person 0.0051 60 152 77 196
person 0.0039 19 146 29 171
person 0.0039 70 159 81 190
person 0.0038 23 144 35 168
person 0.0031 67 160 83 209
person 0.0025 80 151 90 179
person 0.0021 87 146 102 165
person 0.0019 256 111 266 131
person 0.0016 62 139 74 163
person 0.0014 48 139 86 178
person 0.0014 225 133 243 152
person 0.0012 49 162 65 187
person 0.0011 70 168 81 200
person 0.0010 77 143 92 188
person 0.0010 66 165 75 201
train 0.0014 214 100 387 152
