boat 0.0015 -2 94 101 273
bottle 0.0047 427 143 446 189
chair 0.4734 243 44 465 404
chair 0.0357 379 75 500 393
chair 0.0187 298 154 497 398
chair 0.0164 250 238 413 398
chair 0.0032 178 161 421 398
chair 0.0030 363 165 468 369
chair 0.0027 0 297 42 394
chair 0.0022 426 148 448 201
chair 0.0010 -2 94 101 273
chair 0.0010 397 195 504 409
person 0.9988 203 25 441 398
person 0.1065 382 -14 501 412
person 0.0185 437 -52 500 350
person 0.0116 12 104 53 151
person 0.0078 155 29 350 382
person 0.0043 410 100 501 354
person 0.0032 279 2 512 346
person 0.0016 37 105 65 153
pottedplant 0.0022 427 143 446 189
sofa 0.0186 -2 94 101 273
sofa 0.0041 243 44 465 404
sofa 0.0012 410 100 501 354
tvmonitor 0.9756 -3 76 98 262
tvmonitor 0.9548 81 69 174 220
tvmonitor 0.4023 171 71 262 219
tvmonitor 0.0618 192 80 252 191
tvmonitor 0.0097 0 71 81 157
tvmonitor 0.0059 174 14 424 329
tvmonitor 0.0031 244 96 277 204
tvmonitor 0.0020 0 -1 24 104
tvmonitor 0.0019 0 91 24 252
tvmonitor 0.0018 90 70 251 226
tvmonitor 0.0016 16 69 168 241
tvmonitor 0.0016 79 72 156 165
tvmonitor 0.0015 252 114 276 181
tvmonitor 0.0014 159 60 322 249
