bird 0.0104 117 180 216 336
cat 0.5091 122 198 215 338
cat 0.0576 116 159 384 361
cat 0.0167 261 148 370 361
cat 0.0018 2 6 490 369
chair 0.0024 1 233 98 374
chair 0.0014 -1 326 133 377
diningtable 0.0037 -1 326 133 377
dog 0.2390 122 198 215 338
dog 0.0076 263 141 371 339
dog 0.0053 116 159 384 361
dog 0.0018 181 175 291 332
dog 0.0010 7 327 160 377
person 0.8599 3 224 99 360
person 0.0879 -1 190 55 366
person 0.0365 6 218 167 372
person 0.0297 0 156 33 398
person 0.0094 117 180 216 336
person 0.0086 7 327 160 377
person 0.0018 32 235 71 282
person 0.0014 -1 51 125 397
person 0.0012 116 159 384 361
person 0.0012 263 141 371 339
sheep 0.0119 122 198 215 338
sheep 0.0084 116 159 384 361
