bottle 0.0024 100 222 110 251
bottle 0.0022 84 332 103 387
bottle 0.0022 93 357 112 402
bottle 0.0010 73 339 97 400
cat 0.0012 33 268 137 330
chair 0.0093 39 184 243 365
chair 0.0046 33 268 137 330
chair 0.0044 141 277 242 502
chair 0.0027 35 269 64 316
chair 0.0018 86 230 239 397
diningtable 0.6438 16 335 225 492
diningtable 0.0025 14 319 187 426
diningtable 0.0014 42 340 151 406
person 0.9675 35 179 245 390
person 0.0107 33 268 137 330
person 0.0038 29 178 134 334
person 0.0033 86 233 250 485
person 0.0016 149 224 239 452
person 0.0010 35 287 157 347
tvmonitor 0.0015 72 179 117 216
