aeroplane 0.0019 29 102 76 143
bicycle 0.9798 72 272 426 380
bicycle 0.0938 7 84 82 149
bicycle 0.0852 4 92 43 169
bicycle 0.0462 41 103 82 141
bicycle 0.0256 29 88 75 139
bicycle 0.0071 30 284 242 372
bicycle 0.0062 -3 227 351 383
bicycle 0.0048 11 118 37 168
bicycle 0.0046 76 147 419 379
bicycle 0.0034 72 119 262 388
bicycle 0.0026 288 252 417 372
bicycle 0.0013 7 90 43 261
bicycle 0.0013 0 71 33 158
bird 0.0012 41 103 82 141
car 0.0087 485 115 499 175
car 0.0020 482 128 496 158
chair 0.0012 8 322 240 374
chair 0.0010 118 22 394 371
cow 0.0027 41 103 82 141
diningtable 0.0013 75 39 332 363
dog 0.0024 41 103 82 141
dog 0.0019 42 76 64 135
dog 0.0017 11 118 37 168
dog 0.0013 29 88 75 139
dog 0.0010 3 68 41 146
horse 0.0208 5 74 43 158
horse 0.0016 41 103 82 141
motorbike 0.0822 5 74 43 158
motorbike 0.0201 7 84 82 149
motorbike 0.0056 29 88 75 139
motorbike 0.0052 41 103 82 141
motorbike 0.0017 12 130 37 173
person 0.9761 83 52 236 371
person 0.9606 197 21 389 375
person 0.6226 5 74 43 158
person 0.5350 201 65 231 109
person 0.0495 197 66 234 169
person 0.0136 2 74 27 139
person 0.0082 47 16 458 368
person 0.0062 206 74 225 100
person 0.0060 2 62 28 111
person 0.0057 42 76 64 135
person 0.0055 185 75 228 112
person 0.0053 206 84 226 105
person 0.0052 216 84 231 106
person 0.0048 7 88 59 142
person 0.0036 201 79 232 125
person 0.0034 0 83 12 148
person 0.0032 211 75 234 113
person 0.0026 112 119 126 143
person 0.0021 480 123 498 162
person 0.0020 29 88 75 139
person 0.0020 417 99 438 150
person 0.0017 103 121 119 144
person 0.0017 99 117 124 154
person 0.0016 107 108 131 144
person 0.0016 84 104 125 210
person 0.0015 0 80 30 183
person 0.0015 11 118 37 168
person 0.0014 2 64 50 290
person 0.0014 199 73 216 100
person 0.0013 111 113 128 136
person 0.0012 170 52 238 196
person 0.0012 0 95 8 134
person 0.0012 486 115 498 188
person 0.0011 198 85 217 105
person 0.0010 271 50 439 382
pottedplant 0.0410 429 77 475 154
pottedplant 0.0137 415 71 497 140
pottedplant 0.0110 440 72 491 118
pottedplant 0.0046 435 110 460 156
pottedplant 0.0039 413 82 458 152
pottedplant 0.0030 416 110 438 153
pottedplant 0.0011 424 111 448 154
pottedplant 0.0011 436 80 458 148
pottedplant 0.0010 215 183 236 239
pottedplant 0.0010 414 -13 501 171
pottedplant 0.0010 474 67 499 167
