aeroplane 0.0022 62 7 120 33
bus 0.0022 331 4 354 21
bus 0.0015 318 1 363 24
car 0.9998 11 48 471 270
car 0.9391 252 34 502 121
car 0.3424 397 12 504 73
car 0.0853 446 9 502 113
car 0.0792 330 9 352 23
car 0.0444 292 12 314 23
car 0.0428 321 9 343 23
car 0.0406 378 6 492 51
car 0.0393 62 7 120 33
car 0.0383 310 10 333 23
car 0.0380 301 11 323 23
car 0.0208 339 4 359 20
car 0.0192 283 12 305 23
car 0.0174 447 15 503 57
car 0.0090 318 1 363 24
car 0.0081 224 47 446 144
car 0.0077 309 8 355 24
car 0.0066 402 13 450 46
car 0.0049 351 3 368 20
car 0.0048 287 9 336 24
car 0.0046 470 10 502 82
car 0.0036 313 6 329 20
car 0.0028 429 22 481 47
car 0.0027 366 15 498 99
car 0.0026 383 0 431 40
car 0.0025 335 0 383 23
car 0.0024 23 29 334 215
car 0.0021 376 3 418 51
car 0.0018 392 19 443 53
car 0.0016 304 6 318 19
car 0.0016 490 -4 500 79
car 0.0015 79 10 106 28
car 0.0015 75 15 145 36
car 0.0013 425 18 465 42
car 0.0013 436 22 456 41
car 0.0012 87 16 113 32
car 0.0011 365 0 376 21
car 0.0010 327 4 354 27
car 0.0010 472 28 500 129
car 0.0010 489 20 499 113
person 0.3177 375 -1 414 56
person 0.0806 436 22 456 41
person 0.0153 383 0 431 40
person 0.0149 365 0 376 21
person 0.0111 410 16 462 43
person 0.0072 396 0 419 39
person 0.0065 444 22 465 40
person 0.0064 422 23 470 46
person 0.0062 372 1 383 21
person 0.0057 111 77 167 117
person 0.0053 427 20 448 40
person 0.0048 388 6 408 30
person 0.0043 127 96 151 115
person 0.0034 446 9 502 113
person 0.0033 409 3 424 17
person 0.0031 381 -2 415 30
person 0.0027 351 3 368 20
person 0.0027 368 1 455 54
person 0.0024 401 5 417 31
person 0.0024 432 17 478 43
person 0.0022 402 4 451 38
person 0.0019 412 12 440 46
person 0.0017 415 19 438 39
person 0.0017 402 13 417 42
person 0.0016 349 36 368 59
person 0.0013 416 27 436 47
person 0.0013 374 2 385 28
person 0.0012 416 3 435 16
person 0.0012 380 7 401 28
person 0.0011 339 4 359 20
