bird 0.0027 396 -93 512 119
bus 0.9999 73 58 398 315
bus 0.5456 2 152 43 235
bus 0.1658 44 159 79 250
bus 0.0574 221 66 407 306
bus 0.0212 432 127 501 299
bus 0.0183 1 177 26 231
bus 0.0168 7 151 85 231
bus 0.0143 72 105 143 285
bus 0.0138 386 205 412 302
bus 0.0138 47 170 73 223
bus 0.0125 -1 175 11 234
bus 0.0085 11 178 34 231
bus 0.0083 376 149 503 302
bus 0.0055 382 172 455 249
bus 0.0048 70 153 103 262
bus 0.0045 20 160 43 231
bus 0.0041 408 179 451 283
bus 0.0040 40 180 64 229
bus 0.0034 414 209 443 299
bus 0.0033 431 172 476 287
bus 0.0029 32 175 52 236
bus 0.0024 94 140 334 297
bus 0.0020 390 184 441 276
bus 0.0013 0 190 9 220
bus 0.0012 405 187 498 272
bus 0.0012 0 190 10 254
bus 0.0011 392 210 434 298
bus 0.0011 30 163 103 244
bus 0.0011 16 184 68 227
bus 0.0010 380 187 415 279
car 0.0066 0 200 9 228
car 0.0059 -1 175 11 234
car 0.0057 15 205 30 225
car 0.0036 5 203 21 226
car 0.0034 1 177 26 231
car 0.0034 397 238 420 302
car 0.0029 47 170 73 223
car 0.0020 275 140 293 159
car 0.0019 473 148 497 167
car 0.0019 44 193 60 214
car 0.0015 16 195 31 219
car 0.0015 11 178 34 231
car 0.0013 24 204 39 222
car 0.0011 40 180 64 229
car 0.0011 0 190 10 254
motorbike 0.0021 397 238 420 302
person 0.7379 415 213 443 305
person 0.1715 392 220 408 302
person 0.0537 398 226 418 300
person 0.0465 407 236 425 302
person 0.0433 394 217 431 304
person 0.0185 425 212 446 289
person 0.0165 362 212 376 233
person 0.0150 390 209 405 277
person 0.0098 391 218 403 244
person 0.0047 385 212 401 289
person 0.0040 387 221 399 242
person 0.0036 396 211 417 276
person 0.0034 418 209 441 260
person 0.0031 430 217 464 302
person 0.0024 409 211 430 276
person 0.0016 385 215 399 235
person 0.0015 275 140 293 159
person 0.0014 0 190 9 220
person 0.0014 393 249 411 307
person 0.0012 357 208 379 240
person 0.0010 36 190 50 255
person 0.0010 15 205 30 225
person 0.0010 387 227 398 255
train 0.0056 1 177 26 231
train 0.0046 10 160 35 232
train 0.0038 47 170 73 223
train 0.0017 45 149 79 240
train 0.0013 -1 175 11 234
train 0.0013 20 160 43 231
