car 0.9990 -1 86 499 340
car 0.0441 70 104 426 235
car 0.0345 313 93 499 343
car 0.0110 332 102 495 241
car 0.0033 -7 84 216 335
car 0.0016 437 126 497 353
car 0.0015 38 177 453 326
car 0.0010 402 116 497 211
person 0.9019 185 133 264 215
person 0.7616 350 3 438 99
person 0.7158 63 36 137 105
person 0.6259 89 168 159 234
person 0.1838 348 135 437 219
person 0.1361 195 49 237 95
person 0.0916 349 15 445 232
person 0.0906 254 140 302 214
person 0.0880 332 102 495 241
person 0.0664 70 104 426 235
person 0.0564 389 138 480 217
person 0.0520 129 101 509 337
person 0.0471 -15 84 373 349
person 0.0452 214 138 301 217
person 0.0285 85 52 134 101
person 0.0262 386 119 440 211
person 0.0241 167 43 243 97
person 0.0196 97 169 141 220
person 0.0172 428 161 484 207
person 0.0148 313 93 499 343
person 0.0127 187 47 249 213
person 0.0112 403 101 498 222
person 0.0112 344 119 402 213
person 0.0110 30 11 222 111
person 0.0084 424 114 479 214
person 0.0078 40 25 88 113
person 0.0056 126 145 243 214
person 0.0050 81 181 197 246
person 0.0044 156 103 258 218
person 0.0044 47 53 75 106
person 0.0042 109 181 169 224
person 0.0042 191 162 279 223
person 0.0035 405 119 500 322
person 0.0034 235 123 319 208
person 0.0032 335 139 384 216
person 0.0028 330 114 422 237
person 0.0026 93 175 232 228
person 0.0021 407 160 496 232
person 0.0019 452 164 479 205
person 0.0019 441 136 499 220
person 0.0018 83 159 163 275
person 0.0017 309 139 406 216
person 0.0015 193 42 278 96
person 0.0015 194 51 247 142
person 0.0015 211 41 254 99
person 0.0014 365 151 391 203
person 0.0013 352 40 447 114
person 0.0012 223 58 246 96
person 0.0012 65 28 148 220
person 0.0011 476 126 499 274
person 0.0011 346 150 374 202
person 0.0011 160 142 213 215
person 0.0011 48 17 135 139
person 0.0010 411 162 464 208
person 0.0010 344 104 442 186
person 0.0010 227 70 246 92
