aeroplane 0.0013 123 131 249 211
aeroplane 0.0011 262 127 339 158
bird 0.0180 47 137 70 168
bird 0.0063 33 131 73 164
bird 0.0013 15 122 116 170
bird 0.0011 44 134 65 158
boat 0.8819 361 121 492 242
boat 0.6593 123 131 249 211
boat 0.5059 277 183 388 244
boat 0.3120 241 130 387 182
boat 0.3016 -3 133 137 215
boat 0.2308 250 129 392 236
boat 0.0975 240 140 330 215
boat 0.0829 231 161 362 229
boat 0.0515 297 129 416 184
boat 0.0316 318 146 381 179
boat 0.0191 252 124 343 169
boat 0.0188 253 147 331 179
boat 0.0163 234 157 330 190
boat 0.0124 281 134 341 173
boat 0.0123 36 145 162 209
boat 0.0113 235 176 310 208
boat 0.0084 -3 140 261 210
boat 0.0082 326 137 391 171
boat 0.0071 449 278 498 376
boat 0.0064 240 184 329 234
boat 0.0053 259 128 322 159
boat 0.0046 79 147 215 206
boat 0.0041 247 134 315 170
boat 0.0040 327 157 391 189
boat 0.0039 305 135 443 210
boat 0.0037 281 169 419 230
boat 0.0034 474 190 498 355
boat 0.0030 292 147 350 179
boat 0.0024 322 180 377 207
boat 0.0024 293 187 351 214
boat 0.0021 204 132 322 189
boat 0.0020 39 137 82 168
boat 0.0020 476 279 501 354
boat 0.0019 265 217 377 242
boat 0.0018 252 110 484 220
boat 0.0017 282 203 380 237
boat 0.0015 108 152 168 178
boat 0.0015 290 123 460 168
boat 0.0015 360 129 473 199
boat 0.0014 281 194 361 223
boat 0.0014 298 137 360 171
boat 0.0013 251 168 331 198
boat 0.0012 233 168 294 199
boat 0.0012 3 132 97 193
boat 0.0012 246 206 319 237
boat 0.0011 244 188 320 216
boat 0.0011 299 157 360 186
boat 0.0010 339 185 362 201
boat 0.0010 291 128 348 160
boat 0.0010 440 212 499 408
person 0.0907 47 137 70 168
person 0.0063 457 129 471 154
person 0.0031 6 134 127 191
person 0.0028 323 191 339 210
person 0.0015 452 130 467 153
person 0.0012 332 190 349 209
person 0.0010 49 150 72 170
person 0.0010 33 131 73 164
