bottle 0.0022 148 -4 286 44
car 0.0018 -11 2 348 386
cat 0.0031 -2 2 47 117
chair 0.0195 -11 2 348 386
chair 0.0039 148 -4 286 44
cow 0.0055 276 -1 327 34
cow 0.0015 254 -1 315 37
dog 0.9993 0 66 337 366
dog 0.0024 271 0 318 36
dog 0.0018 -2 2 47 117
dog 0.0012 -1 -18 64 293
person 0.1174 -4 35 302 364
person 0.0067 132 -14 362 79
person 0.0023 148 -4 286 44
person 0.0022 -1 -10 275 90
pottedplant 0.0014 148 -4 286 44
sheep 0.0026 271 0 318 36
sofa 0.0172 -11 2 348 386
sofa 0.0016 -1 -10 275 90
