bicycle 0.9993 102 57 406 287
bicycle 0.0077 237 68 408 241
bicycle 0.0077 296 139 412 220
bicycle 0.0036 290 128 417 295
bicycle 0.0012 323 105 418 253
bicycle 0.0010 72 35 288 272
bottle 0.0037 354 120 367 150
bottle 0.0025 315 124 330 145
bottle 0.0022 295 121 309 146
bottle 0.0012 304 122 320 146
bottle 0.0010 296 178 307 206
car 0.0028 480 46 495 108
car 0.0025 186 69 327 127
car 0.0011 300 40 320 59
chair 0.0018 83 48 368 270
person 0.0030 488 44 498 125
person 0.0028 487 15 497 100
person 0.0022 353 62 366 87
person 0.0021 479 25 494 90
person 0.0020 83 48 368 270
person 0.0014 480 46 495 108
