bicycle 0.0010 20 179 43 195
bicycle 0.0010 488 186 499 212
bus 0.9998 69 65 486 275
bus 0.0170 12 152 73 193
bus 0.0113 6 165 57 197
bus 0.0089 490 140 500 221
bus 0.0045 488 186 499 212
bus 0.0041 39 148 66 197
bus 0.0036 31 161 73 202
bus 0.0021 489 177 499 205
bus 0.0015 476 129 499 214
bus 0.0014 3 171 26 191
bus 0.0011 487 174 499 223
car 0.1841 4 175 43 196
car 0.1277 488 186 499 212
car 0.1252 3 171 26 191
car 0.0914 20 179 43 195
car 0.0455 6 165 57 197
car 0.0295 489 177 499 205
car 0.0254 11 172 34 192
car 0.0251 487 174 499 223
car 0.0168 40 177 65 198
car 0.0168 39 160 68 203
car 0.0166 0 174 10 200
car 0.0157 0 166 12 193
car 0.0083 20 176 68 197
car 0.0080 33 178 53 197
car 0.0050 480 187 498 209
car 0.0045 490 140 500 221
car 0.0039 12 152 73 193
car 0.0031 -1 168 13 208
car 0.0027 293 171 313 183
car 0.0021 478 162 500 214
car 0.0020 57 172 68 203
car 0.0017 492 155 500 187
car 0.0017 490 193 500 218
car 0.0017 5 163 22 182
car 0.0017 43 153 64 169
car 0.0016 14 154 30 169
car 0.0016 491 148 500 176
car 0.0016 0 158 10 184
car 0.0015 0 181 46 208
car 0.0015 24 188 43 201
car 0.0013 301 170 319 183
car 0.0011 477 152 497 168
motorbike 0.0035 20 179 43 195
motorbike 0.0031 4 175 43 196
person 0.1119 112 138 126 165
person 0.0478 391 155 406 182
person 0.0314 104 140 119 163
person 0.0237 420 140 432 162
person 0.0158 331 163 347 181
person 0.0158 110 125 128 164
person 0.0149 100 134 122 170
person 0.0134 121 138 136 163
person 0.0123 439 139 451 163
person 0.0112 107 140 128 176
person 0.0100 57 172 68 203
person 0.0083 125 128 150 174
person 0.0072 92 142 108 163
person 0.0072 429 140 444 163
person 0.0069 118 132 139 171
person 0.0045 363 164 378 181
person 0.0041 382 159 399 180
person 0.0040 326 164 339 181
person 0.0040 329 140 349 182
person 0.0038 20 179 43 195
person 0.0036 341 163 357 181
person 0.0034 333 141 346 164
person 0.0033 104 132 120 155
person 0.0033 369 163 387 179
person 0.0030 490 140 500 221
person 0.0029 11 172 34 192
person 0.0028 0 174 10 200
person 0.0026 400 147 414 176
person 0.0024 3 171 26 191
person 0.0024 107 140 150 175
person 0.0023 88 135 131 169
person 0.0022 99 146 123 188
person 0.0020 302 160 318 184
person 0.0020 488 186 499 212
person 0.0019 489 177 499 205
person 0.0018 54 155 70 203
person 0.0018 413 142 425 162
person 0.0018 14 154 30 169
person 0.0017 0 166 12 193
person 0.0016 61 140 77 199
person 0.0016 33 178 53 197
person 0.0016 327 140 338 165
person 0.0015 418 144 432 172
person 0.0015 436 136 455 181
person 0.0014 425 136 447 171
person 0.0011 411 145 424 174
person 0.0010 293 161 312 182
train 0.0036 12 152 73 193
train 0.0021 490 140 500 221
