aeroplane 0.9952 22 64 476 225
aeroplane 0.5085 2 0 143 91
aeroplane 0.0353 -11 2 261 81
aeroplane 0.0326 156 34 293 87
aeroplane 0.0300 152 104 487 217
aeroplane 0.0284 328 85 369 124
aeroplane 0.0239 199 -3 253 17
aeroplane 0.0190 130 -14 277 30
aeroplane 0.0176 143 -2 191 21
aeroplane 0.0153 156 2 180 18
aeroplane 0.0100 77 1 416 71
aeroplane 0.0063 149 3 172 18
aeroplane 0.0048 300 123 493 222
aeroplane 0.0042 213 0 239 14
aeroplane 0.0039 152 -2 288 52
aeroplane 0.0033 2 -16 129 33
aeroplane 0.0027 37 17 162 79
aeroplane 0.0026 423 123 507 142
aeroplane 0.0025 319 100 363 127
aeroplane 0.0023 156 9 180 22
aeroplane 0.0017 223 -1 248 14
aeroplane 0.0017 207 0 229 15
aeroplane 0.0016 141 3 210 31
aeroplane 0.0015 148 9 172 22
aeroplane 0.0015 -9 53 137 106
aeroplane 0.0015 277 83 433 127
aeroplane 0.0014 309 94 477 147
aeroplane 0.0013 130 5 188 26
aeroplane 0.0013 -10 -2 75 23
aeroplane 0.0012 234 0 256 13
aeroplane 0.0011 9 76 172 204
aeroplane 0.0011 174 -5 239 20
aeroplane 0.0011 114 -2 182 23
aeroplane 0.0011 104 71 118 81
aeroplane 0.0011 415 115 496 138
aeroplane 0.0010 3 77 124 128
aeroplane 0.0010 150 -7 221 25
aeroplane 0.0010 101 -2 228 46
aeroplane 0.0010 430 63 501 87
aeroplane 0.0010 153 238 203 260
boat 0.0020 328 85 369 124
boat 0.0017 20 217 482 386
bus 0.0027 20 217 482 386
car 0.0018 0 71 7 101
car 0.0014 328 85 369 124
car 0.0012 206 354 282 374
car 0.0011 257 350 311 378
car 0.0011 420 193 439 213
person 0.0016 0 71 7 101
person 0.0011 420 193 439 213
train 0.0065 -8 10 144 83
train 0.0050 20 217 482 386
train 0.0025 328 85 369 124
