bicycle 0.0015 404 144 487 217
bicycle 0.0013 409 86 484 274
bicycle 0.0012 7 84 98 249
bottle 0.0026 55 161 73 240
bottle 0.0012 245 177 259 264
bottle 0.0010 62 161 78 241
car 0.0106 467 192 488 211
car 0.0032 490 99 498 133
car 0.0018 488 82 498 150
car 0.0013 476 92 499 138
cow 0.0053 407 153 490 301
horse 0.9895 405 133 487 297
horse 0.9843 180 126 261 260
horse 0.9549 4 107 102 254
horse 0.0109 6 90 90 178
horse 0.0082 404 144 487 217
horse 0.0074 180 115 262 196
horse 0.0036 69 141 108 245
horse 0.0022 410 158 459 302
horse 0.0018 27 77 73 186
horse 0.0017 0 106 23 252
motorbike 0.0083 407 153 490 301
motorbike 0.0057 180 126 261 260
motorbike 0.0045 7 84 98 249
motorbike 0.0022 404 144 487 217
motorbike 0.0012 180 115 262 196
motorbike 0.0011 467 192 488 211
person 0.9886 411 80 481 228
person 0.9748 197 79 253 206
person 0.8980 30 75 74 174
person 0.0499 13 75 88 209
person 0.0081 403 118 479 290
person 0.0079 69 141 108 245
person 0.0061 180 115 262 196
person 0.0057 196 87 270 163
person 0.0041 23 96 98 176
person 0.0035 0 74 24 204
person 0.0025 197 113 269 255
person 0.0021 55 161 73 240
person 0.0019 -1 109 9 197
person 0.0016 169 88 250 232
person 0.0011 0 121 22 269
person 0.0010 181 101 226 205
person 0.0010 0 85 9 166
person 0.0010 184 128 207 199
