cat 0.0331 223 64 313 140
cat 0.0144 111 113 197 208
cat 0.0018 244 70 388 136
cat 0.0012 13 376 174 496
chair 0.8468 -16 -8 334 434
chair 0.2254 143 19 382 254
chair 0.0257 160 10 318 168
chair 0.0190 124 96 357 230
chair 0.0121 -2 18 318 258
chair 0.0110 76 53 397 371
chair 0.0093 224 91 379 243
chair 0.0075 4 50 161 222
chair 0.0043 -11 28 182 470
chair 0.0015 233 23 376 165
chair 0.0012 244 70 388 136
chair 0.0011 55 52 261 209
diningtable 0.0058 -12 -14 403 436
diningtable 0.0028 -3 20 390 251
dog 0.9664 40 369 184 500
dog 0.9201 118 112 199 207
dog 0.7120 239 64 318 138
dog 0.0103 34 375 339 496
dog 0.0045 244 70 388 136
dog 0.0031 165 18 368 164
dog 0.0030 44 399 142 493
dog 0.0011 254 77 307 153
horse 0.0010 223 64 313 140
person 0.0050 13 376 174 496
person 0.0047 -14 -42 336 395
person 0.0019 223 64 313 140
person 0.0018 143 19 382 254
person 0.0012 160 10 318 168
person 0.0011 250 76 304 125
person 0.0011 34 375 339 496
sofa 0.4498 -20 19 329 485
sofa 0.0602 143 19 382 254
sofa 0.0249 -46 -31 441 309
sofa 0.0073 -2 18 318 258
sofa 0.0014 76 53 397 371
sofa 0.0013 160 10 318 168
sofa 0.0010 4 50 161 222
