bottle 0.0069 280 212 307 269
bottle 0.0025 271 226 314 275
bottle 0.0015 284 206 303 253
cat 0.0011 242 150 305 195
chair 0.9360 4 246 157 376
chair 0.7263 355 171 432 234
chair 0.6166 370 279 495 378
chair 0.2684 242 142 315 205
chair 0.2092 9 154 163 296
chair 0.1447 221 118 268 169
chair 0.0938 -7 154 270 358
chair 0.0736 146 183 486 372
chair 0.0694 329 186 489 368
chair 0.0671 59 137 152 180
chair 0.0623 0 167 52 260
chair 0.0558 90 143 148 168
chair 0.0488 3 175 100 367
chair 0.0391 61 147 120 178
chair 0.0374 39 176 134 326
chair 0.0306 270 289 480 373
chair 0.0296 210 120 261 152
chair 0.0249 13 211 119 300
chair 0.0243 2 164 24 239
chair 0.0242 302 316 413 377
chair 0.0217 39 237 128 311
chair 0.0196 1 244 67 371
chair 0.0186 352 183 442 334
chair 0.0175 398 205 503 378
chair 0.0173 244 146 302 184
chair 0.0161 207 120 310 191
chair 0.0150 66 143 132 169
chair 0.0143 0 171 23 374
chair 0.0130 448 283 503 374
chair 0.0129 2 158 92 282
chair 0.0122 477 162 500 383
chair 0.0117 52 158 304 294
chair 0.0096 447 169 499 375
chair 0.0095 43 164 140 261
chair 0.0089 81 144 139 182
chair 0.0087 0 155 13 248
chair 0.0083 472 253 499 373
chair 0.0074 15 172 73 258
chair 0.0073 0 192 50 310
chair 0.0062 0 137 135 182
chair 0.0062 13 157 123 238
chair 0.0060 36 142 145 211
chair 0.0059 334 301 458 372
chair 0.0054 222 217 425 373
chair 0.0036 269 150 317 195
chair 0.0033 37 169 95 259
chair 0.0032 110 141 165 169
chair 0.0030 175 116 275 167
chair 0.0030 0 144 93 217
chair 0.0029 30 150 226 242
chair 0.0027 6 255 123 334
chair 0.0027 102 153 154 191
chair 0.0025 0 127 10 219
chair 0.0023 84 130 153 164
chair 0.0023 213 153 309 226
chair 0.0022 -25 197 191 397
chair 0.0021 361 75 499 384
chair 0.0021 0 103 20 257
chair 0.0021 72 141 167 203
chair 0.0021 1 255 27 369
chair 0.0021 374 156 487 320
chair 0.0020 443 50 499 342
chair 0.0019 8 169 57 216
chair 0.0019 102 164 336 367
chair 0.0018 71 153 127 191
chair 0.0018 61 164 180 335
chair 0.0016 481 73 500 318
chair 0.0015 471 50 499 416
chair 0.0013 238 113 320 234
chair 0.0012 -56 193 412 378
chair 0.0012 200 116 268 141
chair 0.0011 249 158 310 263
chair 0.0011 34 289 307 373
chair 0.0011 16 122 161 169
chair 0.0011 0 186 10 293
chair 0.0011 187 139 299 207
chair 0.0010 0 194 25 266
chair 0.0010 4 151 83 176
diningtable 0.9886 52 166 453 376
diningtable 0.0327 -7 154 270 358
diningtable 0.0187 78 160 357 304
diningtable 0.0049 121 145 247 203
diningtable 0.0049 9 154 163 296
diningtable 0.0039 1 273 142 377
diningtable 0.0031 334 230 496 380
diningtable 0.0031 221 118 268 169
diningtable 0.0021 61 147 120 178
diningtable 0.0018 242 150 305 195
diningtable 0.0016 90 143 148 168
diningtable 0.0015 0 137 135 182
diningtable 0.0011 30 150 226 242
diningtable 0.0011 7 144 128 216
diningtable 0.0010 179 156 307 228
diningtable 0.0010 253 202 381 266
person 0.0013 -1 178 145 355
pottedplant 0.0054 271 226 314 275
pottedplant 0.0017 9 154 163 296
sofa 0.0047 90 143 148 168
sofa 0.0029 61 147 120 178
sofa 0.0025 220 118 267 155
sofa 0.0021 242 150 305 195
sofa 0.0018 0 137 135 182
sofa 0.0011 66 143 132 169
tvmonitor 0.0011 90 143 148 168
