aeroplane 0.0032 35 168 449 268
bicycle 0.0040 67 141 136 202
bird 0.0010 89 147 132 191
boat 0.9928 56 185 431 277
boat 0.0092 92 183 230 244
boat 0.0049 73 196 249 263
boat 0.0031 164 202 424 261
boat 0.0028 181 192 410 238
boat 0.0020 64 155 213 257
boat 0.0015 46 226 324 276
car 0.0011 35 168 449 268
chair 0.0106 78 140 126 202
cow 0.0014 160 183 214 215
person 0.0334 179 222 195 239
person 0.0084 160 183 214 215
person 0.0079 120 186 242 241
person 0.0069 184 192 209 243
person 0.0051 184 220 204 239
person 0.0049 167 219 188 238
person 0.0040 134 182 180 214
person 0.0029 159 214 212 242
person 0.0023 174 188 219 226
person 0.0020 187 188 208 208
person 0.0013 173 213 199 243
person 0.0012 100 175 227 223
