boat 0.9849 68 40 349 240
boat 0.0331 72 40 217 204
boat 0.0147 276 187 360 237
boat 0.0111 171 61 394 232
boat 0.0061 161 62 276 138
boat 0.0038 107 120 458 238
boat 0.0020 100 101 216 173
boat 0.0016 208 69 306 156
boat 0.0013 43 19 519 272
boat 0.0013 101 183 470 256
boat 0.0013 233 60 284 165
boat 0.0013 54 49 159 226
boat 0.0012 67 115 221 232
boat 0.0012 282 134 324 168
boat 0.0012 300 73 335 168
boat 0.0010 122 20 237 178
boat 0.0010 0 59 10 150
boat 0.0010 346 61 478 105
bus 0.0022 438 81 493 110
bus 0.0015 292 188 379 234
car 0.0095 419 96 437 109
car 0.0019 446 89 469 106
car 0.0011 292 188 379 234
person 0.8022 352 187 369 234
person 0.0772 319 193 343 230
person 0.0358 306 186 318 214
person 0.0185 302 186 322 230
person 0.0151 316 190 364 233
person 0.0135 327 192 352 231
person 0.0131 355 186 368 216
person 0.0089 309 191 336 229
person 0.0088 341 191 378 231
person 0.0087 321 191 339 211
person 0.0068 313 191 330 211
person 0.0067 290 186 317 232
person 0.0063 276 187 360 237
person 0.0051 342 198 364 236
person 0.0037 332 207 349 234
person 0.0028 357 185 375 235
person 0.0021 295 187 311 210
person 0.0020 325 202 341 236
person 0.0018 331 197 349 224
person 0.0016 179 133 198 154
person 0.0014 314 195 331 222
person 0.0013 185 131 206 172
person 0.0011 175 126 202 163
person 0.0011 276 165 324 236
train 0.0034 438 81 493 110
