aeroplane 0.9997 6 129 485 311
aeroplane 0.0468 3 274 42 304
aeroplane 0.0329 403 221 500 279
aeroplane 0.0245 449 197 503 275
aeroplane 0.0119 453 213 496 246
aeroplane 0.0112 471 158 498 272
aeroplane 0.0079 323 104 493 275
aeroplane 0.0078 1 214 28 249
aeroplane 0.0036 389 243 464 280
aeroplane 0.0032 -3 207 51 300
aeroplane 0.0027 5 286 61 303
aeroplane 0.0026 488 186 499 276
aeroplane 0.0024 472 204 500 256
aeroplane 0.0023 398 260 456 280
aeroplane 0.0022 1 191 326 316
aeroplane 0.0019 356 231 477 281
aeroplane 0.0019 2 201 128 308
aeroplane 0.0016 440 132 499 293
aeroplane 0.0015 0 243 64 303
aeroplane 0.0014 -1 239 33 308
aeroplane 0.0014 -5 220 49 260
aeroplane 0.0010 -1 195 30 279
aeroplane 0.0010 0 281 28 301
boat 0.0029 488 186 499 276
boat 0.0027 474 134 499 256
boat 0.0016 472 204 500 256
car 0.0076 3 284 42 304
car 0.0046 43 290 63 302
car 0.0046 478 259 495 278
car 0.0045 31 290 55 302
car 0.0042 405 263 429 279
car 0.0040 0 281 28 301
car 0.0023 488 255 498 283
car 0.0020 417 263 437 279
car 0.0019 400 262 419 279
car 0.0016 393 259 442 280
car 0.0014 24 289 44 301
car 0.0012 11 286 36 302
person 0.0018 417 263 437 279
