aeroplane 0.0145 451 64 500 131
aeroplane 0.0025 450 97 497 131
bicycle 0.0031 0 174 12 207
bicycle 0.0025 0 169 23 214
bicycle 0.0022 0 184 11 214
bicycle 0.0020 27 172 38 209
boat 0.0059 451 81 497 129
boat 0.0019 300 42 362 72
bus 0.0041 0 159 14 211
car 0.2890 0 170 15 214
car 0.0140 0 169 11 199
car 0.0114 0 184 11 214
car 0.0065 0 163 24 208
car 0.0019 4 175 20 208
car 0.0016 -9 175 21 210
car 0.0012 3 166 46 203
car 0.0010 450 112 497 135
motorbike 0.0248 0 170 15 214
motorbike 0.0017 25 166 40 210
motorbike 0.0015 0 184 11 214
person 0.5296 24 164 41 204
person 0.1265 44 160 59 205
person 0.0632 32 163 50 205
person 0.0379 27 172 38 209
person 0.0294 0 169 23 214
person 0.0247 36 175 47 208
person 0.0219 18 164 34 206
person 0.0097 0 174 12 207
person 0.0086 46 173 57 209
person 0.0069 26 164 40 188
person 0.0068 53 161 69 208
person 0.0050 55 167 66 201
person 0.0030 0 184 11 214
person 0.0030 14 165 52 203
person 0.0026 63 167 79 213
person 0.0013 65 175 77 205
person 0.0012 36 163 50 187
person 0.0011 210 151 221 177
train 0.9997 61 82 503 266
train 0.0061 451 64 500 131
train 0.0013 0 170 15 214
