bottle 0.0011 34 246 49 268
bus 0.9999 62 69 451 320
bus 0.8252 4 155 62 270
bus 0.0276 0 158 26 268
bus 0.0095 51 161 83 270
bus 0.0070 329 200 430 259
bus 0.0033 0 224 10 293
bus 0.0027 0 190 11 249
bus 0.0026 17 128 165 282
bus 0.0022 451 139 495 259
bus 0.0016 351 186 393 254
bus 0.0016 57 111 123 290
bus 0.0012 229 84 473 305
bus 0.0011 0 246 12 307
bus 0.0010 0 206 9 232
car 0.0232 0 231 10 304
car 0.0117 0 231 8 263
car 0.0107 -1 249 24 306
car 0.0084 0 206 9 232
car 0.0053 0 259 9 292
car 0.0037 489 231 496 263
car 0.0034 346 214 392 258
car 0.0033 0 190 11 249
car 0.0027 478 229 488 253
car 0.0025 490 224 497 254
car 0.0023 0 247 8 283
car 0.0019 0 234 23 282
car 0.0018 34 246 49 268
car 0.0012 1 224 20 324
car 0.0012 0 174 6 205
car 0.0011 0 201 10 276
car 0.0010 41 247 61 267
motorbike 0.0017 346 214 392 258
person 0.8453 466 227 483 284
person 0.8027 450 215 466 281
person 0.2342 354 208 383 247
person 0.1857 459 220 475 280
person 0.1288 346 214 392 258
person 0.0586 324 207 339 234
person 0.0571 360 208 378 232
person 0.0474 386 220 407 255
person 0.0394 469 253 481 281
person 0.0256 476 228 490 284
person 0.0219 466 225 481 252
person 0.0193 369 209 387 231
person 0.0179 316 208 331 232
person 0.0167 450 220 463 241
person 0.0126 382 227 399 250
person 0.0115 0 231 10 304
person 0.0101 463 221 485 261
person 0.0084 351 215 370 242
person 0.0084 459 224 471 252
person 0.0084 478 231 488 263
person 0.0074 448 240 464 289
person 0.0074 489 231 496 263
person 0.0070 162 127 174 145
person 0.0068 440 209 468 289
person 0.0066 343 210 362 250
person 0.0060 383 217 399 241
person 0.0059 171 127 184 145
person 0.0058 353 211 371 232
person 0.0057 28 245 40 271
person 0.0057 330 207 350 248
person 0.0050 415 206 438 256
person 0.0048 34 246 49 268
person 0.0047 256 116 270 134
person 0.0047 443 215 458 282
person 0.0045 444 226 455 250
person 0.0044 150 131 165 146
person 0.0037 453 215 488 284
person 0.0036 389 215 406 244
person 0.0036 276 115 287 131
person 0.0034 266 116 279 132
person 0.0034 179 127 193 143
person 0.0033 486 222 498 292
person 0.0032 333 208 347 233
person 0.0029 132 133 147 148
person 0.0029 412 225 424 253
person 0.0028 490 224 497 254
person 0.0028 380 210 401 249
person 0.0028 477 253 488 283
person 0.0027 419 225 433 251
person 0.0025 432 224 442 252
person 0.0025 312 209 333 245
person 0.0022 467 220 482 241
person 0.0021 63 208 80 287
person 0.0020 359 202 396 238
person 0.0019 248 117 263 134
person 0.0018 346 220 359 255
person 0.0017 461 227 472 267
person 0.0017 366 222 412 254
person 0.0017 401 227 415 252
person 0.0017 140 132 157 148
person 0.0016 442 221 454 240
person 0.0016 409 217 427 260
person 0.0016 429 213 445 264
person 0.0016 0 237 23 300
person 0.0014 351 186 393 254
person 0.0013 0 259 9 292
person 0.0013 0 174 6 205
person 0.0013 0 231 8 263
person 0.0013 361 201 378 222
person 0.0012 382 209 398 232
person 0.0012 0 247 8 283
person 0.0011 447 213 467 252
person 0.0011 329 200 430 259
person 0.0011 299 206 344 234
person 0.0010 134 127 147 144
person 0.0010 488 239 497 274
person 0.0010 276 214 287 237
person 0.0010 431 216 443 242
train 0.0038 4 155 62 270
