bird 0.0014 142 15 264 98
car 0.0040 -1 9 501 381
cat 0.9267 149 179 349 360
cat 0.5190 142 15 264 98
cat 0.0087 53 89 379 378
cat 0.0023 173 159 387 299
cat 0.0013 126 14 374 110
chair 0.5281 0 35 503 407
chair 0.2242 107 87 395 376
chair 0.0094 139 11 276 106
chair 0.0066 123 14 452 293
chair 0.0050 149 179 349 360
chair 0.0017 174 14 398 113
chair 0.0016 0 25 202 356
diningtable 0.0256 121 180 369 388
diningtable 0.0057 -1 9 501 381
dog 0.0183 120 180 326 355
dog 0.0152 139 11 263 90
person 0.0612 110 76 449 379
person 0.0029 174 14 398 113
person 0.0024 85 161 359 370
person 0.0020 -2 0 502 320
person 0.0012 189 13 459 289
pottedplant 0.0025 132 11 284 85
sofa 0.8718 0 35 503 407
sofa 0.2824 107 87 395 376
sofa 0.0247 69 25 437 278
