car 0.0029 52 95 95 117
cow 0.0094 89 113 101 132
cow 0.0035 24 141 57 182
cow 0.0033 50 137 91 198
cow 0.0018 9 128 69 181
cow 0.0017 223 164 331 257
horse 0.0017 89 113 101 132
person 0.0033 89 113 101 132
sheep 0.9759 218 161 325 259
sheep 0.9646 50 137 91 198
sheep 0.4113 19 127 57 182
sheep 0.3083 17 131 89 189
sheep 0.0109 -3 121 55 172
sheep 0.0089 89 113 101 132
sheep 0.0041 -1 90 39 123
sheep 0.0036 34 137 75 196
sheep 0.0026 -2 122 23 189
sheep 0.0018 46 141 67 186
sheep 0.0015 0 71 49 119
sheep 0.0012 11 123 27 184
sheep 0.0011 17 130 35 181
sheep 0.0011 -5 -55 80 85
sheep 0.0011 20 127 64 155
sheep 0.0010 -1 86 22 171
