bus 0.9916 404 147 500 218
bus 0.9868 -1 138 85 223
bus 0.9849 84 136 179 225
bus 0.8484 183 143 231 213
bus 0.6749 216 137 378 219
bus 0.6749 356 145 402 219
bus 0.1010 305 138 400 218
bus 0.0310 204 155 226 211
bus 0.0152 82 155 97 214
bus 0.0144 190 137 296 211
bus 0.0127 135 144 179 215
bus 0.0102 191 156 221 210
bus 0.0101 178 146 195 205
bus 0.0070 182 156 209 209
bus 0.0063 391 155 406 210
bus 0.0051 76 148 91 202
bus 0.0044 221 141 268 215
bus 0.0043 225 149 243 217
bus 0.0025 84 163 96 186
bus 0.0024 442 155 497 221
bus 0.0023 39 147 85 217
bus 0.0023 78 162 88 186
bus 0.0023 137 139 234 206
bus 0.0020 357 144 474 206
bus 0.0019 173 155 187 211
bus 0.0019 216 153 233 215
bus 0.0017 83 137 98 196
bus 0.0017 79 144 133 220
bus 0.0014 196 160 235 205
bus 0.0013 -1 159 12 207
bus 0.0013 0 140 26 224
bus 0.0010 182 170 192 197
bus 0.0010 80 168 88 195
car 0.0161 408 151 500 224
car 0.0150 -1 141 83 234
car 0.0145 186 155 225 209
car 0.0136 80 168 88 195
car 0.0086 0 168 9 195
car 0.0080 84 163 96 186
car 0.0075 78 162 88 186
car 0.0060 84 169 95 195
car 0.0036 85 142 179 233
car 0.0030 82 155 97 214
car 0.0029 182 170 192 197
car 0.0028 -1 159 12 207
car 0.0028 4 171 20 193
car 0.0027 378 316 477 340
car 0.0024 175 169 184 195
car 0.0021 5 165 20 185
car 0.0013 78 156 90 211
car 0.0013 95 162 104 185
car 0.0012 379 301 496 357
car 0.0012 0 165 23 202
car 0.0010 182 180 191 205
car 0.0010 491 166 499 198
person 0.0228 18 164 28 186
person 0.0197 80 168 88 195
person 0.0172 36 165 48 185
person 0.0118 27 167 40 184
person 0.0065 78 162 88 186
person 0.0064 182 170 192 197
person 0.0052 43 165 58 185
person 0.0048 5 165 20 185
person 0.0046 95 162 104 185
person 0.0044 84 163 96 186
person 0.0040 84 169 95 195
person 0.0036 182 180 191 205
person 0.0033 180 157 195 209
person 0.0032 335 165 347 183
person 0.0032 175 169 184 195
person 0.0029 4 171 20 193
person 0.0028 79 163 90 218
person 0.0028 0 168 9 195
person 0.0026 141 166 154 183
person 0.0023 82 155 97 214
person 0.0021 225 149 243 217
person 0.0017 54 173 68 189
person 0.0016 95 154 105 176
person 0.0015 334 171 346 189
person 0.0014 306 170 316 189
person 0.0013 85 153 96 176
person 0.0013 85 177 94 209
person 0.0013 175 179 183 205
person 0.0012 180 161 192 187
person 0.0011 53 166 70 184
person 0.0011 325 172 338 188
person 0.0011 391 155 406 210
person 0.0011 150 165 167 183
person 0.0010 0 165 23 202
person 0.0010 9 144 78 231
train 0.0061 204 155 226 211
train 0.0043 408 151 500 224
train 0.0033 182 149 228 201
train 0.0022 -1 141 83 234
train 0.0018 182 156 209 209
train 0.0017 178 146 195 205
train 0.0011 85 142 179 233
train 0.0010 391 155 406 210
