bicycle 0.0022 0 282 16 336
bicycle 0.0019 2 269 25 333
bicycle 0.0013 173 25 333 326
bicycle 0.0010 142 294 199 390
boat 0.0022 173 25 333 326
bus 0.0031 221 51 321 312
car 0.0029 2 269 25 333
chair 0.0689 141 303 198 399
chair 0.0015 0 282 16 336
diningtable 0.0031 141 303 198 399
motorbike 0.0035 2 255 24 331
person 0.2992 2 255 24 331
person 0.0370 16 255 30 327
person 0.0136 0 265 16 337
person 0.0084 26 257 40 326
person 0.0010 147 303 167 344
person 0.0010 189 265 205 316
pottedplant 0.0029 192 14 343 332
train 0.0409 173 25 333 326
train 0.0064 176 171 326 317
train 0.0026 153 238 195 320
train 0.0013 176 213 207 311
