bicycle 0.0037 248 201 425 315
bottle 0.0045 62 165 79 236
bottle 0.0029 241 224 254 273
bottle 0.0028 357 293 421 325
bottle 0.0013 243 218 261 265
bottle 0.0010 345 288 395 329
chair 0.0285 471 208 499 292
chair 0.0133 294 202 492 309
chair 0.0102 475 205 501 260
chair 0.0101 406 208 496 268
chair 0.0057 453 206 500 276
chair 0.0042 476 207 499 377
chair 0.0035 485 202 500 279
chair 0.0029 114 323 251 372
chair 0.0017 344 205 481 263
chair 0.0017 405 209 497 346
chair 0.0014 452 214 504 327
diningtable 0.0406 90 307 487 374
diningtable 0.0018 294 202 492 309
diningtable 0.0011 114 323 251 372
diningtable 0.0010 474 207 500 272
person 0.0022 62 165 79 236
pottedplant 0.6296 282 200 435 313
pottedplant 0.5688 157 130 197 268
pottedplant 0.0433 278 99 312 169
pottedplant 0.0198 154 131 199 175
pottedplant 0.0166 317 203 419 276
pottedplant 0.0161 140 118 199 307
pottedplant 0.0151 185 211 405 324
pottedplant 0.0103 265 221 448 362
pottedplant 0.0073 159 117 198 209
pottedplant 0.0053 345 288 395 329
pottedplant 0.0044 292 92 312 156
pottedplant 0.0030 289 115 310 167
pottedplant 0.0029 300 252 409 327
pottedplant 0.0028 283 112 304 171
pottedplant 0.0024 363 203 496 314
pottedplant 0.0020 173 126 199 165
pottedplant 0.0020 165 202 190 259
pottedplant 0.0018 151 157 211 339
pottedplant 0.0016 229 290 492 378
pottedplant 0.0016 173 138 200 185
pottedplant 0.0012 344 205 481 263
pottedplant 0.0012 151 157 188 304
pottedplant 0.0010 315 281 423 335
tvmonitor 0.9862 198 92 294 175
