bicycle 0.9592 59 277 201 421
bicycle 0.0041 77 273 193 365
bicycle 0.0010 246 264 273 316
car 0.0147 210 233 279 317
car 0.0042 242 230 274 321
car 0.0028 0 233 63 311
car 0.0012 225 250 269 330
horse 0.0015 -2 240 16 307
horse 0.0011 223 228 265 322
horse 0.0010 242 230 274 321
motorbike 0.0024 242 230 274 321
motorbike 0.0018 225 250 269 330
motorbike 0.0013 246 264 273 316
person 0.9515 12 231 48 312
person 0.9428 91 174 201 383
person 0.8901 190 222 224 336
person 0.6575 242 230 274 321
person 0.5582 223 228 265 322
person 0.5516 212 225 240 327
person 0.2412 41 235 56 311
person 0.1485 -2 240 16 307
person 0.0287 81 218 124 339
person 0.0224 258 240 279 309
person 0.0210 220 218 237 307
person 0.0199 81 224 113 304
person 0.0122 29 234 63 310
person 0.0122 90 223 116 267
person 0.0099 29 185 49 241
person 0.0074 78 201 143 362
person 0.0064 96 222 112 243
person 0.0046 46 240 63 304
person 0.0041 215 223 232 289
person 0.0041 190 218 216 291
person 0.0036 193 226 209 323
person 0.0032 16 191 49 296
person 0.0025 239 243 262 308
person 0.0022 247 228 274 281
person 0.0021 202 227 221 324
person 0.0021 173 219 211 338
person 0.0020 213 225 229 247
person 0.0020 192 213 216 258
person 0.0018 18 225 41 287
person 0.0018 236 238 281 291
person 0.0017 221 230 236 254
person 0.0017 178 213 238 349
person 0.0017 21 233 38 252
person 0.0016 -4 235 8 298
person 0.0015 220 255 243 326
person 0.0014 80 239 98 288
person 0.0014 228 247 253 319
person 0.0014 36 233 56 281
person 0.0013 29 233 47 298
person 0.0012 246 264 273 316
person 0.0012 9 233 28 296
person 0.0011 -1 251 7 293
person 0.0011 42 244 53 282
person 0.0010 199 217 223 274
