bicycle 0.0157 225 214 283 260
bicycle 0.0086 208 212 261 262
bicycle 0.0049 249 213 279 261
car 0.0050 209 204 262 257
car 0.0015 227 207 282 256
cow 0.0497 218 205 270 256
cow 0.0249 249 213 279 261
cow 0.0018 213 216 241 261
dog 0.0058 218 205 270 256
dog 0.0044 249 213 279 261
horse 0.4868 211 211 279 262
horse 0.0140 249 213 279 261
motorbike 0.0078 225 214 283 260
motorbike 0.0051 209 204 262 257
motorbike 0.0029 249 213 279 261
person 0.0124 218 205 270 256
person 0.0087 249 213 279 261
sheep 0.0026 218 205 270 256
sheep 0.0010 249 213 279 261
