aeroplane 0.8903 326 142 375 165
aeroplane 0.0476 334 146 368 161
aeroplane 0.0055 328 146 342 157
aeroplane 0.0039 331 133 382 160
aeroplane 0.0020 336 151 368 166
bird 0.0207 33 199 49 220
bird 0.0126 29 193 53 245
bird 0.0066 30 197 42 219
bird 0.0034 54 74 72 92
bird 0.0025 33 180 52 199
bird 0.0022 33 190 51 211
bird 0.0021 62 73 77 93
bird 0.0021 25 199 46 253
bird 0.0021 29 180 54 223
bird 0.0018 -10 -108 106 103
bird 0.0017 326 142 375 165
bird 0.0015 29 179 41 198
bird 0.0014 31 159 56 201
bird 0.0012 34 172 53 192
bird 0.0011 44 197 56 221
bird 0.0011 34 205 50 231
boat 0.0196 336 143 380 164
boat 0.0052 10 45 37 83
boat 0.0041 13 54 34 74
boat 0.0025 15 62 68 103
boat 0.0023 14 62 34 83
boat 0.0016 322 145 377 171
boat 0.0014 23 55 39 75
boat 0.0014 1 56 45 90
boat 0.0014 4 43 26 87
boat 0.0011 23 63 39 84
boat 0.0010 12 61 36 103
cat 0.0023 29 193 53 245
cat 0.0012 33 199 49 220
cow 0.0010 33 199 49 220
dog 0.0048 29 193 53 245
dog 0.0042 33 199 49 220
pottedplant 0.0018 30 168 55 210
sheep 0.0019 33 199 49 220
sheep 0.0012 -10 -108 106 103
