car 0.0015 0 160 11 226
car 0.0014 0 175 8 209
person 0.9988 -2 76 249 375
person 0.9910 221 62 499 376
person 0.0928 85 73 329 378
person 0.0235 0 174 11 247
person 0.0148 0 140 10 226
person 0.0075 0 181 9 218
person 0.0048 0 121 19 314
person 0.0039 438 116 471 194
person 0.0031 3 147 18 215
person 0.0029 1 181 20 239
person 0.0028 2 33 490 365
person 0.0025 57 151 68 176
person 0.0023 352 -8 504 388
person 0.0017 0 154 60 361
person 0.0016 151 112 248 364
person 0.0011 -2 108 93 371
tvmonitor 0.0025 0 58 244 351
