bird 0.0015 361 -91 506 130
bus 0.9994 41 114 391 283
bus 0.0268 364 123 496 264
bus 0.0063 10 169 35 217
bus 0.0052 35 121 244 268
bus 0.0032 19 169 44 219
bus 0.0031 213 105 421 263
bus 0.0024 378 156 487 228
bus 0.0021 3 140 47 221
bus 0.0019 477 124 500 270
bus 0.0017 4 163 22 222
bus 0.0016 0 155 11 229
bus 0.0012 449 136 498 253
car 0.0121 479 215 497 286
car 0.0081 486 216 499 304
car 0.0024 489 263 498 294
car 0.0010 0 155 11 229
car 0.0010 0 196 8 226
person 0.0269 75 190 89 213
person 0.0130 65 191 79 213
person 0.0065 319 155 343 206
person 0.0055 244 166 267 216
person 0.0051 82 189 95 214
person 0.0041 478 174 498 298
person 0.0041 71 186 92 219
person 0.0040 82 202 99 258
person 0.0040 295 155 307 189
person 0.0028 487 202 498 300
person 0.0023 38 187 48 218
person 0.0022 54 191 69 213
person 0.0017 476 190 495 251
person 0.0017 261 152 287 193
person 0.0011 36 178 51 226
person 0.0011 45 191 58 216
person 0.0011 61 187 83 219
person 0.0010 197 134 210 153
person 0.0010 479 226 497 291
train 0.0014 10 169 35 217
train 0.0010 19 169 44 219
