bird 0.0030 43 225 84 365
bird 0.0015 5 219 88 371
cow 0.0373 350 292 470 373
cow 0.0027 97 127 479 357
cow 0.0021 32 214 98 373
cow 0.0017 401 244 499 373
dog 0.0038 43 225 84 365
dog 0.0034 345 289 450 371
horse 0.0011 5 219 88 371
person 0.4541 0 240 49 373
person 0.1334 5 219 88 371
person 0.0940 43 225 84 365
person 0.0162 27 227 70 363
person 0.0058 1 124 56 389
person 0.0055 0 204 27 349
person 0.0052 0 229 9 308
person 0.0049 4 231 42 270
person 0.0044 33 196 66 315
person 0.0042 5 206 47 305
person 0.0028 0 238 7 276
person 0.0023 46 207 116 373
person 0.0023 29 211 54 271
person 0.0022 35 153 93 360
person 0.0015 0 203 10 278
sheep 0.9973 102 162 471 374
sheep 0.2750 350 292 470 373
sheep 0.0355 329 229 487 377
sheep 0.0118 45 207 85 346
sheep 0.0100 253 194 472 349
sheep 0.0099 76 159 279 380
sheep 0.0067 15 0 491 379
sheep 0.0053 179 286 485 374
sheep 0.0048 99 163 248 302
sheep 0.0037 373 282 444 313
sheep 0.0036 148 173 421 306
sheep 0.0022 401 244 499 373
sheep 0.0020 319 313 437 374
sheep 0.0017 361 287 423 372
sheep 0.0016 89 143 252 245
sheep 0.0013 35 153 93 360
sheep 0.0011 90 183 195 362
