bottle 0.2149 147 233 193 351
bottle 0.0048 320 104 339 159
bottle 0.0045 311 92 332 168
bottle 0.0026 296 93 334 175
bottle 0.0013 301 100 325 161
chair 0.9772 322 22 496 274
chair 0.2496 -1 73 65 279
chair 0.0818 0 80 58 187
chair 0.0152 329 15 491 139
chair 0.0051 120 51 214 299
chair 0.0049 122 1 377 372
chair 0.0037 397 58 496 257
chair 0.0029 321 -28 491 94
chair 0.0019 323 125 496 375
chair 0.0018 0 60 56 146
chair 0.0011 184 1 484 294
diningtable 0.0052 -1 73 65 279
diningtable 0.0022 326 25 498 325
diningtable 0.0011 0 80 58 187
person 0.0011 320 -3 495 240
pottedplant 0.0025 274 97 327 173
pottedplant 0.0018 296 93 334 175
pottedplant 0.0010 320 104 339 159
sofa 0.0029 320 -3 495 240
sofa 0.0019 0 57 62 258
