bottle 0.0030 130 85 153 145
bottle 0.0016 299 167 364 198
car 0.0023 3 34 500 337
cat 0.0013 177 107 267 172
chair 0.0328 3 34 500 337
dog 0.7153 13 86 405 305
dog 0.1340 143 100 497 346
dog 0.0706 183 126 470 242
dog 0.0580 332 119 483 251
dog 0.0383 23 98 254 276
dog 0.0189 334 155 455 233
dog 0.0130 78 153 423 286
dog 0.0126 3 -24 501 328
dog 0.0095 177 107 267 172
dog 0.0078 97 0 487 211
dog 0.0071 285 160 427 225
dog 0.0034 192 81 460 207
dog 0.0030 25 81 142 241
dog 0.0014 83 93 342 209
dog 0.0011 6 79 201 360
person 0.3594 3 -24 501 328
person 0.0220 13 86 405 305
person 0.0104 155 67 490 321
person 0.0082 157 -3 490 218
person 0.0012 183 126 470 242
person 0.0011 4 -105 506 182
sofa 0.1988 3 34 500 337
