bottle 0.0043 193 160 217 215
bottle 0.0017 162 108 173 132
chair 0.0044 0 244 82 494
chair 0.0036 0 406 87 502
chair 0.0021 95 119 150 210
chair 0.0013 137 139 228 216
chair 0.0012 103 166 154 210
pottedplant 0.0283 63 42 148 207
pottedplant 0.0012 95 119 150 210
sofa 0.0036 3 251 76 461
sofa 0.0021 0 406 87 502
train 0.0026 64 52 276 208
tvmonitor 0.9472 286 263 489 467
tvmonitor 0.5986 1 245 61 471
tvmonitor 0.0136 0 406 87 502
tvmonitor 0.0049 475 291 499 459
tvmonitor 0.0036 1 339 24 492
tvmonitor 0.0027 7 259 61 371
tvmonitor 0.0026 0 237 19 469
tvmonitor 0.0014 1 315 88 505
tvmonitor 0.0013 -2 214 33 529
tvmonitor 0.0010 439 280 498 470
