cow 0.0029 299 129 363 197
cow 0.0023 40 78 65 106
cow 0.0019 52 81 70 107
cow 0.0011 69 86 90 116
cow 0.0010 155 99 182 143
sheep 0.9682 299 129 363 197
sheep 0.9501 126 94 149 130
sheep 0.9452 155 99 182 143
sheep 0.6546 69 86 90 116
sheep 0.5101 36 75 52 98
sheep 0.4888 40 78 65 106
sheep 0.4269 52 81 70 107
sheep 0.2119 62 82 83 108
sheep 0.1122 53 82 91 112
sheep 0.0574 124 96 170 132
sheep 0.0401 135 95 158 133
sheep 0.0113 157 117 180 142
sheep 0.0062 80 91 96 115
sheep 0.0056 122 91 144 121
sheep 0.0049 163 101 187 130
sheep 0.0049 61 79 85 98
sheep 0.0048 74 100 90 118
sheep 0.0042 44 89 62 110
sheep 0.0037 38 76 85 102
sheep 0.0032 29 75 45 94
sheep 0.0030 168 118 185 145
sheep 0.0029 149 98 170 136
sheep 0.0029 72 81 91 95
sheep 0.0025 153 120 168 138
sheep 0.0025 63 90 114 119
sheep 0.0020 112 93 152 124
sheep 0.0017 147 96 170 113
sheep 0.0017 492 190 499 212
sheep 0.0016 82 101 97 117
sheep 0.0014 94 98 145 127
sheep 0.0014 27 76 62 101
sheep 0.0013 42 74 61 85
sheep 0.0011 38 89 52 109
sheep 0.0011 36 73 51 85
