bottle 0.0043 100 211 126 259
cat 0.0769 175 184 332 364
cat 0.0144 201 172 312 263
dog 0.7979 175 184 332 364
dog 0.0166 180 174 327 269
person 0.0011 176 176 329 350
pottedplant 0.9688 240 -3 400 248
pottedplant 0.6268 111 1 257 209
pottedplant 0.5249 121 140 236 231
pottedplant 0.0496 100 211 126 259
pottedplant 0.0122 99 231 139 328
pottedplant 0.0100 243 0 402 127
pottedplant 0.0059 186 148 246 185
pottedplant 0.0053 180 174 327 269
pottedplant 0.0034 114 160 294 259
pottedplant 0.0033 111 154 149 250
pottedplant 0.0022 104 12 191 238
pottedplant 0.0021 94 252 145 293
pottedplant 0.0014 230 -1 335 176
pottedplant 0.0013 161 5 275 169
pottedplant 0.0013 109 -3 393 225
pottedplant 0.0013 120 140 165 232
pottedplant 0.0013 164 115 333 230
pottedplant 0.0012 109 229 128 256
sheep 0.0094 175 184 332 364
sheep 0.0044 240 -3 400 248
sofa 0.0014 164 157 341 368
