bottle 0.0033 -1 117 7 150
bottle 0.0018 -1 94 11 154
bottle 0.0012 0 87 8 121
car 0.0012 -5 111 34 156
car 0.0012 1 126 62 157
chair 0.0787 219 126 505 378
chair 0.0018 58 52 521 369
person 0.9962 221 19 501 377
person 0.9932 9 49 274 372
person 0.8420 41 98 88 173
person 0.3471 -1 130 85 309
person 0.0430 0 113 44 152
person 0.0406 0 91 29 185
person 0.0275 46 102 78 149
person 0.0211 -1 102 29 147
person 0.0137 -1 94 11 154
person 0.0131 0 99 27 256
person 0.0092 0 83 44 159
person 0.0083 30 115 75 151
person 0.0077 119 24 377 369
person 0.0075 35 124 53 143
person 0.0072 0 127 52 230
person 0.0063 41 104 64 147
person 0.0062 28 112 79 198
person 0.0054 -7 81 131 375
person 0.0050 1 126 62 157
person 0.0044 41 123 61 142
person 0.0039 12 122 32 143
person 0.0039 -1 117 7 150
person 0.0037 31 90 73 163
person 0.0036 33 133 54 150
person 0.0034 0 129 23 340
person 0.0028 13 94 90 230
person 0.0026 42 108 84 235
person 0.0025 434 50 498 309
person 0.0024 43 113 60 136
person 0.0024 7 124 37 159
person 0.0023 11 114 32 135
person 0.0020 50 93 89 140
person 0.0019 -3 101 63 173
person 0.0019 12 133 73 170
person 0.0018 11 131 33 150
person 0.0017 15 138 74 254
person 0.0017 80 76 102 113
person 0.0016 0 121 28 163
person 0.0015 0 95 8 131
person 0.0014 -1 93 34 386
person 0.0014 36 116 54 136
person 0.0013 -1 113 10 173
person 0.0013 0 73 10 138
person 0.0012 0 133 497 372
person 0.0010 4 122 24 144
person 0.0010 363 1 501 367
person 0.0010 3 112 24 135
person 0.0010 59 94 81 112
sofa 0.0445 2 54 494 376
sofa 0.0027 219 126 505 378
tvmonitor 0.9760 45 16 118 81
tvmonitor 0.0059 4 10 490 378
tvmonitor 0.0035 75 22 124 70
tvmonitor 0.0024 -2 2 55 157
tvmonitor 0.0011 42 27 64 87
