bottle 0.9019 90 111 341 356
bottle 0.6884 153 146 333 308
bottle 0.2339 262 147 338 215
bottle 0.0949 212 86 363 208
bottle 0.0577 288 146 333 236
bottle 0.0561 217 122 304 192
bottle 0.0447 368 -3 498 160
bottle 0.0218 222 108 340 174
bottle 0.0198 228 152 332 235
bottle 0.0186 297 151 326 210
bottle 0.0164 215 111 269 177
bottle 0.0161 57 38 380 270
bottle 0.0109 93 85 346 213
bottle 0.0106 -3 7 193 363
bottle 0.0092 291 126 337 203
bottle 0.0083 75 121 292 254
bottle 0.0073 273 155 325 274
bottle 0.0061 278 151 328 198
bottle 0.0059 123 224 362 373
bottle 0.0046 228 132 280 178
bottle 0.0039 269 130 356 199
bottle 0.0039 306 145 334 201
bottle 0.0033 122 43 374 167
bottle 0.0029 254 140 305 215
bottle 0.0028 5 -4 198 156
bottle 0.0027 253 163 313 202
bottle 0.0023 208 125 317 279
bottle 0.0022 176 60 390 328
bottle 0.0021 37 -18 392 86
bottle 0.0020 365 1 496 373
bottle 0.0017 -16 -7 373 377
bottle 0.0016 254 1 490 146
bottle 0.0016 333 184 491 356
bottle 0.0013 245 132 300 177
bottle 0.0013 267 145 318 184
bottle 0.0012 168 -1 403 130
bottle 0.0011 167 150 479 379
bottle 0.0011 43 -18 453 159
bottle 0.0010 218 48 423 171
bottle 0.0010 277 138 347 297
bottle 0.0010 308 139 360 217
chair 0.0052 449 287 499 373
chair 0.0014 374 -15 502 172
person 0.1184 368 -3 498 160
person 0.0912 -11 -4 269 308
person 0.0148 76 74 358 319
person 0.0044 5 -4 198 156
person 0.0040 32 -10 471 381
person 0.0038 365 1 496 373
person 0.0033 23 3 415 219
person 0.0027 29 -15 311 88
person 0.0015 75 0 220 52
person 0.0014 146 84 351 208
person 0.0010 -4 -21 97 189
sofa 0.0025 374 -15 502 172
sofa 0.0010 449 287 499 373
tvmonitor 0.0013 374 -15 502 172
tvmonitor 0.0010 449 287 499 373
