bicycle 0.1195 289 119 334 166
bicycle 0.0140 395 111 499 364
bicycle 0.0055 267 121 318 163
bicycle 0.0022 176 149 216 196
bicycle 0.0017 258 110 335 165
car 0.1557 258 110 335 165
car 0.0323 289 119 334 166
car 0.0271 393 157 500 384
car 0.0231 211 108 304 170
car 0.0113 109 122 180 221
car 0.0099 156 127 177 144
car 0.0083 267 121 318 163
car 0.0071 262 115 305 154
car 0.0064 196 139 279 255
car 0.0057 321 99 339 115
car 0.0054 219 100 334 155
car 0.0050 196 117 280 207
car 0.0049 286 110 338 145
car 0.0039 226 110 246 123
car 0.0028 266 106 319 149
car 0.0024 221 102 288 129
car 0.0021 176 149 216 196
car 0.0020 85 130 134 157
car 0.0019 145 125 190 148
car 0.0018 242 107 307 145
car 0.0017 286 98 337 134
car 0.0015 159 131 174 151
car 0.0015 135 121 182 153
car 0.0014 231 109 257 124
car 0.0014 91 135 111 150
car 0.0013 196 127 215 145
car 0.0013 184 127 209 144
car 0.0012 221 109 268 136
car 0.0011 183 96 299 152
cow 0.0233 289 119 334 166
cow 0.0012 176 149 216 196
dog 0.0037 289 119 334 166
horse 0.0348 289 119 334 166
horse 0.0014 176 149 216 196
motorbike 0.9840 193 130 283 260
motorbike 0.8525 393 138 501 370
motorbike 0.3800 258 110 335 165
motorbike 0.2260 289 119 334 166
motorbike 0.0182 211 108 304 170
motorbike 0.0096 267 121 318 163
motorbike 0.0053 182 123 267 203
motorbike 0.0031 234 106 282 173
motorbike 0.0031 219 100 334 155
motorbike 0.0024 176 149 216 196
motorbike 0.0016 190 103 307 213
motorbike 0.0014 180 133 219 219
motorbike 0.0013 229 116 325 185
motorbike 0.0012 401 59 501 299
motorbike 0.0011 297 107 346 147
motorbike 0.0010 256 115 301 186
person 0.9953 125 112 168 230
person 0.0202 192 112 283 251
person 0.0186 293 108 337 165
person 0.0056 66 112 79 134
person 0.0048 215 109 270 214
person 0.0024 124 114 172 152
person 0.0022 321 99 339 115
person 0.0021 178 147 210 195
person 0.0018 394 92 500 348
person 0.0018 254 93 270 114
person 0.0012 272 108 324 167
person 0.0012 257 106 303 168
person 0.0011 112 119 164 168
