aeroplane 0.0033 271 65 312 94
boat 0.0011 -2 96 9 156
bus 0.9858 178 78 344 263
bus 0.4954 12 80 121 209
bus 0.0436 261 62 307 97
bus 0.0064 164 116 177 134
bus 0.0057 -1 83 23 198
bus 0.0051 -2 96 9 156
bus 0.0034 335 81 384 116
bus 0.0022 8 94 49 190
bus 0.0016 0 119 7 148
bus 0.0015 2 105 21 166
bus 0.0010 161 111 180 140
car 0.0964 164 116 177 134
car 0.0432 234 78 257 92
car 0.0315 261 62 307 97
car 0.0149 242 79 265 94
car 0.0147 0 119 7 148
car 0.0080 39 48 104 82
car 0.0068 335 81 384 116
car 0.0065 263 77 285 99
car 0.0049 292 70 310 87
car 0.0049 161 111 180 140
car 0.0041 292 76 311 93
car 0.0040 -1 106 9 164
car 0.0040 232 75 275 96
car 0.0039 282 69 305 87
car 0.0039 254 71 295 101
car 0.0038 8 85 124 205
car 0.0031 390 62 467 88
car 0.0030 255 78 274 96
car 0.0030 168 113 182 136
car 0.0028 271 68 295 89
car 0.0026 271 77 292 98
car 0.0020 175 72 345 255
car 0.0018 161 108 179 126
car 0.0016 283 76 305 93
car 0.0015 339 86 362 108
car 0.0015 264 68 283 89
car 0.0014 224 77 248 91
car 0.0013 359 95 380 116
car 0.0013 140 90 159 103
car 0.0011 149 89 164 102
car 0.0011 0 106 19 247
car 0.0010 340 82 359 96
car 0.0010 139 98 160 109
car 0.0010 347 91 392 117
car 0.0010 360 90 379 108
person 0.0164 42 45 65 86
person 0.0148 36 45 52 69
person 0.0104 54 127 68 145
person 0.0098 34 44 55 88
person 0.0072 48 125 59 147
person 0.0064 293 149 307 176
person 0.0061 43 45 62 70
person 0.0058 46 41 73 75
person 0.0053 30 45 77 86
person 0.0051 288 149 300 178
person 0.0049 49 47 71 68
person 0.0042 73 114 87 134
person 0.0029 0 119 7 148
person 0.0024 318 157 329 187
person 0.0022 82 109 98 122
person 0.0022 73 109 89 122
person 0.0020 93 106 107 122
person 0.0015 36 126 49 145
person 0.0014 315 151 332 196
person 0.0013 164 116 177 134
person 0.0013 43 40 62 59
person 0.0012 64 126 78 145
person 0.0011 46 116 61 137
person 0.0010 433 159 442 192
person 0.0010 82 113 98 132
train 0.0189 261 62 307 97
train 0.0060 188 70 352 253
train 0.0016 243 56 316 104
train 0.0014 -2 96 9 156
