aeroplane 0.8508 53 79 446 276
aeroplane 0.0120 204 86 431 245
aeroplane 0.0104 478 102 499 142
aeroplane 0.0052 12 142 332 278
aeroplane 0.0037 480 114 497 133
aeroplane 0.0025 4 192 258 298
aeroplane 0.0019 486 82 498 147
bicycle 0.0012 105 270 118 297
boat 0.0081 478 102 499 142
boat 0.0056 478 122 498 140
boat 0.0025 480 114 497 133
boat 0.0017 485 93 498 155
bottle 0.0010 105 264 117 294
car 0.0051 44 260 100 294
car 0.0027 28 245 149 293
car 0.0026 160 234 214 261
car 0.0011 153 239 219 271
motorbike 0.0033 375 191 395 229
motorbike 0.0021 371 195 391 240
person 0.1327 375 191 395 229
person 0.0763 105 264 117 294
person 0.0657 165 204 175 228
person 0.0305 111 266 124 292
person 0.0169 371 195 391 240
person 0.0071 372 197 400 256
person 0.0061 374 203 387 232
person 0.0036 200 237 214 261
person 0.0030 208 236 220 259
person 0.0017 218 225 230 254
person 0.0017 375 190 390 216
person 0.0017 119 268 137 287
person 0.0015 216 207 232 252
person 0.0014 201 241 211 267
person 0.0011 101 244 120 295
person 0.0011 211 225 222 255
person 0.0010 96 266 110 292
