bird 0.0071 363 84 416 159
bird 0.0038 385 21 437 105
bird 0.0036 230 170 257 212
bird 0.0033 408 17 454 104
bird 0.0030 375 9 495 148
bird 0.0028 123 183 293 358
bird 0.0021 371 102 425 144
bird 0.0018 373 34 424 124
bird 0.0016 354 92 403 135
bird 0.0012 191 207 220 252
bird 0.0011 174 216 315 377
bottle 0.0217 273 354 293 373
bottle 0.0162 283 353 300 373
bottle 0.0076 294 355 311 373
bottle 0.0042 391 65 405 88
bottle 0.0030 262 351 303 374
bottle 0.0026 295 346 312 367
bottle 0.0022 56 19 110 107
bottle 0.0016 161 163 177 185
bottle 0.0014 114 151 164 195
bottle 0.0013 117 107 171 207
bottle 0.0013 283 347 302 366
bottle 0.0013 402 46 430 106
bottle 0.0010 391 75 406 96
bottle 0.0010 119 150 141 193
car 0.0045 473 357 498 374
car 0.0017 489 354 499 378
diningtable 0.0012 267 351 317 374
dog 0.0020 123 183 293 358
horse 0.0019 123 183 293 358
person 0.3225 110 96 302 368
person 0.1055 391 25 469 174
person 0.0942 408 17 454 104
person 0.0465 96 103 265 266
person 0.0250 120 109 209 206
person 0.0192 385 21 437 105
person 0.0104 357 87 431 157
person 0.0073 144 168 257 345
person 0.0052 132 115 233 319
person 0.0050 388 38 440 158
person 0.0045 404 0 496 127
person 0.0037 163 188 320 355
person 0.0031 350 11 480 148
person 0.0022 364 100 455 170
person 0.0021 393 8 474 86
person 0.0021 17 145 265 383
person 0.0021 401 16 498 218
person 0.0020 371 -5 497 391
person 0.0018 355 32 434 169
person 0.0018 206 320 306 373
person 0.0018 118 126 167 216
person 0.0017 408 59 454 168
person 0.0015 152 113 334 261
person 0.0015 366 52 417 152
person 0.0014 99 91 192 303
person 0.0014 402 46 430 106
person 0.0014 212 246 306 368
person 0.0013 107 109 185 177
person 0.0013 153 125 210 219
person 0.0012 249 257 300 370
person 0.0011 35 96 231 216
person 0.0011 360 57 461 217
person 0.0011 383 34 432 80
person 0.0011 491 235 499 324
person 0.0011 18 0 471 385
person 0.0010 116 167 214 341
person 0.0010 151 200 247 271
person 0.0010 355 96 403 172
pottedplant 0.0146 357 88 401 122
pottedplant 0.0073 360 93 416 135
pottedplant 0.0044 391 65 405 88
pottedplant 0.0035 0 307 25 367
pottedplant 0.0032 384 21 431 55
pottedplant 0.0020 387 65 431 104
pottedplant 0.0020 406 10 452 86
pottedplant 0.0019 371 102 425 144
pottedplant 0.0018 376 58 423 93
pottedplant 0.0018 379 30 419 64
pottedplant 0.0018 388 58 410 93
pottedplant 0.0017 357 87 431 157
pottedplant 0.0017 399 26 418 49
pottedplant 0.0016 375 9 495 148
pottedplant 0.0015 294 355 311 373
pottedplant 0.0014 190 179 239 223
pottedplant 0.0014 205 229 244 267
pottedplant 0.0014 380 56 401 94
pottedplant 0.0013 355 32 434 169
pottedplant 0.0013 108 148 134 196
pottedplant 0.0012 366 52 417 152
pottedplant 0.0012 391 75 406 96
pottedplant 0.0012 384 12 437 86
pottedplant 0.0011 446 5 495 111
pottedplant 0.0011 368 93 392 116
pottedplant 0.0011 407 -2 497 89
pottedplant 0.0010 273 354 293 373
sheep 0.0061 123 183 293 358
