bicycle 0.0024 11 105 85 277
bus 0.0025 409 3 499 309
car 0.0012 185 142 205 159
chair 0.9765 125 178 175 281
chair 0.5671 0 285 101 374
chair 0.0144 9 87 87 266
chair 0.0060 60 286 114 372
chair 0.0045 127 163 164 247
chair 0.0028 -2 279 68 354
chair 0.0027 0 312 71 374
chair 0.0022 167 174 200 267
chair 0.0020 91 168 130 269
chair 0.0015 -1 260 94 334
chair 0.0012 -3 296 47 336
chair 0.0011 178 182 219 285
chair 0.0011 -2 242 50 347
chair 0.0010 142 180 170 242
diningtable 0.0097 6 285 116 376
diningtable 0.0081 121 181 192 261
diningtable 0.0012 -3 210 96 373
person 0.0057 442 54 469 101
pottedplant 0.0020 0 291 46 321
sofa 0.0191 0 285 101 374
tvmonitor 0.0320 409 3 499 309
tvmonitor 0.0095 443 126 499 386
tvmonitor 0.0036 478 86 500 305
tvmonitor 0.0031 420 20 494 106
tvmonitor 0.0026 425 51 470 102
tvmonitor 0.0024 424 -24 501 198
tvmonitor 0.0018 474 168 499 341
tvmonitor 0.0013 450 200 499 348
tvmonitor 0.0010 467 19 501 411
