chair 0.2619 302 152 496 317
chair 0.2348 375 91 423 184
chair 0.0539 371 92 450 219
chair 0.0335 409 127 497 276
chair 0.0327 98 207 248 375
chair 0.0205 444 141 498 249
chair 0.0150 373 83 489 269
chair 0.0073 363 128 467 307
chair 0.0066 52 93 323 229
chair 0.0047 408 121 496 198
chair 0.0034 447 165 499 300
chair 0.0029 400 144 453 185
chair 0.0018 373 138 489 212
chair 0.0017 474 155 500 313
chair 0.0013 396 172 500 328
diningtable 0.0038 295 173 495 337
person 0.0073 52 93 323 229
person 0.0015 154 20 178 58
pottedplant 0.7823 -2 22 92 248
pottedplant 0.0043 3 142 53 237
pottedplant 0.0014 -3 0 99 140
pottedplant 0.0013 0 121 29 237
sheep 0.0029 -9 8 121 215
sofa 0.9900 73 97 331 226
sofa 0.0706 295 173 495 337
sofa 0.0278 62 93 312 346
sofa 0.0190 361 148 496 306
sofa 0.0057 409 127 497 276
sofa 0.0050 370 95 491 216
sofa 0.0043 444 141 498 249
sofa 0.0035 95 178 259 369
sofa 0.0013 44 107 230 244
sofa 0.0010 324 111 488 274
tvmonitor 0.0020 444 141 498 249
