bottle 0.0026 312 109 335 176
bottle 0.0018 318 119 339 185
bottle 0.0013 230 218 245 279
bottle 0.0013 163 126 175 198
bottle 0.0012 468 163 484 183
bottle 0.0010 173 116 218 204
car 0.0011 385 137 434 184
cat 0.0064 111 331 287 377
chair 0.0297 305 139 405 395
chair 0.0041 110 331 326 375
chair 0.0012 165 126 212 219
chair 0.0010 478 185 499 362
chair 0.0010 6 248 164 372
diningtable 0.0485 202 135 318 192
diningtable 0.0032 160 131 282 192
diningtable 0.0024 110 331 326 375
diningtable 0.0019 245 132 341 186
dog 0.0021 111 331 287 377
person 0.9371 326 59 398 186
person 0.9240 194 58 261 136
person 0.9137 74 58 171 305
person 0.9005 260 47 327 145
person 0.8559 306 135 406 367
person 0.7284 156 66 203 141
person 0.0636 70 37 141 251
person 0.0417 160 62 206 203
person 0.0291 315 45 401 265
person 0.0232 122 54 199 302
person 0.0155 123 62 168 139
person 0.0095 154 73 219 274
person 0.0055 144 63 192 167
person 0.0055 230 218 245 279
person 0.0035 174 58 220 143
person 0.0032 104 61 179 226
person 0.0030 165 126 212 219
person 0.0027 312 109 335 176
person 0.0021 80 47 131 149
person 0.0020 255 64 334 246
person 0.0017 303 122 338 197
person 0.0016 318 119 339 185
person 0.0015 201 62 265 214
person 0.0014 111 331 287 377
person 0.0013 233 225 253 274
person 0.0010 148 84 182 230
sofa 0.0076 305 139 405 395
sofa 0.0038 110 331 326 375
sofa 0.0032 389 129 467 181
sofa 0.0023 210 144 314 201
sofa 0.0014 387 134 432 177
tvmonitor 0.4258 387 134 432 177
tvmonitor 0.1689 389 129 467 181
tvmonitor 0.1309 430 129 464 178
tvmonitor 0.0520 169 140 220 203
tvmonitor 0.0227 210 144 314 201
tvmonitor 0.0058 309 138 336 188
tvmonitor 0.0053 446 127 468 178
tvmonitor 0.0047 170 143 269 201
tvmonitor 0.0030 302 139 325 186
tvmonitor 0.0029 377 126 401 183
tvmonitor 0.0026 6 248 164 372
tvmonitor 0.0023 211 143 259 186
tvmonitor 0.0020 154 73 219 274
tvmonitor 0.0019 245 132 341 186
tvmonitor 0.0018 154 191 245 321
tvmonitor 0.0016 345 131 444 183
tvmonitor 0.0016 210 148 243 197
tvmonitor 0.0012 455 130 473 178
tvmonitor 0.0010 110 331 326 375
