bird 0.0051 184 140 290 200
bird 0.0047 183 155 250 193
cat 0.8357 184 140 290 200
cat 0.0768 365 134 499 308
cat 0.0042 181 147 296 289
cat 0.0041 168 137 329 242
cat 0.0021 183 155 250 193
cat 0.0012 160 164 401 290
cat 0.0012 200 177 310 252
chair 0.0153 146 166 346 288
chair 0.0153 3 225 136 378
chair 0.0066 0 214 66 374
chair 0.0043 22 173 328 371
chair 0.0036 70 172 277 278
chair 0.0027 168 137 329 242
chair 0.0016 90 131 400 335
chair 0.0012 183 137 292 196
chair 0.0010 0 232 90 313
diningtable 0.0228 19 217 481 383
diningtable 0.0070 81 194 350 335
diningtable 0.0062 98 169 334 283
diningtable 0.0018 77 286 498 382
diningtable 0.0017 3 225 136 378
dog 0.0853 376 129 495 305
dog 0.0163 183 137 292 196
pottedplant 0.0011 181 153 299 313
sheep 0.0084 365 134 499 308
