bicycle 0.1827 92 89 337 508
bicycle 0.0155 95 -4 322 112
bicycle 0.0043 40 24 212 474
bicycle 0.0032 15 99 165 247
bicycle 0.0029 84 10 251 165
bicycle 0.0026 142 9 332 164
bicycle 0.0018 -39 8 310 498
bicycle 0.0011 149 2 239 92
bicycle 0.0011 20 112 98 254
bird 0.0141 230 433 323 500
boat 0.0010 230 433 323 500
car 0.0044 116 84 347 510
car 0.0024 95 -4 322 112
car 0.0019 242 194 335 474
motorbike 0.7042 116 84 347 510
motorbike 0.0238 147 -5 331 114
motorbike 0.0080 92 -1 251 114
motorbike 0.0067 76 -3 337 196
motorbike 0.0038 15 99 165 247
motorbike 0.0030 223 1 328 89
motorbike 0.0028 71 17 261 487
motorbike 0.0021 20 112 98 254
motorbike 0.0018 149 2 239 92
motorbike 0.0012 13 35 241 303
person 0.0174 90 14 331 495
person 0.0089 168 0 222 95
person 0.0089 190 0 241 94
person 0.0076 34 151 79 255
person 0.0072 151 1 204 96
person 0.0055 20 112 98 254
person 0.0049 230 433 323 500
person 0.0043 137 3 181 95
person 0.0041 95 -4 322 112
person 0.0040 22 126 63 242
person 0.0035 229 2 278 92
person 0.0018 57 120 102 243
person 0.0017 204 4 300 90
person 0.0016 152 -2 239 69
person 0.0013 20 179 64 251
person 0.0011 35 115 84 215
pottedplant 0.0020 230 433 323 500
pottedplant 0.0017 92 -1 251 114
pottedplant 0.0014 21 154 65 251
