aeroplane 0.9740 122 146 459 278
aeroplane 0.1904 0 162 44 199
aeroplane 0.0922 38 176 85 204
aeroplane 0.0726 0 151 28 195
aeroplane 0.0713 1 176 28 204
aeroplane 0.0308 38 187 86 211
aeroplane 0.0301 0 153 91 205
aeroplane 0.0262 24 166 79 197
aeroplane 0.0210 121 177 175 205
aeroplane 0.0201 50 193 76 207
aeroplane 0.0197 89 177 149 202
aeroplane 0.0191 3 172 27 193
aeroplane 0.0184 -1 174 65 204
aeroplane 0.0164 92 173 147 190
aeroplane 0.0151 50 182 76 199
aeroplane 0.0122 93 157 341 258
aeroplane 0.0118 45 168 98 195
aeroplane 0.0117 52 185 108 213
aeroplane 0.0108 53 233 92 261
aeroplane 0.0098 36 226 89 253
aeroplane 0.0087 70 174 92 189
aeroplane 0.0086 107 176 134 188
aeroplane 0.0084 51 174 109 204
aeroplane 0.0081 98 178 124 189
aeroplane 0.0076 115 170 257 215
aeroplane 0.0074 -1 184 45 208
aeroplane 0.0072 136 176 199 205
aeroplane 0.0069 70 172 183 215
aeroplane 0.0066 137 176 159 191
aeroplane 0.0057 37 158 175 204
aeroplane 0.0055 117 176 142 188
aeroplane 0.0053 128 176 150 190
aeroplane 0.0048 137 182 159 199
aeroplane 0.0045 43 192 65 205
aeroplane 0.0044 112 172 166 192
aeroplane 0.0044 193 227 239 253
aeroplane 0.0043 50 174 76 190
aeroplane 0.0042 14 168 119 212
aeroplane 0.0041 402 166 497 226
aeroplane 0.0041 78 175 102 189
aeroplane 0.0041 159 178 214 204
aeroplane 0.0037 33 225 51 239
aeroplane 0.0036 294 144 498 279
aeroplane 0.0036 65 171 134 192
aeroplane 0.0035 62 174 84 190
aeroplane 0.0035 61 182 83 198
aeroplane 0.0033 3 162 26 183
aeroplane 0.0033 43 182 66 199
aeroplane 0.0031 59 193 83 207
aeroplane 0.0031 0 191 25 205
aeroplane 0.0029 147 182 168 199
aeroplane 0.0027 87 184 150 213
aeroplane 0.0026 66 175 132 205
aeroplane 0.0025 130 186 184 208
aeroplane 0.0025 251 232 481 320
aeroplane 0.0025 130 182 150 199
aeroplane 0.0024 108 186 169 210
aeroplane 0.0024 23 220 80 243
aeroplane 0.0022 4 228 190 331
aeroplane 0.0021 -1 156 32 225
aeroplane 0.0021 101 182 122 196
aeroplane 0.0020 167 183 188 200
aeroplane 0.0019 158 183 178 199
aeroplane 0.0019 322 156 506 204
aeroplane 0.0017 71 160 256 204
aeroplane 0.0017 70 193 93 207
aeroplane 0.0016 131 170 181 196
aeroplane 0.0016 404 196 498 268
aeroplane 0.0016 72 181 92 197
aeroplane 0.0015 67 185 131 215
aeroplane 0.0015 33 183 54 198
aeroplane 0.0014 51 231 74 249
aeroplane 0.0014 11 171 35 192
aeroplane 0.0014 108 181 133 196
aeroplane 0.0013 119 182 142 196
aeroplane 0.0013 428 184 446 199
aeroplane 0.0013 177 184 198 199
aeroplane 0.0013 80 194 102 208
aeroplane 0.0012 138 191 159 205
aeroplane 0.0012 185 215 244 248
aeroplane 0.0012 431 189 500 210
aeroplane 0.0011 342 170 484 218
aeroplane 0.0011 41 174 66 191
aeroplane 0.0011 400 175 454 204
aeroplane 0.0011 11 186 74 208
bird 0.0013 0 151 28 195
boat 0.0245 1 164 29 199
boat 0.0054 1 182 26 202
boat 0.0017 50 193 76 207
boat 0.0015 0 139 24 188
boat 0.0014 38 176 85 204
boat 0.0012 0 191 25 205
boat 0.0012 89 177 149 202
bus 0.0016 1 182 26 202
car 0.0541 1 182 26 202
car 0.0135 0 191 25 205
car 0.0018 53 233 92 261
car 0.0018 1 164 29 199
car 0.0013 111 222 131 233
car 0.0011 33 228 54 242
car 0.0010 3 281 126 332
person 0.0020 489 190 499 287
person 0.0015 1 182 26 202
person 0.0015 479 206 496 268
