bird 0.0013 38 160 327 373
bottle 0.0030 418 96 456 224
bottle 0.0020 329 112 421 203
bottle 0.0018 367 100 417 186
bottle 0.0015 398 27 465 244
bottle 0.0013 490 73 499 157
bottle 0.0011 474 99 500 151
cat 0.9422 71 156 340 372
cat 0.0046 164 149 332 325
cat 0.0017 168 157 487 381
chair 0.1051 2 243 101 376
chair 0.0342 38 160 327 373
chair 0.0071 25 231 243 377
chair 0.0012 15 59 486 401
chair 0.0011 4 271 181 378
chair 0.0010 8 181 177 367
diningtable 0.0342 127 154 432 379
diningtable 0.0080 2 243 101 376
diningtable 0.0014 29 191 324 382
diningtable 0.0011 250 149 488 385
dog 0.0063 38 160 327 373
person 0.0120 38 160 327 373
pottedplant 0.0191 38 160 327 373
tvmonitor 0.0024 38 160 327 373
tvmonitor 0.0022 0 -23 31 419
tvmonitor 0.0015 0 60 22 333
