chair 0.9325 125 132 212 250
chair 0.5751 52 117 132 230
chair 0.0236 64 120 206 232
chair 0.0124 93 116 143 208
chair 0.0111 369 102 508 177
chair 0.0077 0 155 11 227
chair 0.0043 -1 105 19 249
chair 0.0017 364 110 498 251
chair 0.0016 0 133 19 373
chair 0.0014 0 154 23 211
chair 0.0010 89 117 134 152
chair 0.0010 -3 199 92 384
diningtable 0.0468 64 120 206 232
diningtable 0.0043 75 203 499 373
diningtable 0.0027 53 115 143 228
diningtable 0.0023 130 124 216 242
pottedplant 0.0013 0 155 11 227
sofa 0.0156 367 102 494 206
sofa 0.0051 77 172 494 365
sofa 0.0014 64 120 206 232
sofa 0.0011 362 90 501 378
sofa 0.0011 54 116 132 212
