bus 0.0012 134 83 230 148
bus 0.0011 167 92 273 146
car 0.9997 169 90 478 292
car 0.1486 134 83 230 148
car 0.0518 138 68 281 159
car 0.0159 167 92 273 146
car 0.0091 202 93 318 149
car 0.0029 168 91 344 204
car 0.0017 159 71 418 151
car 0.0016 154 108 248 165
car 0.0012 130 56 268 118
motorbike 0.0011 151 106 460 310
person 0.0789 218 105 249 145
person 0.0267 191 94 290 149
person 0.0057 212 92 259 150
person 0.0013 173 105 268 165
person 0.0010 199 103 326 164
pottedplant 0.0082 1 180 28 290
pottedplant 0.0081 0 206 29 256
