bird 0.0014 83 13 137 42
boat 0.0013 192 188 258 208
bottle 0.0029 83 13 137 42
car 0.0096 192 188 258 208
car 0.0012 193 177 256 203
cat 0.0027 83 13 137 42
cat 0.0012 170 231 276 288
chair 0.0205 192 232 319 289
chair 0.0047 289 257 496 297
chair 0.0041 -1 296 27 398
chair 0.0031 0 152 12 211
chair 0.0019 -1 243 90 304
chair 0.0019 87 244 236 295
chair 0.0014 0 154 24 208
chair 0.0011 187 150 258 206
chair 0.0010 232 237 360 297
chair 0.0010 0 162 10 237
chair 0.0010 0 174 10 206
diningtable 0.3272 28 223 476 296
diningtable 0.0179 269 255 443 300
diningtable 0.0094 237 272 478 306
diningtable 0.0058 60 247 231 296
diningtable 0.0036 173 232 307 288
diningtable 0.0027 -12 234 281 303
diningtable 0.0018 48 193 386 283
dog 0.0013 83 13 137 42
person 0.0011 173 232 307 288
pottedplant 0.8710 48 31 151 244
pottedplant 0.4485 258 69 336 212
pottedplant 0.4169 297 61 370 210
pottedplant 0.0552 6 144 59 208
pottedplant 0.0227 266 126 317 213
pottedplant 0.0106 -1 116 25 206
pottedplant 0.0101 315 129 363 210
pottedplant 0.0080 173 232 307 288
pottedplant 0.0054 234 45 366 202
pottedplant 0.0043 330 40 371 196
pottedplant 0.0040 0 152 12 211
pottedplant 0.0038 51 152 132 246
pottedplant 0.0036 6 60 87 215
pottedplant 0.0036 83 13 137 42
pottedplant 0.0028 48 135 90 224
pottedplant 0.0026 20 154 68 228
pottedplant 0.0021 -3 35 60 203
pottedplant 0.0020 0 174 10 206
pottedplant 0.0019 18 78 120 235
pottedplant 0.0019 -1 47 22 197
pottedplant 0.0017 199 149 278 208
pottedplant 0.0017 5 125 85 202
pottedplant 0.0015 13 159 50 205
pottedplant 0.0014 -1 147 24 238
pottedplant 0.0014 79 11 157 162
pottedplant 0.0012 200 120 248 204
pottedplant 0.0012 0 162 10 237
pottedplant 0.0012 49 57 152 149
pottedplant 0.0011 0 118 11 205
pottedplant 0.0010 45 109 141 208
sofa 0.0031 173 232 307 288
tvmonitor 0.0015 0 152 12 211
tvmonitor 0.0011 0 174 10 206
