bottle 0.0016 469 25 501 72
cat 0.0020 125 166 388 291
cat 0.0018 303 11 494 156
cat 0.0013 469 25 501 72
chair 0.2244 21 26 475 439
chair 0.0687 108 152 456 325
chair 0.0087 7 21 255 460
chair 0.0062 145 13 505 208
chair 0.0022 134 150 380 263
chair 0.0013 73 30 432 275
dog 0.9654 137 168 428 286
dog 0.4515 303 11 494 156
dog 0.3788 145 13 505 208
dog 0.0353 207 142 439 259
dog 0.0331 91 151 341 254
dog 0.0283 275 80 461 212
dog 0.0163 115 94 458 303
dog 0.0132 450 1 502 76
dog 0.0092 113 171 222 240
dog 0.0076 278 169 440 279
dog 0.0061 368 31 491 116
dog 0.0046 251 29 480 268
dog 0.0043 159 96 428 202
dog 0.0042 89 143 428 402
dog 0.0042 403 2 500 73
dog 0.0040 6 155 244 475
dog 0.0036 76 168 286 291
dog 0.0036 278 92 397 173
dog 0.0032 328 47 459 131
dog 0.0026 469 25 501 72
dog 0.0021 163 166 312 217
dog 0.0014 103 3 397 167
person 0.6219 -15 -6 374 478
person 0.3113 44 15 449 206
person 0.0198 81 95 433 315
person 0.0117 134 150 380 263
person 0.0065 205 3 467 171
person 0.0058 85 -4 485 383
person 0.0051 451 24 502 74
person 0.0036 -1 -5 205 402
person 0.0020 303 11 494 156
person 0.0011 403 2 500 73
sofa 0.3315 21 26 475 439
sofa 0.0392 108 152 456 325
sofa 0.0237 5 -6 493 253
sofa 0.0038 241 15 493 212
sofa 0.0031 7 21 255 460
sofa 0.0023 0 197 504 492
