bottle 0.0121 161 213 176 235
bottle 0.0039 157 205 179 243
bottle 0.0019 170 212 182 237
bottle 0.0015 154 212 166 236
bottle 0.0013 176 203 201 265
cat 0.0032 151 225 201 340
chair 0.0031 163 164 213 306
chair 0.0010 116 207 163 245
cow 0.0038 150 237 199 343
dog 0.9468 150 237 199 343
dog 0.0511 148 164 206 351
dog 0.0025 158 159 214 287
dog 0.0022 167 200 210 318
horse 0.0177 151 225 201 340
person 0.8978 153 158 219 292
person 0.0718 156 197 200 321
person 0.0019 156 190 179 241
person 0.0017 195 192 215 279
person 0.0013 110 201 131 250
pottedplant 0.0128 218 255 273 292
pottedplant 0.0022 161 213 176 235
pottedplant 0.0016 232 267 277 295
pottedplant 0.0011 157 205 179 243
pottedplant 0.0011 228 246 281 282
pottedplant 0.0011 110 201 131 250
