bottle 0.0011 488 -12 499 86
cat 0.7763 107 18 329 308
chair 0.1568 86 1 347 284
chair 0.0876 4 -7 496 337
chair 0.0628 22 -8 229 112
chair 0.0293 2 -4 132 263
chair 0.0191 14 -22 241 212
chair 0.0187 409 138 501 328
chair 0.0142 55 -16 157 176
chair 0.0133 -3 -44 88 208
chair 0.0059 3 -21 137 127
chair 0.0058 67 -4 355 108
chair 0.0044 2 -53 198 82
chair 0.0033 45 -36 297 66
chair 0.0025 478 135 499 331
chair 0.0021 78 46 160 232
chair 0.0018 72 -1 269 165
chair 0.0015 281 -5 393 49
chair 0.0014 435 55 500 301
chair 0.0014 125 3 242 76
chair 0.0010 0 -3 50 125
chair 0.0010 123 31 306 230
chair 0.0010 0 -37 423 157
diningtable 0.6159 76 8 478 315
diningtable 0.1381 16 227 495 332
diningtable 0.0848 103 55 335 325
diningtable 0.0474 0 0 179 257
diningtable 0.0227 7 -13 191 115
diningtable 0.0214 1 -22 340 215
diningtable 0.0030 67 -4 355 108
diningtable 0.0023 10 140 421 327
diningtable 0.0021 -3 -44 88 208
diningtable 0.0019 30 -20 147 178
diningtable 0.0010 243 -10 491 275
diningtable 0.0010 -3 274 517 354
dog 0.0015 -2 18 100 254
person 0.0136 0 38 102 270
person 0.0119 106 4 392 279
person 0.0062 -1 -51 60 212
person 0.0055 5 -31 499 306
person 0.0041 401 -40 500 246
person 0.0038 305 -22 499 291
person 0.0031 312 -2 496 104
person 0.0030 473 -6 500 81
person 0.0019 2 -40 134 233
person 0.0014 447 3 501 71
person 0.0010 405 -3 498 77
pottedplant 0.0087 281 -5 393 49
pottedplant 0.0028 93 4 470 276
pottedplant 0.0026 324 -6 377 24
sofa 0.0397 4 -7 496 337
sofa 0.0049 106 4 392 279
sofa 0.0012 0 0 179 257
sofa 0.0011 -1 -51 60 212
