bicycle 0.0052 131 204 185 248
bird 0.0085 132 195 184 244
bird 0.0021 163 188 189 231
bird 0.0020 168 190 185 210
bird 0.0010 206 138 259 238
bird 0.0010 177 190 191 210
bottle 0.0035 201 216 214 242
cat 0.0738 132 195 184 244
cat 0.0038 146 186 191 235
cat 0.0014 117 218 178 253
cat 0.0012 194 198 255 237
chair 0.0041 206 138 259 238
chair 0.0018 131 204 185 248
chair 0.0010 189 178 260 239
cow 0.0115 122 208 176 249
dog 0.6843 126 189 191 248
dog 0.0128 152 191 183 244
dog 0.0071 200 135 254 241
dog 0.0034 200 185 250 231
dog 0.0034 163 188 189 231
dog 0.0019 117 218 178 253
dog 0.0012 157 183 200 244
dog 0.0011 141 205 192 244
horse 0.0046 126 189 191 248
horse 0.0015 189 178 260 239
horse 0.0012 200 135 254 241
person 0.9906 200 121 254 237
person 0.0246 132 195 184 244
person 0.0152 235 143 249 217
person 0.0101 146 186 191 235
person 0.0057 189 178 260 239
person 0.0028 226 154 249 226
person 0.0014 168 190 185 210
sheep 0.0075 133 187 184 249
