aeroplane 0.0012 246 146 353 206
bicycle 0.0015 186 166 270 254
bicycle 0.0012 320 188 342 209
car 0.0605 79 166 165 215
car 0.0272 56 177 107 204
car 0.0150 452 165 498 202
car 0.0109 92 161 149 202
car 0.0065 34 169 147 213
car 0.0053 10 162 170 203
car 0.0030 296 185 349 212
car 0.0028 246 146 353 206
car 0.0019 282 195 303 209
car 0.0019 103 166 224 220
car 0.0018 112 163 166 201
car 0.0012 148 143 207 181
car 0.0011 127 183 171 215
car 0.0011 320 188 342 209
cow 0.0028 197 165 284 255
cow 0.0012 317 184 345 213
horse 0.9174 197 165 284 255
horse 0.0364 234 149 285 248
horse 0.0094 217 133 254 217
horse 0.0059 199 139 278 217
horse 0.0013 120 151 313 238
horse 0.0012 317 184 345 213
motorbike 0.0090 186 166 270 254
motorbike 0.0013 296 185 349 212
person 0.5016 217 133 254 217
person 0.0198 232 136 252 192
person 0.0192 205 143 265 255
person 0.0157 235 167 287 252
person 0.0110 224 131 249 183
person 0.0060 238 137 281 214
person 0.0057 317 184 345 213
person 0.0045 253 163 274 180
person 0.0041 296 174 349 212
person 0.0036 205 121 228 184
person 0.0033 301 156 320 207
person 0.0030 252 158 279 206
person 0.0026 218 128 238 183
person 0.0022 254 158 271 174
person 0.0021 203 135 274 196
train 0.0039 235 136 362 190
