bicycle 0.9979 46 122 295 301
bicycle 0.0086 152 122 286 253
bicycle 0.0073 204 158 294 288
bird 0.0012 145 103 169 118
bottle 0.0017 217 126 228 151
bottle 0.0016 237 134 252 160
bottle 0.0011 233 133 257 181
chair 0.0027 204 158 294 288
chair 0.0012 42 171 277 294
pottedplant 0.5444 204 131 302 204
pottedplant 0.0333 241 136 296 216
pottedplant 0.0109 246 135 299 181
pottedplant 0.0088 207 131 298 274
pottedplant 0.0076 256 144 307 189
pottedplant 0.0060 233 133 257 181
pottedplant 0.0058 210 134 235 181
pottedplant 0.0044 206 131 256 201
pottedplant 0.0024 255 132 308 164
pottedplant 0.0024 235 144 291 189
pottedplant 0.0023 237 134 252 160
pottedplant 0.0020 144 133 277 196
pottedplant 0.0018 220 147 267 187
pottedplant 0.0018 259 152 288 201
pottedplant 0.0011 225 155 280 198
pottedplant 0.0011 284 130 304 150
