aeroplane 0.0072 152 208 174 223
aeroplane 0.0018 238 131 256 146
aeroplane 0.0018 229 131 251 145
bicycle 0.0020 231 100 245 119
bird 0.0185 152 208 174 223
bird 0.0091 209 109 230 126
bird 0.0079 231 100 245 119
bird 0.0069 222 107 236 127
bird 0.0063 238 131 256 146
bird 0.0041 174 127 191 148
bird 0.0040 249 90 266 110
bird 0.0039 229 131 251 145
bird 0.0028 201 110 219 128
bird 0.0020 241 97 255 117
bird 0.0019 242 92 256 111
bird 0.0018 175 135 190 156
bird 0.0015 234 2 299 24
bird 0.0014 184 116 197 139
bird 0.0014 249 97 265 117
bird 0.0014 182 177 199 197
bird 0.0014 181 185 200 202
bird 0.0013 197 214 243 255
bird 0.0012 202 116 218 137
bird 0.0010 177 118 190 141
boat 0.0213 229 131 251 145
boat 0.0151 238 131 256 146
boat 0.0131 209 109 230 126
boat 0.0112 224 2 290 24
boat 0.0049 231 100 245 119
boat 0.0047 159 0 313 30
boat 0.0045 202 0 277 11
boat 0.0039 232 0 303 11
boat 0.0036 197 3 259 24
boat 0.0030 250 1 303 26
boat 0.0030 249 90 266 110
boat 0.0026 152 208 174 223
boat 0.0025 155 0 227 13
boat 0.0024 201 110 219 128
boat 0.0022 224 103 236 120
boat 0.0019 186 6 317 45
boat 0.0015 270 0 343 11
boat 0.0014 226 11 289 35
boat 0.0013 164 -1 218 31
boat 0.0012 202 106 237 130
boat 0.0011 120 3 272 50
boat 0.0011 180 85 198 137
boat 0.0011 211 103 229 121
boat 0.0010 181 0 238 28
bottle 0.0077 174 127 191 148
bottle 0.0031 249 90 266 110
bottle 0.0030 177 118 190 141
bottle 0.0027 184 116 197 139
bottle 0.0023 183 125 197 149
bottle 0.0018 175 135 190 156
bottle 0.0015 185 11 198 33
bottle 0.0014 165 130 183 149
bottle 0.0013 242 92 256 111
bottle 0.0011 231 100 245 119
car 0.0019 159 0 313 30
car 0.0015 -1 0 120 51
car 0.0012 202 0 277 11
cat 0.0048 174 127 191 148
cat 0.0019 249 90 266 110
cat 0.0013 175 135 190 156
cat 0.0012 177 118 190 141
cat 0.0011 231 100 245 119
chair 0.6658 123 246 333 394
chair 0.4662 257 34 335 176
chair 0.2828 251 146 334 217
chair 0.2180 222 181 322 262
chair 0.1026 265 79 326 168
chair 0.0625 254 102 333 186
chair 0.0596 267 87 286 135
chair 0.0581 249 90 266 110
chair 0.0374 180 96 199 143
chair 0.0372 174 127 191 148
chair 0.0365 209 109 230 126
chair 0.0352 258 92 279 145
chair 0.0254 183 243 290 311
chair 0.0243 235 184 299 229
chair 0.0209 176 155 325 271
chair 0.0191 242 169 312 206
chair 0.0191 183 125 197 149
chair 0.0182 249 97 265 117
chair 0.0179 294 179 337 262
chair 0.0159 176 86 193 138
chair 0.0158 184 116 197 139
chair 0.0154 193 116 207 139
chair 0.0154 198 223 311 293
chair 0.0152 222 209 321 397
chair 0.0152 190 203 291 271
chair 0.0148 201 110 219 128
chair 0.0147 231 100 245 119
chair 0.0142 153 174 326 332
chair 0.0133 252 159 320 197
chair 0.0133 175 135 190 156
chair 0.0128 260 89 277 110
chair 0.0128 177 118 190 141
chair 0.0126 317 117 335 183
chair 0.0122 303 206 331 245
chair 0.0120 193 107 206 132
chair 0.0120 253 140 319 178
chair 0.0116 184 104 196 134
chair 0.0116 154 231 283 295
chair 0.0110 193 125 207 148
chair 0.0106 245 149 308 187
chair 0.0106 251 17 292 119
chair 0.0102 268 125 323 152
chair 0.0100 178 119 200 156
chair 0.0099 174 107 194 149
chair 0.0097 267 69 287 112
chair 0.0097 287 126 334 201
chair 0.0097 277 108 334 152
chair 0.0094 316 161 336 214
chair 0.0092 245 163 304 240
chair 0.0091 202 116 218 137
chair 0.0084 244 150 333 282
chair 0.0084 203 152 315 219
chair 0.0081 242 92 256 111
chair 0.0080 222 107 236 127
chair 0.0079 270 86 285 112
chair 0.0077 282 205 331 249
chair 0.0077 241 97 255 117
chair 0.0076 292 216 334 299
chair 0.0070 269 77 286 101
chair 0.0066 264 128 322 203
chair 0.0065 256 82 280 118
chair 0.0065 183 134 196 159
chair 0.0060 188 99 210 138
chair 0.0060 246 84 269 114
chair 0.0060 265 131 325 166
chair 0.0055 316 225 336 285
chair 0.0053 302 140 330 196
chair 0.0052 253 64 294 150
chair 0.0052 203 124 217 149
chair 0.0051 106 264 259 378
chair 0.0050 207 104 233 131
chair 0.0048 178 103 190 136
chair 0.0047 171 129 193 163
chair 0.0047 165 130 183 149
chair 0.0045 313 204 335 248
chair 0.0045 197 212 259 257
chair 0.0043 272 84 297 139
chair 0.0043 189 120 210 155
chair 0.0043 268 99 289 156
chair 0.0041 279 165 333 208
chair 0.0039 250 182 322 211
chair 0.0037 271 96 323 141
chair 0.0035 260 96 277 120
chair 0.0035 277 139 334 180
chair 0.0034 302 159 331 214
chair 0.0034 319 38 335 106
chair 0.0034 139 245 256 314
chair 0.0033 200 118 221 156
chair 0.0033 247 91 269 144
chair 0.0031 162 137 183 154
chair 0.0031 297 217 334 252
chair 0.0031 261 80 276 101
chair 0.0028 313 177 336 237
chair 0.0028 200 9 256 38
chair 0.0028 226 97 248 137
chair 0.0026 267 151 324 185
chair 0.0025 222 241 319 312
chair 0.0025 238 131 256 146
chair 0.0024 210 116 227 137
chair 0.0024 228 121 328 242
diningtable 0.5316 127 226 313 376
diningtable 0.0142 256 23 334 153
diningtable 0.0135 176 155 325 271
diningtable 0.0104 153 174 326 332
diningtable 0.0104 111 113 318 395
diningtable 0.0054 233 136 325 201
diningtable 0.0054 222 181 322 262
diningtable 0.0042 247 160 334 239
diningtable 0.0036 258 80 333 165
diningtable 0.0023 242 169 312 206
diningtable 0.0019 180 96 199 143
diningtable 0.0017 235 184 299 229
diningtable 0.0015 130 284 330 421
diningtable 0.0015 244 230 331 410
diningtable 0.0014 268 125 323 152
diningtable 0.0013 252 159 320 197
diningtable 0.0011 174 127 191 148
diningtable 0.0010 267 87 286 135
dog 0.0041 174 127 191 148
dog 0.0033 231 100 245 119
dog 0.0032 249 90 266 110
dog 0.0022 242 92 256 111
dog 0.0015 224 103 236 120
dog 0.0015 175 135 190 156
dog 0.0013 209 109 230 126
dog 0.0011 177 118 190 141
dog 0.0010 241 97 255 117
person 0.0134 176 86 193 138
person 0.0087 231 100 245 119
person 0.0083 180 96 199 143
person 0.0065 222 107 236 127
person 0.0041 174 127 191 148
person 0.0038 209 109 230 126
person 0.0030 249 90 266 110
person 0.0027 184 104 196 134
person 0.0026 185 11 198 33
person 0.0025 184 116 197 139
person 0.0023 242 92 256 111
person 0.0022 180 72 198 129
person 0.0021 174 107 194 149
person 0.0021 177 118 190 141
person 0.0020 241 97 255 117
person 0.0017 201 110 219 128
person 0.0016 238 131 256 146
person 0.0016 178 94 190 127
person 0.0016 240 0 276 9
person 0.0015 202 0 277 11
person 0.0014 229 131 251 145
person 0.0014 183 125 197 149
person 0.0013 203 0 236 10
person 0.0013 234 2 299 24
person 0.0013 259 0 296 10
person 0.0012 167 89 197 155
person 0.0011 270 36 337 179
person 0.0011 178 119 200 156
person 0.0010 232 0 303 11
person 0.0010 193 116 207 139
person 0.0010 233 91 245 114
pottedplant 0.0532 209 109 230 126
pottedplant 0.0500 249 90 266 110
pottedplant 0.0320 231 100 245 119
pottedplant 0.0317 222 107 236 127
pottedplant 0.0156 174 127 191 148
pottedplant 0.0152 229 131 251 145
pottedplant 0.0149 180 85 198 137
pottedplant 0.0111 234 2 299 24
pottedplant 0.0109 201 110 219 128
pottedplant 0.0099 238 131 256 146
pottedplant 0.0087 193 107 206 132
pottedplant 0.0080 184 116 197 139
pottedplant 0.0077 196 0 264 11
pottedplant 0.0076 176 96 193 144
pottedplant 0.0071 242 92 256 111
pottedplant 0.0059 193 116 207 139
pottedplant 0.0057 184 104 196 134
pottedplant 0.0057 177 118 190 141
pottedplant 0.0053 226 97 248 137
pottedplant 0.0053 230 106 244 129
pottedplant 0.0049 241 97 255 117
pottedplant 0.0048 232 0 303 11
pottedplant 0.0047 183 125 197 149
pottedplant 0.0046 249 97 265 117
pottedplant 0.0046 237 10 297 35
pottedplant 0.0045 165 130 183 149
pottedplant 0.0045 175 135 190 156
pottedplant 0.0041 207 104 233 131
pottedplant 0.0036 260 89 277 110
pottedplant 0.0035 202 116 218 137
pottedplant 0.0031 162 137 183 154
pottedplant 0.0031 185 11 198 33
pottedplant 0.0029 180 65 198 117
pottedplant 0.0027 211 103 229 121
pottedplant 0.0027 179 106 201 149
pottedplant 0.0027 193 125 207 148
pottedplant 0.0025 188 99 210 138
pottedplant 0.0024 233 91 245 114
pottedplant 0.0022 218 101 240 133
pottedplant 0.0022 246 84 269 114
pottedplant 0.0022 183 86 195 114
pottedplant 0.0021 -1 0 120 51
pottedplant 0.0021 215 9 280 37
pottedplant 0.0019 197 3 259 24
pottedplant 0.0018 270 0 343 11
pottedplant 0.0016 203 0 236 10
pottedplant 0.0016 183 77 196 104
pottedplant 0.0015 203 124 217 149
pottedplant 0.0014 178 103 190 136
pottedplant 0.0014 183 134 196 159
pottedplant 0.0013 261 80 276 101
pottedplant 0.0012 138 134 185 160
pottedplant 0.0012 151 139 173 156
pottedplant 0.0011 230 79 248 122
pottedplant 0.0011 167 89 197 155
pottedplant 0.0011 164 -1 218 31
pottedplant 0.0011 251 81 265 105
pottedplant 0.0010 193 97 205 125
pottedplant 0.0010 270 0 304 10
sofa 0.0146 270 36 337 179
sofa 0.0041 242 169 312 206
sofa 0.0041 167 5 301 46
sofa 0.0027 234 2 299 24
sofa 0.0022 268 125 323 152
sofa 0.0021 237 10 297 35
sofa 0.0016 252 159 320 197
sofa 0.0016 129 0 305 30
sofa 0.0015 200 9 256 38
sofa 0.0015 235 184 299 229
sofa 0.0013 277 108 334 152
sofa 0.0011 197 3 259 24
sofa 0.0010 253 140 319 178
sofa 0.0010 202 0 277 11
sofa 0.0010 292 199 335 277
tvmonitor 0.0039 196 0 264 11
tvmonitor 0.0026 164 -1 218 31
tvmonitor 0.0023 209 109 230 126
tvmonitor 0.0020 174 127 191 148
tvmonitor 0.0018 280 27 334 146
tvmonitor 0.0015 234 2 299 24
tvmonitor 0.0014 249 90 266 110
tvmonitor 0.0013 232 0 303 11
tvmonitor 0.0010 176 96 193 144
