bicycle 0.0335 408 -21 499 187
bicycle 0.0253 411 -7 501 86
bicycle 0.0144 365 -6 508 294
bicycle 0.0068 296 33 513 182
bicycle 0.0029 430 -55 504 108
bicycle 0.0012 437 -16 499 291
boat 0.0065 1 83 501 366
car 0.0196 1 83 501 366
car 0.0028 287 51 505 319
motorbike 0.0272 365 -6 508 294
motorbike 0.0062 252 63 469 316
motorbike 0.0053 408 -21 499 187
motorbike 0.0051 296 33 513 182
motorbike 0.0040 1 83 501 366
motorbike 0.0011 438 -10 500 325
person 0.8094 150 24 298 214
person 0.6215 209 69 454 311
person 0.0648 243 66 416 224
person 0.0225 286 16 505 283
person 0.0203 278 67 389 162
person 0.0185 127 53 367 311
person 0.0159 264 51 471 176
person 0.0157 194 96 389 264
person 0.0096 183 36 387 192
person 0.0077 275 70 323 163
person 0.0071 148 110 295 241
person 0.0061 217 26 295 149
person 0.0045 52 103 449 342
person 0.0041 60 30 305 249
person 0.0030 276 105 306 162
person 0.0017 270 136 460 299
person 0.0015 97 144 122 180
person 0.0015 238 28 317 172
person 0.0014 413 123 498 306
person 0.0013 199 44 313 264
person 0.0010 0 -21 498 314
