bicycle 0.3582 -2 184 38 266
bicycle 0.0054 15 185 62 261
bicycle 0.0017 3 184 29 247
bicycle 0.0013 27 184 47 261
bicycle 0.0011 -1 190 20 261
bicycle 0.0010 284 169 328 204
boat 0.0027 57 97 230 273
bus 0.5251 70 97 235 274
bus 0.0132 252 174 298 206
car 0.8843 240 180 294 207
car 0.7551 56 109 232 290
car 0.1320 226 179 251 211
car 0.0808 53 181 97 214
car 0.0464 206 178 253 212
car 0.0372 225 180 273 208
car 0.0282 260 182 291 204
car 0.0100 -1 184 78 261
car 0.0091 62 179 90 196
car 0.0079 34 189 77 222
car 0.0062 244 177 271 199
car 0.0051 53 184 76 227
car 0.0039 219 174 257 205
car 0.0039 55 171 98 241
car 0.0037 261 173 309 203
car 0.0021 238 182 260 207
car 0.0021 -2 184 38 266
car 0.0017 16 174 104 239
car 0.0017 26 186 49 246
car 0.0016 35 183 80 256
car 0.0016 279 183 293 204
car 0.0013 46 193 66 217
car 0.0012 21 184 69 214
car 0.0010 43 188 68 238
car 0.0010 63 178 104 200
chair 0.0013 27 184 47 261
horse 0.0016 27 184 47 261
motorbike 0.1780 -2 184 38 266
motorbike 0.0188 15 185 62 261
motorbike 0.0073 60 183 228 288
motorbike 0.0021 48 95 239 297
person 0.0042 27 184 47 261
person 0.0021 225 143 234 172
person 0.0014 57 97 230 273
person 0.0012 2 192 29 258
person 0.0011 224 137 235 161
train 0.0300 57 97 230 273
tvmonitor 0.0011 70 97 235 274
