bottle 0.0018 83 64 99 84
bottle 0.0012 92 64 108 85
chair 0.0280 296 224 495 340
chair 0.0211 93 87 187 150
chair 0.0197 88 92 133 136
chair 0.0165 84 62 126 139
chair 0.0155 9 143 194 320
chair 0.0111 96 68 146 142
chair 0.0098 107 79 135 130
chair 0.0062 231 138 274 206
chair 0.0062 92 105 145 141
chair 0.0054 115 87 160 124
chair 0.0050 150 97 213 149
chair 0.0043 117 94 144 134
chair 0.0039 87 79 117 131
chair 0.0036 118 87 140 104
chair 0.0035 178 132 220 216
chair 0.0029 123 87 152 104
chair 0.0027 111 85 130 105
chair 0.0027 166 111 207 154
chair 0.0024 126 113 172 155
chair 0.0023 142 112 193 155
chair 0.0022 122 102 212 164
chair 0.0020 107 83 150 110
chair 0.0019 148 105 166 125
chair 0.0019 75 104 126 140
chair 0.0019 173 99 215 170
chair 0.0018 159 108 210 203
chair 0.0016 11 115 199 246
chair 0.0011 69 94 112 137
chair 0.0011 378 242 496 334
chair 0.0010 127 93 152 135
diningtable 0.0038 93 87 187 150
diningtable 0.0019 95 93 143 135
person 0.0059 88 61 114 108
person 0.0037 92 64 108 85
person 0.0024 83 64 99 84
person 0.0015 296 224 495 340
person 0.0011 81 37 121 133
person 0.0011 73 63 89 86
pottedplant 0.1660 166 111 207 154
pottedplant 0.0172 150 97 213 149
pottedplant 0.0079 163 102 192 146
pottedplant 0.0050 301 9 343 31
pottedplant 0.0042 173 99 215 170
pottedplant 0.0036 159 108 210 203
pottedplant 0.0019 306 12 355 40
pottedplant 0.0016 181 102 210 148
pottedplant 0.0012 175 119 198 149
pottedplant 0.0011 73 56 88 78
pottedplant 0.0010 69 57 93 92
sofa 0.9281 5 127 200 284
sofa 0.3784 296 224 495 340
sofa 0.0013 93 87 187 150
sofa 0.0010 5 210 193 332
tvmonitor 0.9775 278 99 366 170
tvmonitor 0.0016 300 13 345 39
tvmonitor 0.0014 123 87 152 104
tvmonitor 0.0013 116 85 158 109
