bus 0.9849 103 -2 476 316
bus 0.0696 281 -1 500 339
bus 0.0357 70 -4 259 81
bus 0.0113 19 6 338 246
bus 0.0050 435 25 501 214
bus 0.0012 451 74 498 196
car 0.7596 0 86 64 154
car 0.2677 43 -4 223 79
car 0.2635 40 -3 134 75
car 0.0325 -4 51 68 185
car 0.0222 39 0 91 76
car 0.0200 9 161 90 222
car 0.0135 -1 97 57 203
car 0.0099 17 91 71 136
car 0.0092 -1 82 50 126
car 0.0045 2 33 58 130
car 0.0045 25 2 72 78
car 0.0034 -1 78 31 165
car 0.0024 0 -8 95 62
car 0.0023 78 2 127 71
car 0.0022 0 -5 10 22
car 0.0020 0 0 21 124
car 0.0018 74 -3 340 90
car 0.0010 0 -10 12 45
motorbike 0.0018 17 161 109 224
motorbike 0.0012 17 91 71 136
motorbike 0.0010 -2 82 58 179
person 0.0183 17 161 109 224
person 0.0094 177 64 194 85
person 0.0057 294 77 339 159
person 0.0056 156 110 174 134
person 0.0033 276 88 321 185
person 0.0023 -2 82 58 179
person 0.0021 0 -10 9 63
person 0.0017 0 0 21 124
person 0.0016 2 61 60 144
person 0.0015 154 111 177 151
person 0.0013 174 64 187 84
person 0.0011 0 -5 10 22
person 0.0011 33 178 90 221
train 0.0134 90 -11 494 326
train 0.0010 19 6 338 246
tvmonitor 0.0029 234 -2 491 330
