aeroplane 0.0140 3 123 495 401
bicycle 0.0024 443 314 500 397
bicycle 0.0010 73 32 489 385
bird 0.0080 20 -8 246 355
boat 0.0031 436 323 503 396
boat 0.0021 -15 60 429 404
bottle 0.0014 217 181 259 246
car 0.0061 443 314 500 397
car 0.0031 62 90 445 391
car 0.0020 445 353 503 397
car 0.0016 409 296 498 394
car 0.0014 475 350 500 401
chair 0.0126 443 314 500 397
chair 0.0013 409 296 498 394
chair 0.0012 437 354 494 397
diningtable 0.0019 443 314 500 397
dog 0.0055 217 181 259 246
dog 0.0014 440 282 498 394
dog 0.0013 197 189 251 261
dog 0.0011 -3 251 93 398
horse 0.9698 125 78 452 394
horse 0.0160 34 147 297 399
horse 0.0101 311 76 497 394
horse 0.0020 440 282 498 394
horse 0.0011 221 185 267 239
motorbike 0.0044 440 282 498 394
motorbike 0.0017 73 32 489 385
motorbike 0.0016 15 136 255 408
person 0.9938 19 20 247 393
person 0.8390 443 269 498 378
person 0.8112 380 245 454 394
person 0.2767 412 260 495 395
person 0.0590 222 183 253 228
person 0.0428 469 253 498 362
person 0.0388 473 235 497 301
person 0.0321 216 185 258 260
person 0.0317 62 90 445 391
person 0.0279 453 236 499 341
person 0.0177 388 241 441 337
person 0.0124 475 287 499 351
person 0.0108 428 258 477 360
person 0.0105 485 228 500 297
person 0.0100 443 314 500 397
person 0.0090 341 233 485 399
person 0.0075 456 208 497 292
person 0.0072 454 284 495 335
person 0.0053 468 291 500 396
person 0.0046 205 189 248 237
person 0.0045 440 328 490 368
person 0.0045 451 294 479 342
person 0.0043 487 284 499 375
person 0.0039 466 236 489 288
person 0.0037 228 180 257 215
person 0.0036 376 240 452 302
person 0.0029 461 276 489 325
person 0.0027 357 256 397 394
person 0.0025 368 253 413 393
person 0.0020 473 170 498 290
person 0.0019 432 300 460 357
person 0.0019 188 183 258 244
person 0.0018 371 262 391 336
person 0.0017 368 127 499 409
person 0.0016 444 304 487 352
person 0.0016 402 284 456 398
person 0.0015 6 241 192 402
person 0.0014 424 258 449 319
person 0.0014 375 338 402 395
person 0.0012 220 123 499 402
person 0.0012 110 45 218 371
person 0.0011 2 -5 131 410
person 0.0011 233 190 252 215
person 0.0011 152 193 249 262
person 0.0010 443 175 503 358
person 0.0010 374 246 420 331
sofa 0.0012 436 323 503 396
