bicycle 0.0046 261 248 387 374
bicycle 0.0028 72 163 144 376
bicycle 0.0012 403 318 500 375
bottle 0.0011 263 230 281 251
chair 0.5581 72 163 144 376
chair 0.4002 261 248 387 374
chair 0.0411 134 149 202 380
chair 0.0301 95 217 148 374
chair 0.0102 338 154 420 380
chair 0.0086 196 226 286 359
chair 0.0052 301 208 401 373
chair 0.0047 227 248 283 341
chair 0.0036 254 312 381 376
chair 0.0033 255 262 305 365
chair 0.0028 255 185 349 361
chair 0.0027 214 227 265 326
chair 0.0026 195 245 241 348
chair 0.0026 239 244 325 373
chair 0.0020 183 231 223 361
chair 0.0020 185 142 259 368
chair 0.0020 327 261 384 366
chair 0.0013 479 102 500 251
chair 0.0011 255 254 350 337
chair 0.0010 93 202 194 371
chair 0.0010 107 152 144 357
chair 0.0010 489 121 499 223
diningtable 0.0279 232 244 369 377
diningtable 0.0125 196 241 284 316
diningtable 0.0084 119 240 309 373
diningtable 0.0077 196 192 284 357
diningtable 0.0028 72 163 144 376
diningtable 0.0022 211 253 299 336
diningtable 0.0022 276 245 424 376
diningtable 0.0019 19 230 164 377
diningtable 0.0015 270 255 370 338
diningtable 0.0015 134 149 202 380
diningtable 0.0014 93 202 194 371
diningtable 0.0010 253 186 399 359
motorbike 0.0014 261 248 387 374
person 0.9784 133 129 205 371
person 0.9253 338 93 423 339
person 0.8959 72 105 140 361
person 0.7096 193 131 287 262
person 0.6557 269 181 369 370
person 0.1380 275 185 356 275
person 0.1048 196 144 283 361
person 0.0223 228 133 288 224
person 0.0217 174 135 314 306
person 0.0131 159 141 239 368
person 0.0128 200 131 282 196
person 0.0067 490 100 499 209
person 0.0053 82 121 155 287
person 0.0044 298 144 413 360
person 0.0033 106 112 183 363
person 0.0029 479 102 500 251
person 0.0027 131 132 299 378
person 0.0026 328 77 483 382
person 0.0026 335 103 417 229
person 0.0024 489 194 499 284
person 0.0021 248 140 295 214
person 0.0019 199 153 379 376
person 0.0018 106 129 143 338
person 0.0018 232 194 327 355
person 0.0018 221 131 252 177
person 0.0011 234 161 287 258
person 0.0011 239 167 289 214
person 0.0010 260 274 383 376
person 0.0010 146 153 188 347
pottedplant 0.0245 409 109 500 394
pottedplant 0.0054 260 274 383 376
pottedplant 0.0027 409 94 494 268
pottedplant 0.0026 371 7 495 378
pottedplant 0.0023 369 11 495 188
pottedplant 0.0017 253 130 297 199
pottedplant 0.0016 410 242 501 379
pottedplant 0.0010 437 76 500 318
pottedplant 0.0010 479 102 500 251
sofa 0.0098 266 200 374 376
sofa 0.0027 72 116 140 385
sofa 0.0014 134 149 202 380
