bus 0.0077 12 129 158 194
bus 0.0059 141 126 302 193
bus 0.0044 278 145 430 206
bus 0.0041 395 186 458 213
bus 0.0015 333 154 449 205
bus 0.0011 374 156 490 209
car 0.0402 395 186 458 213
car 0.0032 385 174 484 215
person 0.0108 76 154 86 189
person 0.0065 174 139 184 168
person 0.0024 132 142 148 199
person 0.0022 73 143 90 186
person 0.0019 178 139 193 165
pottedplant 0.0010 366 186 411 213
train 0.7133 30 112 471 213
train 0.0347 12 129 158 194
train 0.0265 12 115 270 205
train 0.0031 142 139 305 202
train 0.0024 226 123 499 213
train 0.0024 278 145 430 206
train 0.0011 33 86 459 301
tvmonitor 0.0036 387 187 448 212
tvmonitor 0.0016 366 186 411 213
