bird 0.0013 378 -92 492 96
car 0.9912 -5 80 303 354
car 0.9809 149 126 490 302
car 0.0510 -1 131 70 216
car 0.0227 111 72 186 96
car 0.0156 299 170 497 283
car 0.0116 10 72 259 229
car 0.0112 316 86 491 209
car 0.0096 -3 111 129 254
car 0.0078 -6 102 497 404
car 0.0036 1 114 67 281
car 0.0029 119 69 217 89
car 0.0022 -1 134 20 299
car 0.0017 471 168 498 270
car 0.0016 0 126 25 230
car 0.0015 148 70 207 97
car 0.0015 81 60 212 105
car 0.0012 99 68 217 126
car 0.0012 -1 167 10 236
car 0.0010 450 176 502 267
car 0.0010 252 138 333 151
person 0.0014 436 128 457 194
sheep 0.0016 395 -93 503 99
