bicycle 0.9994 110 50 388 436
bottle 0.1732 233 214 282 277
bottle 0.0325 215 221 296 292
bottle 0.0057 255 221 300 293
bottle 0.0037 272 223 294 282
bottle 0.0031 261 226 286 279
bottle 0.0021 268 262 282 285
bottle 0.0016 282 213 300 272
bottle 0.0015 239 223 280 321
bottle 0.0015 196 157 287 328
bottle 0.0013 164 208 278 274
bottle 0.0011 268 270 281 293
bottle 0.0010 220 215 271 259
bottle 0.0010 218 230 273 275
chair 0.0049 111 37 393 336
person 0.0022 111 37 393 336
person 0.0020 230 221 279 269
pottedplant 0.0029 113 4 206 126
