bottle 0.9847 233 145 279 251
bottle 0.0031 255 217 337 297
bottle 0.0031 398 29 417 52
bottle 0.0027 392 29 407 51
chair 0.7034 412 199 500 379
chair 0.5155 4 0 138 135
chair 0.2485 4 16 177 353
chair 0.0576 166 2 240 71
chair 0.0342 16 26 341 355
chair 0.0058 0 39 142 244
chair 0.0044 0 198 99 386
chair 0.0043 389 150 485 363
chair 0.0042 175 6 304 69
chair 0.0041 373 -8 497 388
chair 0.0028 344 -3 446 50
chair 0.0027 433 112 501 362
chair 0.0024 346 -2 372 41
chair 0.0023 168 14 224 60
chair 0.0023 106 0 393 70
chair 0.0021 53 -2 147 91
chair 0.0019 15 129 258 376
chair 0.0016 185 15 245 59
chair 0.0012 92 5 196 82
chair 0.0011 96 4 149 86
chair 0.0011 2 4 58 306
chair 0.0010 286 -1 423 52
diningtable 0.9939 3 57 497 382
diningtable 0.0147 24 129 338 379
diningtable 0.0046 13 19 249 356
diningtable 0.0046 1 7 132 364
diningtable 0.0018 424 167 502 385
diningtable 0.0011 6 0 150 134
person 0.0017 106 0 393 70
sofa 0.0164 424 167 502 385
sofa 0.0028 106 0 393 70
sofa 0.0028 4 0 138 135
sofa 0.0016 2 -4 135 303
tvmonitor 0.0010 344 -3 446 50
