aeroplane 0.0199 -2 334 48 375
bird 0.4446 267 137 312 219
bird 0.0317 268 149 296 215
bird 0.0186 -2 334 48 375
bird 0.0129 277 145 306 201
bird 0.0113 266 145 306 272
bird 0.0101 212 151 240 193
bird 0.0099 229 152 255 194
bird 0.0055 213 163 255 200
bird 0.0044 289 147 310 200
bird 0.0037 214 145 255 184
bird 0.0031 262 147 285 219
bird 0.0028 211 169 239 213
bird 0.0027 232 179 257 224
bird 0.0027 211 139 307 216
bird 0.0023 271 176 295 225
bird 0.0016 210 131 240 177
bird 0.0016 235 200 252 220
bird 0.0015 259 141 308 187
bird 0.0014 -1 326 26 367
bird 0.0013 180 128 330 239
bird 0.0012 233 171 252 191
bird 0.0011 8 347 57 377
bird 0.0010 268 190 315 231
cat 0.0032 267 137 312 219
