bicycle 0.0017 382 327 482 371
bottle 0.0071 366 306 392 349
bottle 0.0050 417 323 439 367
bottle 0.0037 330 308 391 346
bottle 0.0027 319 295 364 340
bottle 0.0012 344 316 397 353
bottle 0.0011 323 283 343 332
car 0.0029 261 87 335 321
dog 0.0011 305 304 402 355
dog 0.0010 117 77 184 328
motorbike 0.0010 399 326 499 372
person 0.9962 125 85 189 349
person 0.9942 255 115 331 349
person 0.9782 187 107 260 352
person 0.9617 175 83 227 353
person 0.3725 282 89 339 319
person 0.2076 223 99 288 341
person 0.0094 220 132 260 332
person 0.0067 304 74 353 359
person 0.0060 246 84 275 310
person 0.0050 177 98 220 253
person 0.0038 310 287 400 348
person 0.0031 417 323 439 367
person 0.0027 298 140 335 327
person 0.0024 238 101 278 214
person 0.0021 200 101 278 265
person 0.0015 262 134 305 333
person 0.0012 128 136 169 328
person 0.0011 0 139 7 263
pottedplant 0.0156 88 153 126 243
pottedplant 0.0135 88 166 111 219
pottedplant 0.0085 95 167 122 218
pottedplant 0.0031 107 168 131 216
pottedplant 0.0014 82 170 100 231
pottedplant 0.0012 108 139 139 255
pottedplant 0.0011 111 188 129 212
