aeroplane 0.0050 174 143 294 218
aeroplane 0.0034 1 147 130 225
bicycle 0.0011 0 179 10 243
cow 0.0079 303 128 417 197
cow 0.0053 0 163 9 241
cow 0.0027 175 131 294 209
cow 0.0016 3 139 135 229
cow 0.0010 0 206 7 237
dog 0.0015 3 139 135 229
dog 0.0010 315 123 421 192
horse 0.0021 0 163 9 241
person 0.0014 0 206 7 237
sheep 0.9853 303 128 417 197
sheep 0.9724 175 131 294 209
sheep 0.8671 1 147 130 225
sheep 0.5600 431 144 499 187
sheep 0.0131 448 144 501 170
sheep 0.0109 443 147 474 182
sheep 0.0055 433 142 482 175
sheep 0.0047 0 163 9 241
sheep 0.0047 -2 154 71 225
sheep 0.0037 458 146 511 186
sheep 0.0021 0 150 28 228
