boat 0.0020 245 158 282 188
car 0.0013 360 134 382 163
chair 0.3735 248 158 284 228
chair 0.0354 245 158 282 188
chair 0.0185 0 230 93 318
chair 0.0148 -1 285 50 326
chair 0.0118 243 160 268 218
chair 0.0110 105 186 216 276
chair 0.0088 246 222 339 291
chair 0.0060 12 169 226 264
chair 0.0058 -2 251 56 331
chair 0.0022 0 162 103 307
chair 0.0017 155 262 289 332
chair 0.0012 245 185 285 279
chair 0.0010 1 276 86 333
diningtable 0.0080 243 158 283 203
diningtable 0.0021 0 230 93 318
diningtable 0.0019 249 156 291 227
diningtable 0.0016 155 262 289 332
diningtable 0.0013 248 232 338 305
pottedplant 0.0133 169 156 189 180
pottedplant 0.0034 246 149 284 214
pottedplant 0.0024 254 99 293 175
pottedplant 0.0022 159 153 196 183
pottedplant 0.0015 242 149 284 176
pottedplant 0.0015 245 158 282 188
pottedplant 0.0011 176 157 194 180
pottedplant 0.0010 152 157 201 200
sofa 0.7912 1 168 211 261
sofa 0.0239 243 158 283 203
sofa 0.0206 0 230 93 318
sofa 0.0193 105 186 216 276
sofa 0.0041 2 166 138 232
sofa 0.0032 0 162 103 307
sofa 0.0027 248 232 338 305
sofa 0.0026 1 146 213 334
sofa 0.0024 -2 251 56 331
sofa 0.0020 66 171 212 227
sofa 0.0014 -1 285 50 326
sofa 0.0014 249 156 291 227
tvmonitor 0.0050 -2 167 176 228
tvmonitor 0.0031 -1 285 50 326
tvmonitor 0.0027 317 123 365 161
tvmonitor 0.0027 360 134 382 163
tvmonitor 0.0013 0 230 93 318
