bird 0.0018 199 78 275 156
bird 0.0017 161 92 246 264
bird 0.0011 426 169 446 212
car 0.0012 452 303 496 331
cat 0.7186 161 92 246 264
cat 0.2170 162 61 274 219
cat 0.1086 199 78 275 156
cat 0.0781 171 28 265 124
cat 0.0341 192 30 279 173
cat 0.0185 158 9 276 318
cat 0.0127 175 31 228 103
cat 0.0095 174 139 231 255
cat 0.0071 166 89 248 185
cat 0.0043 165 157 238 298
cat 0.0024 171 44 231 143
cat 0.0016 260 147 292 243
chair 0.0020 162 109 245 282
chair 0.0018 158 9 276 318
dog 0.0205 162 109 245 282
dog 0.0039 157 72 275 244
dog 0.0022 199 78 275 156
dog 0.0010 174 139 231 255
pottedplant 0.0142 260 147 292 243
pottedplant 0.0125 426 169 446 212
pottedplant 0.0059 418 173 442 223
pottedplant 0.0054 421 178 469 220
pottedplant 0.0028 288 161 374 228
pottedplant 0.0017 288 173 378 306
pottedplant 0.0015 264 6 284 65
pottedplant 0.0011 419 171 453 247
