bottle 0.7248 271 308 291 360
bottle 0.0080 274 311 286 352
bottle 0.0062 265 305 282 361
bottle 0.0018 266 311 307 358
bottle 0.0011 57 179 101 267
bottle 0.0010 278 314 292 350
car 0.9223 151 131 353 276
car 0.9188 13 123 352 318
car 0.4352 55 125 228 312
car 0.0088 24 121 197 245
car 0.0020 20 137 103 266
car 0.0011 -35 58 403 370
chair 0.0016 45 133 198 344
dog 0.0016 45 133 198 344
person 0.6079 66 125 211 352
person 0.0846 17 127 345 343
person 0.0064 142 118 208 358
person 0.0053 269 313 292 362
person 0.0051 57 179 101 267
person 0.0027 73 191 102 238
person 0.0019 156 134 196 265
person 0.0019 190 138 217 181
person 0.0012 71 177 119 267
person 0.0012 27 123 257 243
person 0.0010 50 137 149 302
sofa 0.0012 17 127 345 343
