boat 0.0189 360 176 381 220
boat 0.0072 362 198 378 218
boat 0.0058 362 188 379 211
boat 0.0021 361 178 379 201
bus 0.0440 360 176 381 220
bus 0.0081 362 188 379 211
bus 0.0065 362 198 378 218
bus 0.0054 359 156 380 205
bus 0.0043 361 178 379 201
bus 0.0036 451 152 500 188
bus 0.0024 374 173 422 205
bus 0.0016 375 167 400 210
bus 0.0015 390 181 406 200
bus 0.0015 368 164 387 217
bus 0.0012 401 181 415 199
bus 0.0012 370 152 417 220
bus 0.0011 363 162 415 200
bus 0.0010 410 147 501 210
bus 0.0010 380 180 395 199
car 0.0149 362 198 378 218
car 0.0092 362 188 379 211
car 0.0039 361 178 379 201
car 0.0032 -1 183 7 213
car 0.0023 360 176 381 220
car 0.0022 401 181 415 199
car 0.0014 411 180 424 199
car 0.0012 -1 159 9 217
car 0.0011 390 181 406 200
car 0.0011 411 186 423 207
person 0.0147 27 165 41 212
person 0.0116 284 166 300 192
person 0.0075 279 166 291 194
person 0.0070 280 167 300 211
person 0.0058 277 167 292 212
person 0.0048 374 185 382 211
person 0.0043 279 184 288 209
person 0.0037 401 181 415 199
person 0.0036 411 186 423 207
person 0.0033 29 183 39 210
person 0.0031 402 185 414 205
person 0.0029 390 181 406 200
person 0.0024 373 178 383 202
person 0.0024 283 173 298 203
person 0.0020 362 188 379 211
person 0.0020 373 195 382 218
person 0.0020 362 198 378 218
person 0.0019 419 160 434 182
person 0.0019 411 180 424 199
person 0.0017 361 178 379 201
person 0.0016 380 180 395 199
person 0.0016 412 172 424 188
person 0.0015 284 184 296 208
person 0.0013 -1 183 7 213
person 0.0012 289 168 312 209
person 0.0012 343 217 355 240
person 0.0011 293 168 310 192
person 0.0011 402 172 414 189
person 0.0011 430 168 442 189
pottedplant 0.0011 402 185 414 205
pottedplant 0.0010 390 187 405 206
train 0.9989 97 139 382 253
train 0.0682 410 134 498 199
train 0.0333 360 176 381 220
train 0.0191 370 152 417 220
train 0.0040 451 152 500 188
train 0.0035 407 66 499 222
train 0.0033 374 173 422 205
train 0.0033 362 198 378 218
train 0.0032 362 188 379 211
train 0.0031 389 150 484 211
train 0.0031 72 160 299 216
train 0.0021 359 156 380 205
train 0.0017 470 122 499 202
train 0.0016 448 102 498 193
train 0.0011 361 178 379 201
train 0.0011 363 162 415 200
train 0.0011 375 167 400 210
train 0.0011 92 148 276 193
train 0.0010 25 139 109 197
