bottle 0.0012 239 167 257 216
chair 0.4851 63 32 352 366
chair 0.1982 234 2 495 295
chair 0.0517 5 -24 497 339
chair 0.0434 57 2 146 81
chair 0.0111 19 -26 173 97
chair 0.0072 121 -10 449 234
chair 0.0037 368 -15 497 306
chair 0.0023 235 -109 492 195
chair 0.0018 6 -130 494 200
chair 0.0016 55 -19 291 84
chair 0.0014 318 12 494 206
chair 0.0011 5 67 173 373
chair 0.0010 2 27 272 287
diningtable 0.1004 18 15 481 370
diningtable 0.0166 234 2 495 295
diningtable 0.0046 60 118 355 385
diningtable 0.0014 19 -26 173 97
diningtable 0.0012 57 2 146 81
person 0.9004 37 32 331 368
person 0.0052 5 -24 497 339
person 0.0035 18 134 107 194
person 0.0032 5 67 173 373
person 0.0027 0 54 101 266
person 0.0013 49 136 96 189
sofa 0.0171 18 15 481 370
sofa 0.0019 234 -21 494 254
