bicycle 0.2395 83 -5 161 58
bicycle 0.0042 91 -2 148 36
bicycle 0.0039 303 0 408 73
bicycle 0.0035 375 1 496 322
bicycle 0.0027 352 2 433 79
bicycle 0.0022 27 -4 149 55
bicycle 0.0013 69 3 207 68
bicycle 0.0012 480 11 500 226
bottle 0.0012 57 10 68 43
car 0.0066 94 -2 146 23
car 0.0051 0 -15 497 292
car 0.0039 415 -17 496 172
car 0.0037 190 1 290 84
car 0.0023 0 3 47 69
car 0.0020 217 -4 299 60
car 0.0016 0 -3 87 59
car 0.0015 0 -4 25 80
car 0.0012 -1 15 12 75
car 0.0010 317 -2 429 57
car 0.0010 117 0 142 17
motorbike 0.9981 0 1 500 340
motorbike 0.1085 83 -5 161 58
motorbike 0.0639 297 -2 438 106
motorbike 0.0184 375 1 496 322
motorbike 0.0182 162 -4 336 96
motorbike 0.0110 242 -8 480 266
motorbike 0.0094 415 -17 496 172
motorbike 0.0074 324 1 491 156
motorbike 0.0065 67 -3 285 82
motorbike 0.0056 352 2 433 79
motorbike 0.0054 299 -3 408 58
motorbike 0.0050 91 -2 148 36
motorbike 0.0046 -2 -19 271 277
motorbike 0.0040 190 1 290 84
motorbike 0.0034 293 -5 335 59
motorbike 0.0031 1 -7 179 92
motorbike 0.0027 0 3 47 69
motorbike 0.0026 27 -4 149 55
motorbike 0.0023 208 16 449 136
motorbike 0.0017 437 -35 500 264
motorbike 0.0015 31 -15 228 60
motorbike 0.0013 0 -7 61 206
motorbike 0.0012 107 -3 152 23
motorbike 0.0012 45 -23 371 201
motorbike 0.0010 122 11 372 144
person 0.1302 415 -17 496 172
person 0.0206 0 -4 25 80
person 0.0177 0 -14 11 70
person 0.0157 0 -5 44 60
person 0.0149 291 2 314 65
person 0.0096 71 15 494 318
person 0.0090 437 -35 500 264
person 0.0080 219 2 295 81
person 0.0036 0 -11 20 170
person 0.0035 162 -4 336 96
person 0.0035 478 -6 500 165
person 0.0031 300 -3 324 57
person 0.0026 91 -2 148 36
person 0.0025 218 9 266 103
person 0.0021 55 4 70 47
person 0.0018 489 -22 499 96
person 0.0018 397 -109 507 113
person 0.0018 375 -3 423 39
person 0.0015 253 -4 298 61
person 0.0014 369 -5 492 120
person 0.0012 297 -2 438 106
person 0.0011 -1 20 10 89
person 0.0011 189 11 290 101
