bus 0.0074 68 126 94 143
bus 0.0014 49 124 96 146
car 0.9987 48 144 304 256
car 0.9969 240 143 468 249
car 0.4024 68 126 94 143
car 0.0481 49 124 96 146
car 0.0219 204 147 319 211
car 0.0140 0 137 9 165
car 0.0069 372 130 388 142
car 0.0046 0 116 11 170
car 0.0041 335 138 405 173
car 0.0040 252 143 307 242
car 0.0035 79 128 99 143
car 0.0029 113 142 246 184
car 0.0027 104 132 119 151
car 0.0026 300 137 437 180
car 0.0025 72 146 128 182
car 0.0023 108 135 127 149
car 0.0023 51 126 74 143
car 0.0022 58 128 103 151
car 0.0020 115 149 275 201
car 0.0019 159 140 282 186
car 0.0017 101 133 177 153
car 0.0016 78 156 141 187
car 0.0016 240 141 394 180
car 0.0015 370 136 388 150
car 0.0015 227 143 332 185
car 0.0015 218 149 273 176
car 0.0014 37 127 87 153
car 0.0013 0 119 9 150
car 0.0010 90 133 112 147
car 0.0010 4 132 19 156
person 0.0100 105 126 118 147
person 0.0016 372 130 388 142
