bicycle 0.0027 71 96 272 447
car 0.0114 -7 -5 65 194
car 0.0077 145 -1 210 54
car 0.0054 158 0 272 56
car 0.0014 167 1 344 123
car 0.0013 1 237 23 268
car 0.0010 2 1 55 30
horse 0.0021 141 0 185 50
horse 0.0019 206 78 298 242
motorbike 0.9953 54 75 261 428
motorbike 0.0163 164 86 298 246
motorbike 0.0033 145 -1 210 54
motorbike 0.0024 62 92 248 261
motorbike 0.0022 161 1 290 127
motorbike 0.0021 160 30 284 379
motorbike 0.0014 140 0 165 60
motorbike 0.0012 231 91 374 252
motorbike 0.0011 158 0 272 56
person 0.9511 -3 0 62 241
person 0.8949 288 -10 370 266
person 0.3484 164 -3 295 261
person 0.2488 148 -5 175 54
person 0.0798 161 1 290 127
person 0.0418 61 48 283 391
person 0.0250 255 -30 332 242
person 0.0221 145 -1 210 54
person 0.0117 232 -9 374 207
person 0.0105 187 88 285 262
person 0.0082 158 -5 185 50
person 0.0063 140 0 165 60
person 0.0043 265 0 314 91
person 0.0036 240 44 307 234
person 0.0034 158 0 272 56
person 0.0026 -24 -37 44 253
person 0.0021 263 0 311 31
person 0.0014 229 0 282 93
person 0.0013 270 90 304 238
person 0.0013 149 -1 194 34
person 0.0013 0 87 43 241
person 0.0012 245 0 291 27
person 0.0012 229 -3 318 175
person 0.0012 222 2 322 60
person 0.0010 255 0 369 58
