aeroplane 0.0063 138 193 277 250
bicycle 0.0015 365 210 375 233
boat 0.0067 135 201 199 241
boat 0.0047 90 205 148 237
boat 0.0023 107 224 131 237
boat 0.0022 139 198 195 223
boat 0.0016 259 203 307 236
boat 0.0014 134 214 183 249
bus 0.0070 131 213 203 249
bus 0.0033 139 201 300 265
bus 0.0027 295 194 347 231
bus 0.0026 299 191 322 233
bus 0.0025 258 198 307 228
bus 0.0015 248 202 299 237
bus 0.0011 90 205 148 237
car 0.0081 365 210 375 233
car 0.0034 32 225 53 238
car 0.0032 371 208 384 235
car 0.0014 149 242 165 252
car 0.0013 25 224 44 239
car 0.0012 170 195 185 208
car 0.0012 0 220 10 243
car 0.0012 1 223 21 239
car 0.0011 467 206 483 219
car 0.0010 6 220 60 243
car 0.0010 477 205 494 218
horse 0.0012 386 173 406 231
motorbike 0.0038 365 210 375 233
motorbike 0.0015 380 191 396 245
person 0.4053 379 173 402 232
person 0.0717 365 210 375 233
person 0.0584 380 191 396 245
person 0.0158 389 181 405 236
person 0.0083 66 199 93 242
person 0.0081 401 199 411 226
person 0.0069 371 208 384 235
person 0.0068 371 183 389 240
person 0.0058 362 187 378 237
person 0.0042 393 194 403 228
person 0.0037 70 219 90 239
person 0.0028 260 190 269 211
person 0.0025 385 172 406 220
person 0.0020 398 177 414 228
person 0.0016 373 198 384 227
person 0.0016 200 194 213 210
person 0.0016 149 242 165 252
person 0.0015 66 201 77 221
person 0.0013 382 211 393 245
person 0.0012 382 183 397 217
person 0.0012 170 195 185 208
person 0.0011 302 201 318 224
person 0.0010 402 185 412 219
pottedplant 0.0021 149 242 165 252
train 0.4509 139 201 300 265
train 0.0156 169 190 305 246
train 0.0066 131 213 203 249
train 0.0052 259 203 307 236
train 0.0042 137 194 238 251
train 0.0038 24 193 155 244
train 0.0036 90 205 148 237
train 0.0026 131 203 185 240
train 0.0024 295 194 347 231
train 0.0022 272 190 364 238
train 0.0021 139 198 195 223
train 0.0010 299 191 322 233
train 0.0010 219 189 332 242
train 0.0010 53 208 154 254
