bicycle 0.0047 219 -3 327 57
bicycle 0.0023 164 131 211 195
bottle 0.0019 458 133 475 171
bottle 0.0016 272 128 293 144
bottle 0.0010 227 163 243 184
cat 0.0011 162 152 213 194
chair 0.9826 109 182 218 365
chair 0.9807 288 189 387 357
chair 0.9726 398 157 496 322
chair 0.9185 0 153 89 321
chair 0.1954 162 152 213 194
chair 0.1572 164 152 229 321
chair 0.1542 269 174 320 300
chair 0.0920 279 162 354 317
chair 0.0403 282 151 340 195
chair 0.0390 -1 149 50 284
chair 0.0382 289 156 336 281
chair 0.0375 1 144 26 289
chair 0.0332 162 156 212 232
chair 0.0150 237 148 324 292
chair 0.0143 274 160 329 203
chair 0.0141 194 154 289 320
chair 0.0131 -2 38 52 313
chair 0.0101 277 151 328 238
chair 0.0095 257 156 304 277
chair 0.0092 324 180 412 338
chair 0.0084 225 148 338 203
chair 0.0048 68 152 268 360
chair 0.0042 179 151 230 196
chair 0.0037 197 147 243 284
chair 0.0037 199 139 249 168
chair 0.0036 169 149 267 201
chair 0.0033 12 170 185 356
chair 0.0032 156 136 239 189
chair 0.0032 234 156 283 276
chair 0.0031 474 147 497 285
chair 0.0029 182 114 207 154
chair 0.0029 214 153 267 277
chair 0.0029 -1 59 21 255
chair 0.0028 318 148 345 197
chair 0.0028 367 167 465 308
chair 0.0027 -1 187 68 389
chair 0.0027 256 192 339 280
chair 0.0026 158 152 182 192
chair 0.0026 266 178 452 352
chair 0.0025 251 136 346 189
chair 0.0024 36 160 135 310
chair 0.0024 165 94 209 183
chair 0.0020 0 159 23 226
chair 0.0017 153 161 200 200
chair 0.0017 12 115 115 288
chair 0.0016 308 185 363 326
chair 0.0016 0 198 21 389
chair 0.0016 346 184 398 289
chair 0.0014 170 135 220 172
chair 0.0013 0 143 12 240
chair 0.0012 447 162 496 307
chair 0.0012 146 165 223 264
chair 0.0011 325 190 375 233
chair 0.0010 192 145 237 185
chair 0.0010 207 192 307 282
diningtable 0.8272 87 163 408 353
diningtable 0.2663 245 172 412 359
diningtable 0.1713 145 160 361 305
diningtable 0.0531 316 174 493 343
diningtable 0.0357 261 163 330 310
diningtable 0.0234 3 149 117 319
diningtable 0.0230 12 170 185 356
diningtable 0.0168 276 182 369 333
diningtable 0.0157 113 161 217 325
diningtable 0.0122 388 159 493 316
diningtable 0.0090 225 148 338 203
diningtable 0.0079 211 146 307 295
diningtable 0.0052 264 178 464 296
diningtable 0.0049 164 152 229 321
diningtable 0.0046 162 152 213 194
diningtable 0.0027 0 137 65 303
diningtable 0.0024 178 149 262 294
diningtable 0.0022 194 136 330 184
diningtable 0.0021 324 180 412 338
diningtable 0.0019 282 151 340 195
diningtable 0.0018 13 124 481 409
diningtable 0.0017 169 149 267 201
diningtable 0.0012 161 144 351 239
diningtable 0.0011 232 171 328 265
motorbike 0.0018 214 -3 330 76
person 0.0011 0 -5 118 379
pottedplant 0.0147 309 101 338 147
pottedplant 0.0023 176 134 197 152
pottedplant 0.0021 301 103 341 175
pottedplant 0.0016 0 29 19 250
pottedplant 0.0015 0 -10 49 285
pottedplant 0.0015 0 84 11 182
pottedplant 0.0014 272 128 293 144
pottedplant 0.0010 171 135 187 153
sofa 0.0109 162 152 213 194
sofa 0.0019 282 151 340 195
sofa 0.0010 201 163 450 364
