person 0.9632 3 208 161 332
person 0.8823 181 44 251 305
person 0.1612 351 84 390 155
person 0.0967 230 50 284 302
person 0.0175 173 53 230 141
person 0.0104 243 64 280 246
person 0.0101 452 169 490 267
person 0.0086 455 165 476 233
person 0.0074 172 48 241 196
person 0.0063 357 77 382 137
person 0.0061 118 10 475 334
person 0.0053 367 80 388 146
person 0.0049 464 169 484 230
person 0.0049 254 73 289 206
person 0.0044 439 173 475 262
person 0.0044 253 77 280 113
person 0.0041 456 162 476 203
person 0.0041 477 160 499 305
person 0.0036 207 57 270 317
person 0.0034 446 168 465 249
person 0.0034 459 164 472 193
person 0.0028 189 34 283 249
person 0.0028 366 83 411 153
person 0.0023 239 32 306 254
person 0.0016 355 83 388 222
person 0.0016 240 62 284 140
person 0.0015 468 166 479 193
person 0.0014 264 81 281 105
person 0.0012 340 67 383 142
person 0.0011 256 81 276 105
person 0.0010 208 140 238 286
train 0.9028 149 2 495 339
train 0.0021 -20 -62 452 326
train 0.0015 2 189 164 330
train 0.0011 114 8 321 336
