bottle 0.9882 393 -2 461 173
bottle 0.5202 256 139 380 334
bottle 0.2060 15 -35 178 270
bottle 0.0370 0 -9 23 174
bottle 0.0203 0 -42 48 205
bottle 0.0143 376 8 409 157
bottle 0.0130 205 -1 225 44
bottle 0.0050 217 144 437 364
bottle 0.0041 1 -78 29 236
bottle 0.0040 142 1 174 88
bottle 0.0031 0 34 8 154
bottle 0.0031 198 -2 218 57
bottle 0.0029 189 69 288 253
bottle 0.0029 364 4 430 161
bottle 0.0028 491 7 500 109
bottle 0.0026 189 -7 208 62
bottle 0.0024 388 9 442 123
bottle 0.0023 476 -1 500 127
bottle 0.0022 -2 -26 147 166
bottle 0.0020 227 146 245 217
bottle 0.0019 338 8 486 143
bottle 0.0019 3 -44 90 208
bottle 0.0017 385 45 454 146
bottle 0.0015 3 20 39 179
bottle 0.0014 401 -3 487 235
bottle 0.0012 490 55 499 133
bottle 0.0012 33 222 51 278
bottle 0.0012 362 11 414 84
bottle 0.0010 480 39 500 239
bottle 0.0010 357 35 399 164
bottle 0.0010 456 8 498 117
bottle 0.0010 429 8 470 118
diningtable 0.1945 -7 221 505 373
diningtable 0.0082 125 152 466 362
diningtable 0.0057 247 155 460 301
diningtable 0.0033 198 250 459 372
diningtable 0.0030 2 282 427 376
diningtable 0.0014 -1 62 498 390
diningtable 0.0012 329 145 497 306
person 0.0062 -1 14 52 300
person 0.0059 439 53 500 345
person 0.0046 0 83 24 235
person 0.0039 0 123 46 234
person 0.0038 380 -24 495 336
person 0.0022 403 122 499 313
person 0.0012 0 126 22 304
person 0.0011 0 137 27 191
person 0.0010 190 47 291 236
person 0.0010 284 -8 386 172
person 0.0010 -1 126 10 199
person 0.0010 467 8 500 389
