bicycle 0.0128 441 144 500 367
bird 0.0012 277 183 306 221
car 0.0437 439 177 499 368
car 0.0108 379 113 420 139
car 0.0018 145 139 288 316
cat 0.0024 277 183 306 221
dog 0.0026 262 182 304 220
dog 0.0018 249 170 297 215
dog 0.0015 268 179 315 304
motorbike 0.4867 441 144 500 367
motorbike 0.0019 451 152 501 285
motorbike 0.0014 476 131 499 340
motorbike 0.0012 463 92 503 411
person 0.9954 174 107 265 327
person 0.9866 267 188 316 311
person 0.9785 100 195 181 324
person 0.8428 300 113 328 197
person 0.6024 256 111 273 175
person 0.3310 271 119 289 167
person 0.3173 250 104 283 182
person 0.1781 263 116 285 173
person 0.0430 252 102 275 151
person 0.0361 274 119 288 149
person 0.0305 251 108 265 178
person 0.0245 331 108 350 178
person 0.0173 248 102 266 149
person 0.0159 240 162 279 269
person 0.0159 265 114 281 138
person 0.0137 267 119 281 149
person 0.0122 308 134 330 204
person 0.0101 255 174 303 261
person 0.0094 197 175 273 318
person 0.0091 246 119 282 226
person 0.0090 314 111 347 194
person 0.0087 302 107 324 165
person 0.0079 261 108 284 147
person 0.0068 256 110 272 138
person 0.0064 335 115 372 191
person 0.0064 250 109 263 139
person 0.0061 270 134 292 186
person 0.0061 323 108 338 180
person 0.0059 257 117 270 149
person 0.0055 221 135 297 306
person 0.0054 252 132 277 187
person 0.0053 254 104 273 127
person 0.0044 272 184 313 220
person 0.0037 273 166 314 269
person 0.0034 199 215 245 324
person 0.0032 144 109 228 321
person 0.0030 441 123 502 353
person 0.0030 248 105 265 127
person 0.0028 237 193 282 310
person 0.0026 273 115 288 138
person 0.0024 279 190 308 231
person 0.0024 340 108 357 181
person 0.0017 305 112 321 135
person 0.0017 251 184 279 236
person 0.0017 181 119 313 265
person 0.0017 270 109 290 146
person 0.0015 251 116 262 149
person 0.0014 348 115 393 193
person 0.0014 245 100 281 136
person 0.0013 101 152 260 315
person 0.0012 262 171 305 214
person 0.0012 239 162 315 232
person 0.0011 241 179 286 224
person 0.0011 90 203 172 277
person 0.0011 258 135 270 169
person 0.0011 298 113 312 174
person 0.0011 243 128 312 277
person 0.0010 239 161 288 204
