bottle 0.1001 303 164 342 234
bottle 0.0988 459 159 495 238
bottle 0.0261 463 182 487 237
bottle 0.0232 488 174 499 246
bottle 0.0126 251 81 261 111
bottle 0.0086 478 181 496 238
bottle 0.0042 356 141 404 240
bottle 0.0032 41 224 210 378
bottle 0.0029 489 199 500 282
bottle 0.0029 488 205 498 238
bottle 0.0027 306 188 355 233
bottle 0.0026 107 251 132 305
bottle 0.0022 302 172 320 233
bottle 0.0020 119 264 139 310
bottle 0.0020 314 138 359 227
bottle 0.0020 490 234 500 266
bottle 0.0019 490 145 500 219
bottle 0.0019 475 159 497 262
bottle 0.0018 316 176 346 229
bottle 0.0014 457 170 495 293
bottle 0.0013 113 284 127 309
bottle 0.0013 491 174 499 210
bottle 0.0011 123 273 135 303
bottle 0.0011 279 179 356 242
bottle 0.0011 121 286 137 307
bottle 0.0010 465 209 483 234
car 0.0053 30 72 53 141
car 0.0020 24 137 66 217
car 0.0020 23 79 47 151
car 0.0019 11 117 183 251
chair 0.0518 122 286 203 374
chair 0.0352 21 218 180 375
chair 0.0098 55 287 149 372
chair 0.0086 114 230 475 375
chair 0.0084 36 277 216 374
chair 0.0075 86 234 249 381
chair 0.0065 22 287 70 371
chair 0.0043 0 286 48 370
chair 0.0039 3 214 93 370
chair 0.0038 101 281 322 376
chair 0.0035 194 105 365 248
chair 0.0030 459 159 495 238
chair 0.0026 101 284 148 372
chair 0.0024 154 265 207 368
chair 0.0020 -1 204 22 381
chair 0.0020 145 287 249 375
chair 0.0016 185 20 376 322
chair 0.0014 76 229 171 314
chair 0.0013 369 123 458 229
chair 0.0012 404 23 500 213
chair 0.0010 18 285 115 372
diningtable 0.9804 166 210 504 375
diningtable 0.0226 41 224 210 378
diningtable 0.0201 39 133 211 249
diningtable 0.0054 15 274 181 376
diningtable 0.0049 84 241 339 379
diningtable 0.0027 77 216 256 343
diningtable 0.0018 55 287 149 372
diningtable 0.0016 79 279 256 377
diningtable 0.0016 24 89 229 363
diningtable 0.0015 14 148 500 380
diningtable 0.0015 11 146 181 303
diningtable 0.0014 288 123 462 227
diningtable 0.0014 133 274 453 379
diningtable 0.0012 2 237 90 380
diningtable 0.0010 305 211 501 349
dog 0.0021 369 123 458 229
motorbike 0.0010 30 79 54 148
person 0.9918 194 14 368 259
person 0.7468 367 116 459 233
person 0.5932 21 218 180 375
person 0.0516 59 226 153 313
person 0.0201 0 72 29 402
person 0.0199 86 234 249 381
person 0.0149 3 214 93 370
person 0.0138 0 79 19 318
person 0.0090 -3 84 59 425
person 0.0072 30 72 53 141
person 0.0070 30 220 105 290
person 0.0059 -1 166 21 382
person 0.0057 27 218 71 294
person 0.0049 404 23 500 213
person 0.0035 288 123 462 227
person 0.0027 251 81 261 111
person 0.0027 0 117 7 245
person 0.0025 98 235 148 348
person 0.0020 355 125 406 236
person 0.0018 403 109 457 214
person 0.0018 441 76 499 238
person 0.0017 23 79 47 151
person 0.0017 0 -7 56 321
person 0.0014 473 81 499 232
person 0.0014 240 37 283 121
person 0.0014 445 134 498 382
person 0.0012 0 231 6 363
person 0.0012 459 159 495 238
person 0.0012 1 72 194 375
person 0.0011 -1 -73 31 310
person 0.0011 423 103 470 216
person 0.0011 -1 -30 19 233
person 0.0010 41 229 92 355
pottedplant 0.0019 36 -5 137 131
sofa 0.0014 3 214 93 370
tvmonitor 0.0017 60 225 149 292
tvmonitor 0.0015 459 159 495 238
