bottle 0.0073 451 105 499 146
person 0.8959 23 33 317 357
person 0.0391 238 150 432 294
person 0.0289 127 92 455 361
person 0.0031 235 135 487 380
person 0.0018 5 12 199 306
person 0.0018 446 59 499 149
person 0.0013 206 0 449 304
person 0.0011 474 148 498 283
person 0.0011 208 117 381 264
person 0.0011 314 161 498 296
pottedplant 0.0078 446 59 499 149
pottedplant 0.0069 476 57 500 115
pottedplant 0.0016 436 23 500 182
train 0.0027 6 13 492 369
tvmonitor 0.6248 6 13 492 369
tvmonitor 0.2655 206 0 449 304
tvmonitor 0.1180 416 140 498 298
tvmonitor 0.0865 238 150 432 294
tvmonitor 0.0256 227 99 484 356
tvmonitor 0.0232 213 17 364 201
tvmonitor 0.0200 440 162 497 276
tvmonitor 0.0064 314 161 498 296
tvmonitor 0.0033 339 198 442 277
tvmonitor 0.0031 431 48 499 231
tvmonitor 0.0028 131 -5 379 227
tvmonitor 0.0025 28 23 309 299
tvmonitor 0.0024 444 72 499 169
tvmonitor 0.0019 208 117 381 264
tvmonitor 0.0017 451 105 499 146
tvmonitor 0.0015 366 15 503 359
tvmonitor 0.0014 252 28 474 199
tvmonitor 0.0013 377 195 495 273
tvmonitor 0.0012 405 191 503 354
tvmonitor 0.0012 442 110 499 200
tvmonitor 0.0011 430 207 499 295
tvmonitor 0.0011 473 157 498 306
