bus 0.0014 69 13 140 149
car 0.9975 33 113 468 241
car 0.0050 156 101 290 161
car 0.0030 1 96 85 300
car 0.0029 223 106 369 160
car 0.0027 114 58 140 110
car 0.0025 219 83 342 148
car 0.0019 128 105 242 156
car 0.0012 250 75 349 123
car 0.0011 477 94 497 109
car 0.0010 202 85 280 148
chair 0.0014 -2 128 87 338
motorbike 0.0035 0 112 86 320
person 0.9380 73 55 131 151
person 0.6679 306 73 337 117
person 0.2949 141 99 174 145
person 0.1326 230 80 276 150
person 0.0887 221 83 269 121
person 0.0666 230 81 260 113
person 0.0188 219 83 342 148
person 0.0170 70 43 133 228
person 0.0164 111 91 180 150
person 0.0134 108 56 133 113
person 0.0107 210 99 304 167
person 0.0092 235 85 256 106
person 0.0089 119 101 162 144
person 0.0084 230 116 277 147
person 0.0067 241 85 263 105
person 0.0063 76 79 170 150
person 0.0061 301 76 343 147
person 0.0058 238 88 288 117
person 0.0054 98 41 138 127
person 0.0053 311 82 331 107
person 0.0052 246 116 300 148
person 0.0051 216 79 301 132
person 0.0050 240 122 286 158
person 0.0046 223 106 369 160
person 0.0036 148 101 167 123
person 0.0036 321 82 338 106
person 0.0034 120 105 202 157
person 0.0034 251 126 273 143
person 0.0031 253 94 274 111
person 0.0031 250 75 349 123
person 0.0031 220 91 270 168
person 0.0029 268 117 295 150
person 0.0027 239 97 276 206
person 0.0022 248 97 277 147
person 0.0021 125 65 170 143
person 0.0020 94 75 143 153
person 0.0019 244 129 266 148
person 0.0019 213 85 240 121
person 0.0019 268 84 366 145
person 0.0017 0 67 7 157
person 0.0017 311 74 332 98
person 0.0016 165 89 283 146
person 0.0015 132 95 234 147
person 0.0014 303 67 327 109
person 0.0012 287 83 340 117
person 0.0012 83 8 128 116
person 0.0012 65 75 114 184
person 0.0011 288 68 337 107
person 0.0010 97 55 125 113
person 0.0010 114 52 139 98
person 0.0010 68 33 115 135
