bird 0.0011 427 161 455 203
bottle 0.0613 238 278 254 338
bottle 0.0210 382 238 398 279
bottle 0.0077 323 255 335 280
bottle 0.0070 388 233 402 272
bottle 0.0066 243 277 260 338
bottle 0.0026 192 193 203 228
bottle 0.0021 239 280 251 317
bottle 0.0016 347 270 374 325
bottle 0.0015 236 304 254 345
bottle 0.0014 426 240 445 259
bottle 0.0012 357 276 380 337
bottle 0.0011 190 187 203 215
bottle 0.0010 346 271 388 344
chair 0.0132 341 271 381 344
chair 0.0060 405 275 499 343
chair 0.0046 485 228 500 289
chair 0.0044 478 233 498 281
chair 0.0021 488 235 499 263
chair 0.0020 487 207 500 274
chair 0.0015 487 277 500 358
chair 0.0015 461 236 489 278
chair 0.0010 475 223 498 363
diningtable 0.0029 171 300 470 379
diningtable 0.0013 294 329 456 372
diningtable 0.0013 407 260 500 337
diningtable 0.0010 341 271 381 344
person 0.0017 192 193 203 228
person 0.0012 487 179 499 263
person 0.0010 489 150 499 235
pottedplant 0.2230 457 199 492 244
pottedplant 0.0559 458 217 490 265
pottedplant 0.0416 197 156 253 189
pottedplant 0.0253 475 202 497 257
pottedplant 0.0244 427 161 455 203
pottedplant 0.0217 487 207 500 274
pottedplant 0.0172 -1 179 21 362
pottedplant 0.0111 457 203 497 294
pottedplant 0.0083 488 235 499 263
pottedplant 0.0068 485 228 500 289
pottedplant 0.0059 477 224 498 272
pottedplant 0.0048 476 136 498 258
pottedplant 0.0043 457 147 494 255
pottedplant 0.0036 0 41 28 384
pottedplant 0.0034 187 151 284 199
pottedplant 0.0033 220 157 267 186
pottedplant 0.0032 455 206 480 254
pottedplant 0.0031 185 158 228 188
pottedplant 0.0029 187 163 243 201
pottedplant 0.0029 465 227 485 252
pottedplant 0.0026 0 100 22 291
pottedplant 0.0026 418 156 458 245
pottedplant 0.0025 465 217 485 244
pottedplant 0.0024 465 238 485 260
pottedplant 0.0023 -2 117 52 423
pottedplant 0.0022 205 162 263 201
pottedplant 0.0022 196 162 216 185
pottedplant 0.0022 245 165 301 200
pottedplant 0.0021 464 206 487 235
pottedplant 0.0021 490 212 498 249
pottedplant 0.0021 463 199 488 224
pottedplant 0.0021 211 153 259 176
pottedplant 0.0020 475 190 498 234
pottedplant 0.0018 189 162 205 184
pottedplant 0.0016 204 161 226 185
pottedplant 0.0016 186 151 244 179
pottedplant 0.0014 1 242 20 314
pottedplant 0.0013 224 154 248 173
pottedplant 0.0013 487 243 499 274
pottedplant 0.0012 480 236 495 261
pottedplant 0.0012 0 238 11 337
pottedplant 0.0011 479 226 494 253
pottedplant 0.0011 478 216 494 243
pottedplant 0.0011 458 238 472 261
pottedplant 0.0010 403 150 413 175
pottedplant 0.0010 488 169 499 255
sofa 0.0028 405 275 499 343
tvmonitor 0.0010 489 150 499 235
