bicycle 0.0041 16 -3 162 135
chair 0.9879 49 246 213 376
chair 0.9682 316 235 478 377
chair 0.4099 372 102 498 258
chair 0.3614 0 111 135 263
chair 0.0144 -1 -3 143 306
chair 0.0060 -1 242 143 368
chair 0.0030 397 117 501 349
chair 0.0024 362 7 508 294
chair 0.0021 -2 135 199 385
chair 0.0019 475 120 499 273
chair 0.0017 450 106 501 211
chair 0.0017 396 175 499 251
chair 0.0012 435 100 498 261
chair 0.0011 273 157 482 378
diningtable 0.0053 388 97 502 260
diningtable 0.0042 5 251 209 371
diningtable 0.0023 3 101 128 292
diningtable 0.0017 321 267 476 379
person 0.0025 388 97 502 260
pottedplant 0.0677 16 -3 162 135
pottedplant 0.0107 42 -4 137 82
pottedplant 0.0028 -5 -7 143 222
sofa 0.1222 388 97 502 260
sofa 0.0167 0 111 135 263
sofa 0.0065 5 251 209 371
sofa 0.0024 292 238 468 373
tvmonitor 0.0017 371 91 496 235
