bird 0.0013 360 200 384 220
bird 0.0010 402 -2 498 50
cat 0.9831 160 56 392 288
cat 0.0012 308 53 398 193
chair 0.0083 177 36 446 280
chair 0.0046 0 159 19 388
chair 0.0042 2 141 95 391
chair 0.0033 147 60 375 366
chair 0.0012 8 99 168 372
chair 0.0012 20 -7 474 367
diningtable 0.0022 147 60 375 366
diningtable 0.0016 177 36 446 280
dog 0.0290 168 82 359 275
dog 0.0011 179 48 446 304
person 0.2066 0 96 97 370
person 0.0201 5 123 177 375
person 0.0174 0 111 20 358
person 0.0077 1 66 29 405
person 0.0071 0 135 8 246
person 0.0018 -2 109 64 297
person 0.0012 -2 -78 103 123
person 0.0011 177 36 446 280
person 0.0010 0 85 21 234
sofa 0.0026 148 61 377 290
sofa 0.0010 5 123 177 375
tvmonitor 0.0061 4 20 176 365
