bus 0.7406 307 116 441 235
bus 0.0296 459 160 492 236
bus 0.0046 47 52 366 303
bus 0.0034 471 137 499 223
bus 0.0026 436 167 460 200
bus 0.0015 438 174 458 193
bus 0.0013 451 165 502 204
bus 0.0011 446 175 466 193
car 0.0094 446 175 466 193
car 0.0076 438 174 458 193
car 0.0032 396 170 439 216
car 0.0028 0 214 6 242
car 0.0022 435 171 476 197
car 0.0017 490 190 500 216
car 0.0015 458 176 473 193
person 0.7939 463 191 482 247
person 0.4207 358 174 389 250
person 0.0295 461 173 477 234
person 0.0166 459 177 489 244
person 0.0064 461 179 474 203
person 0.0037 334 141 347 169
person 0.0028 466 178 479 204
person 0.0026 458 176 473 193
person 0.0022 466 185 480 215
person 0.0020 0 214 6 242
person 0.0019 470 156 498 234
person 0.0019 337 178 411 248
person 0.0019 385 140 395 169
person 0.0011 462 193 476 228
train 0.0019 471 157 499 209
