aeroplane 0.0597 15 -48 482 327
aeroplane 0.0033 149 -11 420 297
bird 0.0012 365 119 391 151
boat 0.0101 10 0 492 345
boat 0.0023 84 17 350 331
boat 0.0013 3 29 164 350
bottle 0.0012 70 203 143 331
bus 0.0023 5 -8 133 296
bus 0.0012 484 97 501 152
car 0.3309 477 99 500 147
car 0.1937 10 0 492 345
car 0.1558 136 33 374 326
car 0.1509 5 1 156 327
car 0.0422 3 -6 169 100
car 0.0122 193 77 376 266
car 0.0118 486 82 500 151
car 0.0109 59 -1 148 79
car 0.0070 91 -4 245 265
car 0.0049 486 108 501 139
car 0.0043 474 75 499 160
car 0.0042 6 -2 126 60
car 0.0041 0 8 139 153
car 0.0030 444 105 508 141
car 0.0019 0 4 65 81
car 0.0017 34 11 235 159
car 0.0011 96 17 318 154
car 0.0010 -1 -19 64 183
car 0.0010 45 -6 369 201
car 0.0010 124 1 165 89
car 0.0010 81 0 264 108
chair 0.0027 70 203 143 331
dog 0.0011 365 119 391 151
motorbike 0.0072 10 0 492 345
motorbike 0.0031 149 -11 420 297
motorbike 0.0022 474 75 499 160
motorbike 0.0012 484 97 501 152
motorbike 0.0010 119 109 393 346
person 0.9888 177 55 398 334
person 0.9502 3 4 134 330
person 0.8264 123 -10 197 217
person 0.0576 343 124 402 234
person 0.0556 184 0 227 108
person 0.0553 158 2 200 111
person 0.0340 73 189 145 326
person 0.0309 84 17 350 331
person 0.0208 215 88 414 251
person 0.0130 137 15 218 294
person 0.0125 146 -1 217 171
person 0.0110 127 4 170 191
person 0.0095 141 2 188 115
person 0.0090 123 7 167 113
person 0.0054 365 119 391 151
person 0.0046 158 -16 241 218
person 0.0030 103 33 190 317
person 0.0019 96 193 143 289
person 0.0018 94 0 161 238
person 0.0018 32 19 229 310
person 0.0017 0 33 17 283
person 0.0014 138 29 184 202
person 0.0013 108 6 148 106
person 0.0013 10 0 492 345
person 0.0013 157 33 198 203
person 0.0012 178 58 393 199
person 0.0011 162 0 239 87
person 0.0010 102 38 239 208
sofa 0.0019 10 0 492 345
train 0.0024 5 -8 133 296
train 0.0010 10 0 492 345
