bird 0.1142 4 72 98 135
bird 0.0253 131 42 184 82
bird 0.0170 188 33 241 67
bird 0.0099 39 71 101 107
bird 0.0073 102 53 154 88
bird 0.0063 2 63 159 114
bird 0.0039 76 43 203 94
bird 0.0033 190 -1 237 67
bird 0.0028 88 61 148 98
bird 0.0027 191 21 222 62
bird 0.0026 64 55 178 109
bird 0.0023 115 46 160 81
bird 0.0020 65 72 96 108
bird 0.0018 22 81 97 116
bird 0.0017 197 22 249 62
bird 0.0017 65 64 113 101
bird 0.0016 154 3 243 79
bird 0.0014 141 52 207 85
cat 0.9980 -10 129 272 497
cat 0.0134 4 72 98 135
cat 0.0061 126 93 294 426
cat 0.0023 6 36 183 145
cat 0.0020 0 6 264 109
cat 0.0011 138 134 289 281
cat 0.0011 2 63 159 114
chair 0.0279 -38 88 298 507
dog 0.0011 -7 191 274 510
dog 0.0010 4 72 98 135
person 0.0020 -7 191 274 510
pottedplant 0.0045 188 33 241 67
sofa 0.0042 -38 88 298 507
