boat 0.9959 -4 -7 177 403
boat 0.0259 186 313 283 361
boat 0.0176 233 321 282 357
boat 0.0142 275 319 335 361
boat 0.0101 158 275 280 321
boat 0.0080 -2 189 21 298
boat 0.0050 -1 309 160 408
boat 0.0048 230 338 285 358
boat 0.0046 -1 204 15 269
boat 0.0042 189 321 248 359
boat 0.0034 254 304 278 360
boat 0.0030 253 343 280 356
boat 0.0027 262 323 312 356
boat 0.0024 162 290 275 350
boat 0.0024 217 313 327 359
boat 0.0022 197 316 259 349
boat 0.0017 203 274 294 331
boat 0.0014 0 179 34 302
boat 0.0013 4 337 127 402
boat 0.0013 6 307 79 364
boat 0.0011 0 225 14 285
boat 0.0011 36 32 288 393
boat 0.0010 194 337 262 361
boat 0.0010 26 301 135 373
boat 0.0010 265 342 287 356
person 0.6500 4 304 26 343
person 0.2209 73 307 95 354
person 0.2113 42 309 71 353
person 0.2105 26 309 50 353
person 0.0543 2 306 17 339
person 0.0441 33 304 59 344
person 0.0313 -1 204 15 269
person 0.0187 -4 311 37 347
person 0.0139 52 304 75 345
person 0.0078 29 309 46 337
person 0.0064 38 310 55 335
person 0.0047 0 225 14 285
person 0.0045 33 295 77 352
person 0.0042 1 319 30 355
person 0.0035 47 318 66 345
person 0.0034 37 317 55 344
person 0.0034 67 308 87 352
person 0.0033 80 308 104 355
person 0.0031 5 328 26 349
person 0.0030 1 251 11 281
person 0.0027 15 310 39 350
person 0.0025 51 309 101 352
person 0.0022 63 298 100 373
person 0.0021 19 304 67 363
person 0.0020 20 316 35 344
person 0.0019 45 330 66 353
person 0.0018 -1 330 18 348
person 0.0018 27 329 45 351
person 0.0018 47 309 66 335
person 0.0017 4 303 50 345
person 0.0016 7 303 23 329
person 0.0014 56 316 74 346
person 0.0012 10 320 60 354
person 0.0010 107 325 117 355
pottedplant 0.0015 0 225 14 285
pottedplant 0.0014 1 251 11 281
pottedplant 0.0013 -1 204 15 269
train 0.0034 275 319 335 361
train 0.0014 217 280 277 306
