bus 0.0017 17 8 484 299
car 0.9929 24 66 465 304
car 0.9926 2 83 159 195
car 0.1509 236 27 476 261
car 0.0268 -3 79 52 166
car 0.0257 0 108 169 248
car 0.0100 -1 85 48 127
car 0.0086 0 71 29 173
car 0.0067 1 81 43 109
car 0.0057 43 135 306 300
car 0.0053 -3 69 255 176
car 0.0044 50 90 298 193
car 0.0031 181 105 290 167
car 0.0025 475 114 499 155
car 0.0024 306 70 483 223
car 0.0023 125 34 369 166
car 0.0018 40 88 157 158
car 0.0016 91 108 398 272
car 0.0012 -2 83 103 164
car 0.0011 -1 35 28 125
car 0.0010 0 86 26 104
person 0.6890 11 44 31 88
person 0.0264 15 44 30 73
person 0.0208 1 48 27 100
person 0.0116 0 37 12 98
person 0.0108 274 45 323 151
person 0.0069 223 108 245 124
person 0.0063 225 113 244 130
person 0.0062 133 113 150 151
person 0.0044 187 99 244 129
person 0.0042 1 41 44 118
person 0.0033 288 33 334 134
person 0.0030 136 112 161 154
person 0.0028 0 46 8 85
person 0.0028 234 113 253 132
person 0.0027 389 -75 477 84
person 0.0026 5 46 24 71
person 0.0026 214 106 238 125
person 0.0024 0 60 8 92
person 0.0023 222 112 249 154
person 0.0022 426 2 466 81
person 0.0021 233 108 254 123
person 0.0018 189 104 205 126
person 0.0016 218 113 272 153
person 0.0015 220 106 267 140
person 0.0015 210 104 257 128
person 0.0014 199 106 251 138
person 0.0013 0 47 27 158
person 0.0012 157 33 249 127
person 0.0011 181 105 290 167
person 0.0011 216 112 237 130
person 0.0010 0 34 7 62
