aeroplane 0.9989 -2 -9 499 227
aeroplane 0.0019 231 158 295 191
aeroplane 0.0019 199 154 322 204
aeroplane 0.0016 -4 123 127 252
aeroplane 0.0013 232 170 275 192
aeroplane 0.0012 162 176 214 203
aeroplane 0.0012 245 170 301 194
bus 0.0038 0 131 93 256
car 0.0154 162 176 214 203
car 0.0096 320 185 385 233
car 0.0069 410 167 492 215
car 0.0031 212 181 236 202
car 0.0014 451 167 499 215
car 0.0014 175 165 238 202
car 0.0012 353 172 477 221
car 0.0011 255 176 274 189
car 0.0011 245 170 301 194
horse 0.0014 338 187 382 233
motorbike 0.0016 320 185 385 233
motorbike 0.0011 410 167 492 215
person 0.0254 338 187 382 233
person 0.0204 419 169 473 212
person 0.0067 433 168 458 212
person 0.0058 317 173 394 231
person 0.0046 403 169 454 215
person 0.0039 293 131 341 229
person 0.0018 270 134 364 227
person 0.0014 82 168 101 234
person 0.0013 422 163 451 206
person 0.0013 280 193 309 230
person 0.0011 21 146 72 249
person 0.0011 451 167 499 215
person 0.0011 42 142 59 163
person 0.0010 50 162 69 180
train 0.0061 0 131 93 256
