bottle 0.0264 417 313 437 375
bottle 0.0209 399 317 418 374
bottle 0.0174 476 301 494 371
bottle 0.0127 447 301 464 371
bottle 0.0102 476 245 499 380
bottle 0.0099 466 300 487 372
bottle 0.0080 438 301 459 371
bottle 0.0078 457 286 495 372
bottle 0.0078 410 313 428 375
bottle 0.0078 413 287 449 373
bottle 0.0059 428 289 469 369
bottle 0.0048 485 296 498 376
bottle 0.0039 389 317 413 375
bottle 0.0023 84 36 102 97
bottle 0.0015 417 179 439 242
bottle 0.0015 455 233 499 353
bottle 0.0014 456 280 474 354
bottle 0.0013 392 290 432 374
bottle 0.0013 427 182 443 239
bottle 0.0010 427 302 446 371
bottle 0.0010 159 90 350 209
chair 0.0793 33 100 385 376
chair 0.0059 206 91 372 211
chair 0.0041 165 103 341 261
chair 0.0025 255 29 401 189
chair 0.0020 279 5 448 142
chair 0.0019 411 42 498 238
chair 0.0015 170 42 387 353
chair 0.0010 475 226 500 358
diningtable 0.0030 273 24 443 197
diningtable 0.0013 257 -2 464 296
diningtable 0.0011 411 289 494 369
diningtable 0.0010 -7 99 364 375
person 0.9164 40 119 373 379
person 0.2282 2 156 203 376
person 0.0241 405 225 447 314
person 0.0240 173 119 333 332
person 0.0115 -3 180 103 367
person 0.0031 402 228 432 275
person 0.0030 194 109 367 257
person 0.0029 159 90 350 209
person 0.0019 116 14 385 301
person 0.0017 13 -52 409 361
person 0.0014 205 122 224 167
person 0.0011 17 217 326 370
person 0.0010 397 218 467 368
sofa 0.0489 -7 99 364 375
tvmonitor 0.0011 1 165 123 355
