bicycle 0.0019 227 209 497 340
bicycle 0.0016 125 147 462 340
car 0.0011 152 91 202 139
motorbike 0.9202 187 142 481 337
motorbike 0.0181 287 216 507 341
motorbike 0.0072 167 161 350 333
motorbike 0.0018 450 252 498 336
person 0.9462 228 117 485 327
person 0.7009 7 -19 89 295
person 0.0202 15 -6 87 170
person 0.0162 184 162 408 331
person 0.0154 26 0 77 120
person 0.0121 15 -22 155 298
person 0.0064 -1 -14 60 219
person 0.0059 0 -67 28 311
person 0.0059 450 252 498 336
person 0.0043 0 39 20 282
person 0.0031 0 64 57 281
person 0.0030 8 3 47 121
person 0.0019 287 216 507 341
person 0.0016 211 126 307 312
person 0.0011 280 142 399 329
