bottle 0.9634 87 86 226 504
bottle 0.3280 52 135 106 460
bottle 0.1496 275 90 331 543
bottle 0.0155 90 141 146 453
bottle 0.0147 71 123 124 469
bottle 0.0058 24 174 103 534
bottle 0.0058 119 99 151 222
bottle 0.0043 261 241 333 498
bottle 0.0029 73 61 159 234
bottle 0.0028 118 48 198 433
bottle 0.0025 60 362 96 502
bottle 0.0020 108 128 135 309
bottle 0.0018 122 122 141 195
bottle 0.0018 83 53 147 350
bottle 0.0017 154 287 234 497
bottle 0.0016 91 91 143 195
bottle 0.0016 102 114 139 245
bottle 0.0015 106 144 123 211
bottle 0.0014 69 131 101 349
bottle 0.0013 120 125 147 312
bottle 0.0012 104 64 165 379
bottle 0.0011 95 157 177 547
bottle 0.0011 76 119 115 241
bottle 0.0010 81 132 111 306
bottle 0.0010 140 103 178 220
diningtable 0.0011 -56 442 316 495
person 0.0020 261 22 332 502
person 0.0016 55 49 109 432
