chair 0.2868 29 126 323 413
chair 0.0546 333 121 501 303
chair 0.0521 16 107 164 377
chair 0.0136 153 38 341 365
chair 0.0051 170 112 325 292
chair 0.0050 36 144 215 335
chair 0.0032 442 241 500 495
chair 0.0031 325 149 503 478
chair 0.0027 33 4 452 401
chair 0.0018 478 278 499 494
chair 0.0018 3 133 88 363
chair 0.0015 12 236 158 383
chair 0.0014 401 149 498 356
chair 0.0011 56 197 291 356
diningtable 0.0017 14 313 491 485
dog 0.0011 19 106 243 379
person 0.6559 80 10 340 335
person 0.0147 170 112 325 292
person 0.0040 177 41 371 364
person 0.0026 29 126 323 413
pottedplant 0.2447 50 112 152 353
pottedplant 0.0113 40 98 138 258
pottedplant 0.0089 19 106 243 379
pottedplant 0.0045 40 246 145 338
pottedplant 0.0033 10 98 125 329
pottedplant 0.0019 61 352 144 423
pottedplant 0.0015 12 236 158 383
pottedplant 0.0011 14 161 161 465
sofa 0.8339 45 94 358 392
sofa 0.7342 330 134 504 327
sofa 0.0088 153 38 341 365
sofa 0.0019 5 149 486 476
sofa 0.0018 360 150 501 480
tvmonitor 0.0041 348 134 501 331
