bottle 0.0017 327 227 418 287
diningtable 0.0014 320 236 428 297
person 0.0022 0 150 49 241
pottedplant 0.0650 0 175 28 287
pottedplant 0.0583 -1 152 45 279
pottedplant 0.0185 442 76 497 275
pottedplant 0.0135 0 179 26 240
pottedplant 0.0041 111 111 145 241
pottedplant 0.0024 0 132 50 225
pottedplant 0.0021 0 164 12 253
pottedplant 0.0019 -1 147 86 287
pottedplant 0.0012 0 113 26 243
tvmonitor 0.9944 142 102 299 237
tvmonitor 0.0757 325 64 478 260
tvmonitor 0.0012 130 61 333 273
tvmonitor 0.0011 0 108 54 211
