bicycle 0.9998 20 31 482 342
bicycle 0.0061 28 82 78 126
bicycle 0.0056 23 63 105 128
bicycle 0.0022 9 43 163 160
bicycle 0.0020 49 63 157 130
bicycle 0.0010 3 40 86 128
bottle 0.2675 224 161 264 229
bottle 0.0353 234 160 261 208
bottle 0.0050 230 169 277 215
bottle 0.0040 171 161 272 227
bottle 0.0026 210 180 262 222
bottle 0.0019 207 163 300 228
bottle 0.0013 211 163 261 206
car 0.0011 2 19 169 131
chair 0.0028 2 19 169 131
cow 0.0011 -1 33 45 132
dog 0.0054 -1 33 45 132
dog 0.0010 3 40 86 128
horse 0.0036 5 61 85 130
horse 0.0021 -1 33 45 132
motorbike 0.0049 28 82 78 126
motorbike 0.0038 16 49 108 125
person 0.0775 -1 33 45 132
person 0.0301 3 40 86 128
person 0.0153 40 47 88 125
person 0.0053 24 60 76 129
person 0.0052 2 19 169 131
person 0.0049 26 50 140 123
person 0.0033 222 166 269 218
person 0.0026 38 66 69 122
person 0.0023 37 9 393 313
person 0.0012 57 44 110 126
person 0.0011 11 63 34 124
