car 0.9999 47 66 455 317
car 0.0057 49 67 129 210
car 0.0047 72 50 129 86
car 0.0035 192 68 325 127
car 0.0032 62 72 141 158
car 0.0031 43 54 101 90
car 0.0016 70 56 110 90
car 0.0013 0 59 9 90
motorbike 0.0031 368 89 408 131
motorbike 0.0016 57 64 142 215
person 0.5602 412 74 441 129
person 0.5180 370 64 404 128
person 0.4258 74 55 103 91
person 0.2270 385 67 408 122
person 0.0901 99 53 138 135
person 0.0768 104 49 133 80
person 0.0519 108 54 130 73
person 0.0301 98 53 140 93
person 0.0301 72 50 129 86
person 0.0132 375 79 419 124
person 0.0126 79 60 99 85
person 0.0116 400 77 416 125
person 0.0110 379 58 403 98
person 0.0106 370 87 392 133
person 0.0095 83 46 135 108
person 0.0080 402 86 413 120
person 0.0072 43 54 101 90
person 0.0061 423 74 444 119
person 0.0060 370 62 393 111
person 0.0047 49 58 393 305
person 0.0044 101 55 124 76
person 0.0043 389 69 405 97
person 0.0041 391 88 405 120
person 0.0041 66 52 139 190
person 0.0041 382 62 399 87
person 0.0038 365 71 382 131
person 0.0034 387 63 405 87
person 0.0031 404 85 433 133
person 0.0030 208 89 262 132
person 0.0028 391 77 404 110
person 0.0027 401 99 413 127
person 0.0024 415 69 438 107
person 0.0021 118 55 136 74
person 0.0021 169 69 312 128
person 0.0019 390 99 406 128
person 0.0019 75 56 94 77
person 0.0017 411 72 429 98
person 0.0017 100 62 123 83
person 0.0017 402 73 414 97
person 0.0017 373 71 388 97
person 0.0015 410 80 428 107
person 0.0014 98 58 127 105
person 0.0013 381 90 396 117
person 0.0013 109 60 129 83
person 0.0012 0 59 9 90
person 0.0011 372 95 401 143
person 0.0011 91 60 111 84
person 0.0010 383 59 399 76
tvmonitor 0.0021 2 58 44 91
