bicycle 0.0072 95 72 452 277
bus 0.6984 179 2 458 115
bus 0.0014 137 -2 267 57
car 0.9759 1 28 162 145
car 0.6064 158 1 431 120
car 0.0670 164 2 230 29
car 0.0333 0 -3 25 126
car 0.0201 137 -2 267 57
car 0.0145 59 14 451 266
car 0.0132 109 3 326 103
car 0.0104 142 26 192 67
car 0.0090 145 10 227 74
car 0.0049 -5 37 177 88
car 0.0048 0 3 44 83
car 0.0040 158 0 215 22
car 0.0039 152 2 204 30
car 0.0035 136 -12 304 27
car 0.0031 149 35 204 79
car 0.0027 12 10 55 45
car 0.0026 6 11 248 119
car 0.0016 -2 14 46 56
car 0.0015 155 6 216 48
car 0.0015 -1 -9 58 137
car 0.0014 176 0 254 22
car 0.0014 0 28 10 121
car 0.0013 148 36 167 79
car 0.0013 133 29 271 90
car 0.0012 24 16 44 38
car 0.0010 210 -1 280 17
motorbike 0.9867 46 64 447 277
motorbike 0.0038 0 -3 25 126
motorbike 0.0013 2 50 160 175
motorbike 0.0010 19 140 156 251
person 0.0797 0 -3 25 126
person 0.0629 -1 15 25 62
person 0.0061 0 10 13 68
person 0.0040 -2 6 48 48
person 0.0030 0 19 9 54
person 0.0030 0 3 44 83
person 0.0012 21 10 48 45
person 0.0011 -1 -1 26 43
person 0.0010 1 25 22 48
pottedplant 0.0017 43 -4 131 45
train 0.0017 179 2 458 115
