cat 0.0019 50 85 435 349
chair 0.0747 30 28 462 365
chair 0.0011 -1 56 23 223
dog 0.9774 29 86 404 306
dog 0.0131 1 86 133 216
dog 0.0065 0 88 134 375
dog 0.0052 166 85 463 365
dog 0.0029 2 103 172 264
dog 0.0012 94 82 395 222
person 0.0594 0 88 134 375
person 0.0364 57 128 431 374
person 0.0124 -6 89 268 355
person 0.0055 1 86 133 216
person 0.0036 40 56 401 269
person 0.0025 0 97 59 409
person 0.0020 2 103 172 264
person 0.0017 -1 56 23 223
person 0.0015 5 101 119 176
pottedplant 0.0010 136 -9 219 93
sofa 0.2223 17 61 474 375
