bird 0.0055 227 65 244 82
bottle 0.0053 44 47 62 67
bottle 0.0034 33 56 52 73
bottle 0.0018 12 65 32 82
bottle 0.0017 227 65 244 82
bottle 0.0017 20 57 43 74
bottle 0.0016 12 58 32 77
bottle 0.0015 40 41 66 71
bottle 0.0013 33 50 54 67
bottle 0.0011 51 46 69 66
chair 0.0804 382 249 498 376
chair 0.0062 0 131 58 378
chair 0.0050 398 154 502 391
chair 0.0037 0 69 96 368
chair 0.0033 213 331 340 376
chair 0.0029 94 117 121 167
chair 0.0026 -2 2 504 378
chair 0.0023 0 292 51 376
chair 0.0015 -2 45 67 70
chair 0.0014 -10 137 351 377
chair 0.0013 5 78 176 379
chair 0.0012 6 53 57 79
chair 0.0011 0 128 20 383
chair 0.0011 0 220 49 367
chair 0.0010 33 56 52 73
chair 0.0010 113 295 394 382
diningtable 0.0048 392 251 501 375
diningtable 0.0025 -9 110 504 403
diningtable 0.0011 6 53 57 79
dog 0.0013 227 65 244 82
person 0.0093 227 65 244 82
pottedplant 0.1186 78 20 106 55
pottedplant 0.0201 72 7 111 49
pottedplant 0.0045 90 26 110 48
pottedplant 0.0029 81 17 102 41
pottedplant 0.0027 79 0 107 41
pottedplant 0.0023 227 65 244 82
pottedplant 0.0023 69 28 111 62
pottedplant 0.0017 79 0 117 71
pottedplant 0.0016 80 34 101 54
sofa 0.0726 -9 110 504 403
sofa 0.0043 392 251 501 375
tvmonitor 0.0119 94 118 115 168
tvmonitor 0.0017 -1 15 94 76
tvmonitor 0.0015 2 43 135 175
tvmonitor 0.0011 -2 2 504 378
tvmonitor 0.0011 -2 54 47 81
