bird 0.0032 1 31 57 367
bird 0.0028 488 61 499 90
cow 0.0106 0 50 61 383
dog 0.0032 0 50 61 383
horse 0.0010 0 50 61 383
person 0.0134 -1 62 127 386
person 0.0058 1 31 57 367
person 0.0027 38 52 245 372
person 0.0020 334 -87 419 134
sheep 0.9995 188 100 474 368
sheep 0.9773 51 64 273 308
sheep 0.2488 1 31 57 367
sheep 0.0156 10 46 193 327
sheep 0.0129 118 70 284 242
sheep 0.0116 200 104 382 283
sheep 0.0085 0 15 120 365
sheep 0.0083 105 72 398 322
sheep 0.0052 13 45 162 177
sheep 0.0051 308 123 488 376
sheep 0.0042 41 184 467 389
sheep 0.0034 59 60 271 170
sheep 0.0033 487 44 499 111
sheep 0.0032 488 61 499 90
sheep 0.0031 1 -20 34 417
sheep 0.0024 477 43 500 160
sheep 0.0021 490 41 498 154
sheep 0.0020 -4 -79 96 119
sheep 0.0019 1 61 132 235
sheep 0.0014 478 49 499 268
sheep 0.0010 167 83 336 222
