bicycle 0.0068 353 95 388 126
bicycle 0.0024 451 114 500 152
bicycle 0.0015 475 116 499 150
bicycle 0.0011 278 134 358 184
bird 0.0021 284 156 350 293
bird 0.0010 394 -114 511 106
bottle 0.0051 232 126 257 176
bottle 0.0031 475 116 499 150
bottle 0.0029 280 129 306 173
bottle 0.0025 249 94 299 170
bottle 0.0024 247 131 301 172
bottle 0.0015 326 55 340 71
bottle 0.0015 227 128 280 173
bottle 0.0014 488 116 499 148
bottle 0.0011 183 271 248 302
car 0.0719 353 95 388 126
car 0.0031 423 85 448 118
car 0.0014 366 98 388 123
car 0.0014 475 116 499 150
cat 0.0074 294 165 348 291
cat 0.0012 183 271 248 302
chair 0.0148 284 156 350 293
chair 0.0015 475 116 499 150
chair 0.0014 277 63 358 133
chair 0.0010 488 116 499 148
cow 0.0018 284 156 350 293
dog 0.2699 284 156 350 293
dog 0.0012 183 271 248 302
horse 0.0314 294 165 348 291
horse 0.0014 250 134 357 293
motorbike 0.0332 353 95 388 126
person 0.9176 284 138 351 288
person 0.6914 171 31 303 307
person 0.0117 466 57 483 111
person 0.0060 422 76 449 116
person 0.0052 355 94 387 126
person 0.0036 326 55 340 71
person 0.0024 489 45 499 123
person 0.0023 294 137 347 216
person 0.0022 161 18 250 268
person 0.0018 308 142 355 180
person 0.0016 475 116 499 150
person 0.0014 459 57 478 111
person 0.0014 206 131 356 292
person 0.0012 220 97 299 170
person 0.0011 476 55 495 112
person 0.0010 488 116 499 148
pottedplant 0.0693 475 116 499 150
pottedplant 0.0431 249 68 297 169
pottedplant 0.0237 0 -7 58 99
pottedplant 0.0217 298 116 344 149
pottedplant 0.0205 12 111 109 168
pottedplant 0.0090 1 -14 60 203
pottedplant 0.0052 288 120 337 163
pottedplant 0.0041 488 116 499 148
pottedplant 0.0030 278 110 358 167
pottedplant 0.0030 222 30 296 171
pottedplant 0.0027 451 114 500 152
pottedplant 0.0024 293 72 347 160
pottedplant 0.0020 3 95 100 294
pottedplant 0.0020 485 116 501 165
pottedplant 0.0020 303 125 358 158
pottedplant 0.0020 0 100 129 218
pottedplant 0.0020 278 134 358 184
pottedplant 0.0015 157 112 177 169
pottedplant 0.0013 254 31 298 135
pottedplant 0.0012 277 63 358 133
pottedplant 0.0011 466 57 483 111
pottedplant 0.0010 117 105 143 158
sheep 0.0014 284 156 350 293
