bicycle 0.0053 0 133 25 186
bicycle 0.0011 0 129 15 177
car 0.9988 19 62 297 294
car 0.9956 216 94 459 243
car 0.4357 449 123 498 225
car 0.1103 305 102 487 230
car 0.0325 0 133 25 186
car 0.0295 453 145 497 198
car 0.0185 314 102 475 140
car 0.0151 209 93 314 259
car 0.0145 470 131 499 258
car 0.0135 407 117 495 198
car 0.0112 341 107 473 165
car 0.0086 0 129 15 177
car 0.0078 451 92 495 192
car 0.0063 87 78 420 260
car 0.0053 332 87 352 100
car 0.0048 20 62 254 194
car 0.0043 1 134 46 167
car 0.0042 189 94 407 186
car 0.0038 488 100 499 166
car 0.0035 0 129 9 157
car 0.0032 476 117 499 166
car 0.0030 477 146 499 318
car 0.0026 453 157 500 266
car 0.0025 338 87 358 101
car 0.0024 381 105 455 140
car 0.0023 432 128 480 224
car 0.0021 489 117 500 148
car 0.0016 152 123 348 264
car 0.0016 491 109 499 140
car 0.0015 24 53 243 135
car 0.0015 1 139 23 165
car 0.0014 474 69 497 211
car 0.0013 450 110 466 136
car 0.0013 360 96 379 109
car 0.0011 489 102 499 218
car 0.0011 219 95 342 144
car 0.0010 225 99 285 133
motorbike 0.0188 0 133 25 186
motorbike 0.0031 449 123 498 225
motorbike 0.0030 0 129 15 177
motorbike 0.0016 470 131 499 258
person 0.0154 468 122 499 230
person 0.0070 450 110 466 136
person 0.0046 0 133 25 186
person 0.0029 0 129 15 177
person 0.0029 474 137 499 290
person 0.0023 450 137 500 246
person 0.0016 474 69 497 211
person 0.0013 490 123 499 257
person 0.0012 0 129 9 157
person 0.0010 0 142 11 177
