bottle 0.7913 311 142 331 204
bottle 0.4647 279 153 304 208
bottle 0.3202 338 146 362 203
bottle 0.1161 313 145 327 165
bottle 0.0642 302 157 324 204
bottle 0.0393 328 159 356 203
bottle 0.0286 321 145 338 201
bottle 0.0161 275 140 307 249
bottle 0.0142 292 156 310 205
bottle 0.0135 337 143 365 247
bottle 0.0093 347 155 367 210
bottle 0.0081 342 142 358 163
bottle 0.0074 277 163 293 217
bottle 0.0064 307 146 322 165
bottle 0.0062 296 165 307 198
bottle 0.0057 280 145 303 182
bottle 0.0048 335 143 352 164
bottle 0.0041 276 161 327 203
bottle 0.0040 306 166 318 197
bottle 0.0038 331 139 356 189
bottle 0.0036 306 141 326 188
bottle 0.0035 324 154 335 190
bottle 0.0029 309 166 333 212
bottle 0.0024 282 148 300 164
bottle 0.0023 313 142 354 206
bottle 0.0023 479 41 498 90
bottle 0.0021 322 144 338 165
bottle 0.0018 315 150 327 190
bottle 0.0018 303 142 337 241
bottle 0.0017 285 165 298 199
bottle 0.0016 343 166 357 196
bottle 0.0015 268 149 285 216
bottle 0.0014 333 168 349 195
bottle 0.0014 308 150 323 174
bottle 0.0013 297 153 307 189
bottle 0.0013 325 147 336 175
bottle 0.0012 305 175 318 206
bottle 0.0012 278 172 289 208
bottle 0.0011 309 157 321 188
bottle 0.0010 487 49 497 84
bottle 0.0010 335 160 349 187
cat 0.0015 158 86 273 291
cow 0.0023 157 79 276 279
diningtable 0.0063 265 175 371 257
diningtable 0.0025 306 159 356 201
diningtable 0.0014 276 144 357 201
diningtable 0.0011 276 161 327 203
dog 0.9152 157 79 276 279
person 0.4392 400 15 432 62
person 0.0072 413 17 439 58
person 0.0057 404 3 450 75
person 0.0025 309 154 333 205
person 0.0021 407 25 425 51
person 0.0021 405 17 426 40
person 0.0018 419 23 434 51
person 0.0014 279 153 304 208
person 0.0012 390 11 412 63
person 0.0010 428 13 451 63
tvmonitor 0.0039 320 160 362 204
