bird 0.0101 0 274 10 340
bird 0.0042 0 280 21 335
bird 0.0038 -1 279 9 313
bird 0.0018 0 263 23 365
sheep 0.9984 119 95 323 335
sheep 0.9638 117 20 351 218
sheep 0.9265 391 30 502 211
sheep 0.0236 433 17 501 298
sheep 0.0234 33 0 50 16
sheep 0.0184 25 -1 43 14
sheep 0.0074 109 20 252 128
sheep 0.0069 0 274 10 340
sheep 0.0068 449 32 502 70
sheep 0.0066 0 263 23 365
sheep 0.0059 0 280 21 335
sheep 0.0053 403 31 489 96
sheep 0.0047 6 -4 21 11
sheep 0.0032 485 12 499 86
sheep 0.0031 14 -2 33 14
sheep 0.0031 204 34 340 183
sheep 0.0030 382 9 498 351
sheep 0.0029 240 46 356 223
sheep 0.0022 -1 279 9 313
sheep 0.0016 488 211 498 308
sheep 0.0015 472 27 500 74
sheep 0.0011 0 -9 9 12
sheep 0.0010 475 155 498 311
