bottle 0.1869 129 103 151 162
bottle 0.0809 140 103 180 175
bottle 0.0790 131 100 166 171
bottle 0.0219 164 103 195 175
bottle 0.0057 0 -11 22 129
bottle 0.0049 0 79 48 126
bottle 0.0037 0 51 11 133
bottle 0.0019 0 41 23 193
bottle 0.0019 0 -4 44 121
bottle 0.0015 -1 88 50 183
bottle 0.0011 2 17 20 95
bottle 0.0011 134 104 225 173
bottle 0.0011 136 97 161 151
bottle 0.0010 1 7 11 122
cat 0.9138 4 146 419 362
cat 0.0016 56 188 517 434
chair 0.0593 3 135 493 411
chair 0.0013 0 79 48 126
chair 0.0011 0 -11 22 129
diningtable 0.0227 1 27 500 385
dog 0.0022 -1 113 498 377
person 0.0209 1 27 500 385
person 0.0017 106 6 215 70
person 0.0016 106 12 152 61
person 0.0015 0 79 48 126
sofa 0.0594 -1 113 498 377
