bird 0.0010 234 140 334 314
bottle 0.2717 457 54 478 112
bottle 0.0960 432 58 460 107
bottle 0.0375 434 48 475 114
bottle 0.0267 466 47 478 120
bottle 0.0034 446 57 467 108
bottle 0.0026 279 20 301 73
bottle 0.0019 469 61 477 104
bottle 0.0012 364 15 399 104
bottle 0.0011 461 65 473 98
bottle 0.0011 431 44 446 106
bottle 0.0010 368 42 420 109
cow 0.0058 314 304 435 357
cow 0.0048 70 114 350 344
dog 0.0027 313 291 434 355
dog 0.0014 70 114 350 344
person 0.8306 244 -6 388 309
person 0.0052 241 -1 375 145
person 0.0050 93 11 390 348
person 0.0032 259 61 429 371
person 0.0024 296 69 387 342
person 0.0012 465 55 478 126
person 0.0011 458 64 478 115
pottedplant 0.0081 205 0 248 17
pottedplant 0.0015 0 9 255 342
sheep 0.9852 88 134 371 355
sheep 0.0380 243 67 394 359
sheep 0.0095 313 273 464 368
sheep 0.0043 314 304 435 357
sheep 0.0039 59 183 284 337
sheep 0.0037 202 147 360 309
sheep 0.0020 19 25 309 334
