bird 0.0087 368 149 394 201
bird 0.0071 381 151 409 199
bird 0.0022 373 141 404 194
bird 0.0011 380 141 398 156
cat 0.0157 366 151 411 200
cat 0.0037 382 142 408 194
cat 0.0019 369 140 394 196
chair 0.0045 371 150 404 200
cow 0.0557 366 151 411 200
cow 0.0051 382 142 408 194
cow 0.0042 370 160 395 202
dog 0.2993 366 151 411 200
dog 0.0428 382 142 408 194
dog 0.0171 369 140 394 196
horse 0.0172 366 151 411 200
person 0.0010 370 144 410 198
sheep 0.0278 368 149 394 201
sheep 0.0183 381 151 409 199
sheep 0.0033 373 141 404 194
