car 0.0256 8 49 480 277
cat 0.0029 52 175 236 293
cat 0.0027 305 19 503 298
chair 0.0116 25 48 388 272
chair 0.0025 305 19 503 298
chair 0.0012 52 175 236 293
diningtable 0.0040 8 49 480 277
dog 0.9202 94 174 238 296
dog 0.0506 305 19 503 298
dog 0.0043 84 119 257 274
dog 0.0039 90 178 393 291
dog 0.0037 15 70 472 297
dog 0.0013 10 171 202 287
person 0.2443 305 19 503 298
person 0.0153 15 70 472 297
person 0.0056 52 175 236 293
person 0.0017 90 178 393 291
sofa 0.0788 8 49 480 277
sofa 0.0111 31 78 311 302
sofa 0.0011 249 24 499 295
tvmonitor 0.0025 8 49 480 277
