boat 0.0021 336 179 422 207
bus 0.0085 336 179 422 207
bus 0.0047 206 169 426 219
car 0.0041 358 176 421 208
car 0.0028 0 179 10 244
car 0.0022 0 193 7 228
car 0.0019 430 184 446 203
car 0.0012 388 185 413 201
person 0.0072 474 98 498 260
person 0.0067 463 169 491 259
person 0.0050 467 174 482 247
person 0.0028 0 193 7 228
person 0.0027 0 179 10 244
person 0.0026 430 184 446 203
person 0.0025 353 186 368 202
person 0.0011 315 183 327 204
person 0.0011 437 182 452 203
pottedplant 0.0020 430 184 446 203
train 0.9956 19 143 406 243
train 0.3792 206 169 426 219
train 0.0107 316 172 420 216
train 0.0100 221 186 414 228
train 0.0076 336 179 422 207
train 0.0023 140 167 339 226
train 0.0021 154 157 409 207
