chair 0.0021 175 123 446 331
dog 0.9983 163 104 412 328
dog 0.0210 11 2 329 276
dog 0.0140 176 7 330 153
dog 0.0056 53 69 373 338
dog 0.0036 152 -10 349 267
person 0.9859 -4 -2 264 336
person 0.1680 163 41 419 321
person 0.0496 -1 -4 130 333
person 0.0147 -3 -34 60 306
person 0.0067 54 -3 360 269
person 0.0065 1 -3 92 212
person 0.0055 176 7 330 153
person 0.0041 307 2 333 52
person 0.0016 300 0 339 93
person 0.0011 -1 -18 31 327
person 0.0011 48 121 388 341
person 0.0010 310 3 495 178
sheep 0.0012 176 7 330 153
sofa 0.0025 -10 3 429 332
sofa 0.0019 124 99 399 329
