bicycle 0.0029 -1 122 27 166
car 0.0084 -1 142 10 167
car 0.0035 -1 122 27 166
car 0.0018 436 156 459 166
car 0.0017 0 143 23 163
car 0.0015 425 156 452 166
car 0.0014 111 4 128 20
car 0.0014 0 133 10 158
car 0.0014 426 150 450 162
car 0.0013 445 151 464 161
car 0.0012 -2 134 14 172
car 0.0012 120 5 138 18
car 0.0011 437 151 456 162
horse 0.5026 65 14 193 230
horse 0.0019 82 21 490 273
motorbike 0.0034 -1 122 27 166
motorbike 0.0014 -1 142 10 167
person 0.0017 -1 142 10 167
person 0.0011 68 1 189 213
person 0.0010 0 133 10 158
sheep 0.0015 396 -112 505 71
