aeroplane 0.9958 -1 28 496 298
aeroplane 0.0060 66 90 434 246
aeroplane 0.0014 228 62 494 326
boat 0.0085 65 50 504 281
car 0.0047 2 45 431 273
car 0.0010 184 141 226 180
motorbike 0.0020 339 125 365 157
motorbike 0.0011 184 141 226 180
person 0.9681 207 113 275 268
person 0.0782 183 130 210 175
person 0.0247 342 133 361 154
person 0.0210 339 125 365 157
person 0.0149 233 115 281 237
person 0.0098 243 129 283 174
person 0.0098 185 125 226 259
person 0.0095 217 117 263 207
person 0.0067 349 130 367 155
person 0.0054 184 141 226 180
person 0.0040 251 119 292 227
person 0.0036 346 115 371 154
person 0.0027 249 123 277 162
person 0.0026 317 111 363 154
person 0.0025 259 138 289 184
person 0.0024 186 129 205 152
person 0.0022 254 131 272 153
person 0.0021 215 122 297 196
person 0.0020 196 120 249 237
person 0.0019 399 130 417 150
person 0.0019 453 131 500 170
person 0.0019 247 130 263 153
person 0.0017 259 120 287 167
person 0.0015 350 122 368 145
person 0.0014 375 126 422 155
person 0.0013 235 112 311 269
person 0.0013 254 138 272 161
person 0.0012 209 128 223 154
person 0.0011 244 134 266 186
person 0.0011 471 121 499 167
person 0.0011 195 130 213 151
person 0.0011 342 122 361 146
person 0.0010 345 113 393 154
person 0.0010 357 116 421 150
person 0.0010 184 123 266 195
person 0.0010 66 71 508 309
