cat 0.0012 149 82 352 242
chair 0.2559 137 55 364 258
chair 0.0103 129 133 321 248
chair 0.0020 166 107 276 173
chair 0.0014 142 153 264 236
chair 0.0011 148 117 256 197
chair 0.0010 239 92 347 258
diningtable 0.0021 130 95 321 245
dog 0.0037 130 95 321 245
person 0.8766 142 19 360 250
person 0.0072 142 132 355 248
person 0.0050 148 117 256 197
person 0.0047 234 114 253 168
person 0.0039 245 14 352 185
person 0.0031 214 115 234 168
person 0.0024 149 161 286 232
person 0.0020 166 107 276 173
person 0.0016 224 113 247 170
person 0.0010 219 99 335 175
sofa 0.7068 137 55 364 258
sofa 0.0053 129 133 321 248
sofa 0.0010 166 107 276 173
