aeroplane 0.9887 82 90 348 228
aeroplane 0.0370 318 88 490 222
aeroplane 0.0253 184 77 457 221
aeroplane 0.0166 363 122 493 246
aeroplane 0.0161 53 32 434 217
aeroplane 0.0056 331 177 484 251
aeroplane 0.0025 284 124 457 233
aeroplane 0.0012 319 123 428 193
bicycle 0.0107 86 203 98 235
boat 0.0031 363 122 493 246
bottle 0.0026 196 232 236 326
bus 0.0040 404 117 499 236
bus 0.0020 320 192 437 244
bus 0.0010 342 174 448 236
car 0.8644 347 184 469 246
car 0.2204 398 182 499 243
car 0.0177 448 181 499 246
car 0.0096 308 205 335 215
car 0.0087 319 205 343 215
car 0.0052 279 205 304 217
car 0.0052 299 206 324 215
car 0.0044 224 207 246 217
car 0.0040 404 117 499 236
car 0.0039 386 183 450 220
car 0.0033 343 199 415 242
car 0.0029 196 232 236 326
car 0.0028 214 207 237 217
car 0.0022 291 203 350 217
car 0.0022 366 201 496 251
car 0.0021 408 183 455 247
car 0.0021 331 206 351 216
car 0.0017 205 207 224 218
car 0.0015 268 203 334 218
car 0.0015 86 203 98 235
car 0.0014 468 155 499 243
car 0.0013 388 126 488 192
car 0.0011 289 205 315 216
car 0.0010 309 176 437 233
car 0.0010 473 194 499 248
cow 0.0010 86 203 98 235
horse 0.0037 86 203 98 235
motorbike 0.0165 86 203 98 235
motorbike 0.0011 449 198 502 245
person 0.5862 86 203 98 235
person 0.0146 91 206 104 231
person 0.0034 103 203 115 224
person 0.0023 87 215 96 237
person 0.0015 187 205 204 220
person 0.0013 205 207 224 218
person 0.0012 196 206 214 219
pottedplant 0.5987 1 289 60 367
pottedplant 0.0012 2 291 63 323
train 0.0035 388 126 488 192
