bottle 0.0020 489 200 500 282
chair 0.5443 0 210 100 340
chair 0.0429 -1 212 52 329
chair 0.0416 306 215 503 373
chair 0.0242 0 209 28 308
chair 0.0073 16 223 75 324
chair 0.0035 32 250 125 333
chair 0.0030 411 197 494 274
chair 0.0019 311 183 498 292
chair 0.0011 -1 205 10 294
chair 0.0010 28 183 133 330
chair 0.0010 73 159 93 223
chair 0.0010 31 217 130 296
diningtable 0.0086 0 210 100 340
diningtable 0.0053 160 213 282 299
person 0.3741 306 191 502 353
person 0.0092 411 197 494 274
person 0.0075 353 175 498 296
person 0.0026 489 200 500 282
person 0.0013 310 219 440 288
person 0.0012 412 191 497 357
person 0.0010 441 176 499 265
pottedplant 0.0010 282 241 342 277
sofa 0.8604 306 215 503 373
sofa 0.0338 311 183 498 292
sofa 0.0259 2 214 121 340
sofa 0.0019 158 163 246 231
sofa 0.0011 165 209 271 268
tvmonitor 0.7063 76 154 139 214
tvmonitor 0.0571 158 163 246 231
tvmonitor 0.0077 73 159 93 223
tvmonitor 0.0028 67 161 108 218
tvmonitor 0.0010 200 171 251 212
