aeroplane 0.0011 151 256 250 319
bicycle 0.0045 164 256 276 317
boat 0.0065 164 256 276 317
boat 0.0022 196 195 234 231
boat 0.0021 123 237 372 323
boat 0.0019 149 134 213 285
boat 0.0016 64 143 429 327
bottle 0.0015 30 253 59 307
bottle 0.0014 52 56 70 118
bottle 0.0010 44 53 67 122
bus 0.0098 293 132 348 159
car 0.2475 293 132 348 159
car 0.1471 222 261 270 300
car 0.0070 299 134 326 155
car 0.0069 164 256 276 317
car 0.0042 251 132 296 156
car 0.0035 307 136 337 154
car 0.0020 318 136 343 156
car 0.0018 288 137 337 167
car 0.0018 321 92 347 125
car 0.0017 243 261 265 280
car 0.0016 306 138 353 166
car 0.0016 233 258 275 288
car 0.0012 281 131 326 157
chair 0.0044 164 256 276 317
diningtable 0.0016 169 258 302 316
diningtable 0.0010 123 237 372 323
motorbike 0.0058 229 259 278 300
motorbike 0.0013 164 256 276 317
person 0.0214 31 253 58 291
person 0.0161 26 250 66 315
person 0.0067 174 258 197 302
person 0.0049 172 260 187 282
person 0.0043 226 238 239 262
person 0.0042 178 258 193 281
person 0.0031 138 257 227 321
person 0.0031 168 258 193 319
person 0.0029 219 210 232 231
person 0.0028 379 128 398 181
person 0.0021 34 258 53 283
person 0.0017 388 124 407 186
person 0.0016 219 174 233 190
person 0.0015 41 259 60 281
person 0.0013 255 262 268 282
person 0.0013 226 209 240 235
person 0.0012 205 203 226 222
person 0.0011 226 250 240 271
person 0.0010 243 261 265 280
person 0.0010 169 257 191 288
pottedplant 0.0101 161 140 206 276
pottedplant 0.0029 161 140 207 208
pottedplant 0.0014 219 174 233 190
pottedplant 0.0010 379 128 398 181
pottedplant 0.0010 26 250 66 315
train 0.0019 64 143 429 327
train 0.0017 196 195 234 231
tvmonitor 0.0010 76 298 162 316
