aeroplane 0.0017 296 150 457 215
aeroplane 0.0015 216 158 237 172
aeroplane 0.0013 207 149 260 180
bird 0.0015 433 233 446 249
bird 0.0014 170 112 278 174
boat 0.7523 296 150 457 215
boat 0.2722 91 167 268 224
boat 0.1659 83 185 241 241
boat 0.1115 117 117 290 228
boat 0.0781 169 113 277 203
boat 0.0495 215 112 294 198
boat 0.0372 137 152 268 212
boat 0.0202 169 167 264 220
boat 0.0184 303 183 445 240
boat 0.0164 166 161 224 189
boat 0.0150 311 232 388 249
boat 0.0134 281 165 401 224
boat 0.0127 321 220 398 244
boat 0.0116 305 169 393 199
boat 0.0104 92 209 265 260
boat 0.0089 297 179 403 206
boat 0.0089 162 169 248 200
boat 0.0081 184 197 266 227
boat 0.0070 233 144 295 184
boat 0.0070 252 115 296 199
boat 0.0068 180 160 249 187
boat 0.0061 87 208 190 234
boat 0.0059 193 187 256 215
boat 0.0038 127 249 207 270
boat 0.0037 97 199 198 224
boat 0.0031 290 178 353 210
boat 0.0030 154 199 238 223
boat 0.0027 109 229 256 275
boat 0.0026 286 192 393 214
boat 0.0025 214 131 272 177
boat 0.0023 168 182 243 206
boat 0.0020 357 159 455 222
boat 0.0018 427 155 448 171
boat 0.0018 163 188 228 215
boat 0.0017 161 109 252 174
boat 0.0017 213 166 238 178
boat 0.0016 203 166 265 203
boat 0.0016 220 116 248 173
boat 0.0015 216 158 237 172
boat 0.0015 190 167 220 178
boat 0.0015 226 123 280 165
boat 0.0015 234 194 255 209
boat 0.0015 169 167 201 182
boat 0.0014 466 156 485 175
boat 0.0013 237 164 292 202
boat 0.0013 144 153 344 243
boat 0.0011 208 181 260 207
boat 0.0011 207 149 260 180
boat 0.0010 249 154 296 194
person 0.0016 170 194 184 211
person 0.0016 188 193 207 211
train 0.0011 173 188 238 215
train 0.0011 97 199 198 224
