bottle 0.0024 64 90 78 120
bottle 0.0012 52 88 72 124
cat 0.0016 12 162 265 315
cat 0.0011 -1 195 49 243
chair 0.3424 75 139 269 322
chair 0.0913 1 177 199 323
chair 0.0508 90 219 320 331
chair 0.0116 400 247 498 331
chair 0.0039 23 139 473 327
chair 0.0025 253 195 502 334
chair 0.0015 0 197 97 337
chair 0.0015 127 254 274 328
chair 0.0013 -1 195 49 243
diningtable 0.0027 12 162 265 315
diningtable 0.0012 400 247 498 331
dog 0.0011 1 177 199 323
person 0.9824 52 113 287 320
person 0.2198 1 177 199 323
person 0.0355 400 247 498 331
person 0.0079 23 139 473 327
person 0.0028 398 222 499 396
person 0.0027 182 194 482 322
person 0.0015 184 118 287 335
pottedplant 0.0038 1 72 100 130
pottedplant 0.0012 3 70 49 131
sofa 0.8381 239 189 507 324
sofa 0.2542 23 139 473 327
sofa 0.0570 12 162 265 315
sofa 0.0154 115 143 292 323
sofa 0.0110 400 247 498 331
sofa 0.0109 1 188 141 322
sofa 0.0033 90 219 320 331
sofa 0.0014 357 204 496 335
sofa 0.0010 398 222 499 396
tvmonitor 0.0083 400 247 498 331
