bottle 0.0246 359 197 372 277
bottle 0.0065 362 173 374 260
bottle 0.0051 348 444 366 492
bottle 0.0018 349 213 367 273
bottle 0.0013 350 451 362 482
bottle 0.0012 259 231 274 292
chair 0.0055 349 451 376 498
chair 0.0016 320 486 391 500
chair 0.0014 334 470 377 498
pottedplant 0.9815 12 65 289 509
pottedplant 0.4552 -3 420 120 496
pottedplant 0.1961 37 438 121 497
pottedplant 0.1628 142 27 291 482
pottedplant 0.0355 -1 433 46 495
pottedplant 0.0302 18 433 66 497
pottedplant 0.0204 53 434 100 477
pottedplant 0.0161 3 146 142 513
pottedplant 0.0130 102 206 263 504
pottedplant 0.0120 61 444 111 489
pottedplant 0.0079 73 418 119 497
pottedplant 0.0070 56 469 117 498
pottedplant 0.0058 -1 427 21 483
pottedplant 0.0040 345 449 371 499
pottedplant 0.0038 -9 463 131 500
pottedplant 0.0035 40 365 119 499
pottedplant 0.0032 180 37 284 324
pottedplant 0.0031 92 428 119 481
pottedplant 0.0029 -2 410 217 496
pottedplant 0.0027 -1 451 23 499
pottedplant 0.0020 71 456 120 494
pottedplant 0.0020 -1 165 148 330
pottedplant 0.0019 23 453 55 497
pottedplant 0.0018 0 364 92 499
pottedplant 0.0018 250 232 270 293
pottedplant 0.0017 34 418 90 494
pottedplant 0.0016 0 188 116 410
pottedplant 0.0013 259 231 274 292
pottedplant 0.0013 123 317 238 496
pottedplant 0.0010 210 119 290 364
pottedplant 0.0010 357 222 371 281
pottedplant 0.0010 25 454 88 496
pottedplant 0.0010 40 444 94 485
pottedplant 0.0010 70 444 164 497
pottedplant 0.0010 24 432 54 479
sheep 0.0034 -2 405 124 500
tvmonitor 0.0011 306 266 330 284
