aeroplane 0.0031 223 188 265 210
bicycle 0.1438 223 188 265 210
bicycle 0.0151 225 191 246 212
bicycle 0.0125 232 190 254 210
bicycle 0.0097 242 191 264 211
boat 0.0029 223 188 265 210
bottle 0.0021 242 191 264 211
bottle 0.0013 255 193 269 211
car 0.0563 223 188 265 210
car 0.0268 242 191 264 211
car 0.0131 232 190 254 210
car 0.0083 225 191 246 212
car 0.0033 255 193 269 211
chair 0.0030 242 191 264 211
chair 0.0020 0 101 22 249
cow 0.0138 225 191 246 212
cow 0.0098 223 188 265 210
cow 0.0057 232 190 254 210
cow 0.0031 242 191 264 211
dog 0.0045 223 188 265 210
dog 0.0045 225 191 246 212
dog 0.0037 232 190 254 210
dog 0.0034 242 191 264 211
horse 0.0132 223 188 265 210
horse 0.0094 225 191 246 212
horse 0.0054 232 190 254 210
horse 0.0039 242 191 264 211
motorbike 0.1826 223 188 265 210
motorbike 0.0390 232 190 254 210
motorbike 0.0354 242 191 264 211
motorbike 0.0241 225 191 246 212
person 0.1097 242 191 264 211
person 0.0840 232 190 254 210
person 0.0608 225 191 246 212
person 0.0456 223 188 265 210
person 0.0124 255 193 269 211
person 0.0015 0 89 21 232
person 0.0012 0 89 8 197
person 0.0011 220 190 237 213
pottedplant 0.0010 242 191 264 211
sheep 0.0015 225 191 246 212
