bus 0.1290 25 13 373 473
car 0.0046 34 302 208 439
car 0.0032 24 314 72 406
car 0.0024 49 313 74 369
car 0.0013 57 308 79 375
car 0.0012 81 31 135 74
horse 0.0025 81 31 135 74
motorbike 0.0054 20 324 64 432
person 0.2509 82 31 113 75
person 0.2105 127 223 152 270
person 0.1887 247 214 275 258
person 0.1738 161 211 209 272
person 0.1099 216 226 246 365
person 0.0738 241 211 280 275
person 0.0594 93 31 143 75
person 0.0252 85 28 131 97
person 0.0212 168 214 198 259
person 0.0176 167 211 249 274
person 0.0153 112 240 126 269
person 0.0141 227 214 275 302
person 0.0124 209 221 249 303
person 0.0100 165 209 208 343
person 0.0089 119 217 156 290
person 0.0086 129 241 147 267
person 0.0083 168 204 252 358
person 0.0077 85 29 130 63
person 0.0073 190 221 219 267
person 0.0071 240 200 277 348
person 0.0069 107 236 147 271
person 0.0066 213 222 234 284
person 0.0059 161 19 188 54
person 0.0052 219 241 243 324
person 0.0049 124 212 171 271
person 0.0044 117 224 139 269
person 0.0039 76 40 104 99
person 0.0036 156 218 198 290
person 0.0032 79 37 115 124
person 0.0031 118 242 138 265
person 0.0030 186 220 233 340
person 0.0027 102 27 151 63
person 0.0025 134 201 214 361
person 0.0024 137 238 152 269
person 0.0023 82 39 100 63
person 0.0023 103 41 131 80
person 0.0023 212 206 277 382
person 0.0023 109 225 130 268
person 0.0021 88 40 108 63
person 0.0020 88 32 109 54
person 0.0018 107 52 127 72
person 0.0016 250 214 271 240
person 0.0014 158 23 180 61
person 0.0012 127 218 165 331
person 0.0011 179 216 211 259
person 0.0011 185 224 270 298
person 0.0011 84 28 183 97
person 0.0011 59 316 79 382
person 0.0011 98 51 117 72
person 0.0010 140 220 194 265
person 0.0010 256 215 283 257
