aeroplane 0.1006 201 130 304 199
bird 0.0012 436 -78 498 229
boat 0.0130 201 130 304 199
boat 0.0023 2 -33 158 224
bus 0.0036 201 137 293 204
bus 0.0012 168 185 188 198
bus 0.0012 0 8 145 225
car 0.0060 168 185 188 198
car 0.0051 294 173 316 191
car 0.0018 159 185 178 198
car 0.0015 180 183 194 198
person 0.0023 180 183 194 198
person 0.0011 276 171 288 190
person 0.0011 168 185 188 198
train 0.8512 202 139 306 202
train 0.8450 -1 -36 143 232
train 0.0024 5 87 136 232
train 0.0018 198 119 355 204
