bottle 0.0052 206 151 222 204
bottle 0.0049 200 152 216 204
bottle 0.0014 200 171 214 215
car 0.0022 9 3 287 455
chair 0.0328 9 3 287 455
chair 0.0037 36 121 211 452
chair 0.0024 46 1 251 89
dog 0.9967 40 48 241 452
dog 0.0024 1 137 182 445
dog 0.0017 51 155 129 459
person 0.8501 34 7 316 448
person 0.0376 139 4 302 243
person 0.0179 46 1 251 89
person 0.0109 73 36 94 75
person 0.0077 32 6 275 247
person 0.0051 133 2 303 98
person 0.0049 75 0 127 22
person 0.0044 183 -1 319 454
person 0.0023 93 6 272 156
person 0.0015 263 187 290 236
person 0.0015 133 0 249 55
person 0.0013 215 0 301 219
person 0.0012 33 13 204 144
person 0.0010 28 2 189 55
sofa 0.0685 5 33 287 467
