bicycle 0.0010 285 58 320 132
bottle 0.1793 255 166 273 236
bottle 0.0358 263 168 281 235
bottle 0.0246 273 182 291 238
bottle 0.0150 206 173 227 235
bottle 0.0104 374 73 388 94
bottle 0.0074 257 62 271 129
bottle 0.0061 232 172 257 235
bottle 0.0060 422 89 434 119
bottle 0.0054 247 164 265 237
bottle 0.0049 224 171 246 236
bottle 0.0045 276 153 290 174
bottle 0.0038 219 154 256 235
bottle 0.0033 215 172 236 235
bottle 0.0029 258 161 294 235
bottle 0.0025 238 158 277 236
bottle 0.0022 285 58 320 132
bottle 0.0021 380 75 395 94
bottle 0.0020 419 74 437 117
bottle 0.0019 159 163 215 205
bottle 0.0014 429 94 442 117
bottle 0.0014 275 177 288 205
bottle 0.0014 273 170 291 215
bottle 0.0012 489 64 499 146
bottle 0.0012 275 205 287 236
bottle 0.0011 34 77 48 99
bottle 0.0011 112 102 126 127
bottle 0.0011 438 22 454 110
bottle 0.0011 332 56 350 97
bottle 0.0010 96 219 192 283
chair 0.0399 285 58 320 132
chair 0.0059 301 111 501 384
chair 0.0026 379 200 497 380
chair 0.0022 255 35 294 133
chair 0.0021 0 152 21 316
chair 0.0018 0 176 10 284
chair 0.0016 215 129 341 186
chair 0.0015 1 114 105 303
chair 0.0014 293 86 449 292
chair 0.0012 93 106 231 238
chair 0.0010 430 2 465 122
diningtable 0.9467 -1 206 339 370
diningtable 0.0285 193 183 324 237
diningtable 0.0159 169 171 310 224
diningtable 0.0093 285 58 320 132
diningtable 0.0073 164 127 338 233
diningtable 0.0055 215 129 341 186
diningtable 0.0028 204 143 313 214
diningtable 0.0026 5 280 269 371
diningtable 0.0020 140 201 359 354
diningtable 0.0017 298 94 488 292
diningtable 0.0013 143 176 359 288
diningtable 0.0012 96 219 192 283
diningtable 0.0011 93 106 231 238
diningtable 0.0010 44 113 365 357
dog 0.0018 298 94 488 292
dog 0.0016 195 39 249 124
dog 0.0012 285 58 320 132
person 0.9880 297 87 500 375
person 0.8507 168 104 225 200
person 0.8336 7 97 112 262
person 0.6876 96 98 190 229
person 0.2156 274 88 370 234
person 0.1689 203 120 277 184
person 0.1160 195 39 249 124
person 0.0436 422 89 434 119
person 0.0380 213 123 256 167
person 0.0334 215 129 341 186
person 0.0259 289 93 447 224
person 0.0220 419 74 437 117
person 0.0214 285 58 320 132
person 0.0187 0 70 22 210
person 0.0184 0 76 23 149
person 0.0136 287 54 316 102
person 0.0131 0 71 12 140
person 0.0123 112 102 126 127
person 0.0122 374 73 388 94
person 0.0122 195 110 251 195
person 0.0093 33 85 50 102
person 0.0088 442 4 501 239
person 0.0076 399 77 497 389
person 0.0068 115 105 303 213
person 0.0065 453 41 499 127
person 0.0062 0 118 24 276
person 0.0057 233 84 442 315
person 0.0056 177 81 226 165
person 0.0056 355 95 502 284
person 0.0053 406 58 503 228
person 0.0052 143 20 188 110
person 0.0047 92 93 109 115
person 0.0047 473 43 500 195
person 0.0046 430 2 465 122
person 0.0044 25 84 44 105
person 0.0043 181 38 229 119
person 0.0041 23 94 173 233
person 0.0041 172 81 264 192
person 0.0041 0 113 9 212
person 0.0040 211 53 259 138
person 0.0040 307 92 361 192
person 0.0039 -4 91 67 266
person 0.0039 164 127 338 233
person 0.0037 145 104 223 235
person 0.0034 102 94 117 117
person 0.0032 219 133 288 173
person 0.0031 380 75 395 94
person 0.0029 419 90 436 134
person 0.0026 241 136 357 215
person 0.0025 450 74 502 165
person 0.0024 0 80 8 186
person 0.0023 108 97 129 131
person 0.0023 204 143 313 214
person 0.0022 216 129 262 219
person 0.0022 0 78 9 111
person 0.0022 429 94 442 117
person 0.0021 89 86 111 121
person 0.0019 133 104 191 211
person 0.0019 101 103 119 125
person 0.0018 157 34 198 119
person 0.0018 23 77 47 111
person 0.0018 0 149 20 359
person 0.0018 214 116 242 157
person 0.0017 100 25 121 89
person 0.0016 474 -22 498 147
person 0.0016 101 13 147 114
person 0.0016 119 103 135 124
person 0.0015 100 93 184 152
person 0.0015 219 113 372 249
person 0.0015 426 71 443 119
person 0.0014 2 83 21 106
person 0.0012 285 98 389 332
person 0.0012 97 96 122 131
person 0.0012 184 33 259 160
person 0.0012 3 -8 46 101
person 0.0011 0 4 22 161
person 0.0011 0 81 43 161
person 0.0011 257 62 271 129
person 0.0011 479 59 500 294
person 0.0011 121 15 159 109
person 0.0011 468 -21 501 300
person 0.0010 0 124 7 257
person 0.0010 410 95 498 182
person 0.0010 488 70 500 160
person 0.0010 88 11 125 113
person 0.0010 -1 136 58 411
person 0.0010 444 -84 500 142
pottedplant 0.0010 285 58 320 132
sofa 0.0077 291 78 493 329
sofa 0.0036 285 58 320 132
sofa 0.0019 215 129 341 186
sofa 0.0010 -1 104 108 274
tvmonitor 0.0013 327 28 374 66
