bird 0.0056 406 166 451 201
cow 0.0463 310 174 337 224
cow 0.0161 95 148 141 192
cow 0.0029 406 166 451 201
cow 0.0028 442 111 499 199
cow 0.0021 313 161 388 214
cow 0.0012 133 126 201 197
dog 0.0023 406 166 451 201
horse 0.0017 310 174 337 224
sheep 0.9869 241 127 311 226
sheep 0.9852 133 126 201 197
sheep 0.8671 89 149 134 193
sheep 0.8062 313 161 388 214
sheep 0.7829 310 174 337 224
sheep 0.1690 406 166 451 201
sheep 0.0219 340 155 397 205
sheep 0.0127 442 111 499 199
sheep 0.0111 266 130 319 174
sheep 0.0109 330 160 390 189
sheep 0.0095 373 175 443 206
sheep 0.0093 338 158 450 206
sheep 0.0083 303 177 328 225
sheep 0.0068 97 135 142 189
sheep 0.0060 253 125 325 196
sheep 0.0033 313 181 367 215
sheep 0.0032 414 178 443 200
sheep 0.0031 245 126 304 164
sheep 0.0031 281 129 324 162
sheep 0.0028 126 129 168 189
sheep 0.0024 137 129 196 161
sheep 0.0023 115 150 140 192
sheep 0.0017 322 180 337 219
sheep 0.0016 424 169 448 195
sheep 0.0015 335 192 363 206
sheep 0.0013 265 194 319 229
sheep 0.0012 315 163 369 186
