cow 0.9931 329 170 499 311
cow 0.9701 198 178 352 282
cow 0.8126 45 163 157 312
cow 0.6472 139 174 194 284
cow 0.1399 328 185 375 288
cow 0.0737 97 152 196 289
cow 0.0060 326 175 420 300
cow 0.0045 320 180 361 267
cow 0.0018 199 190 241 282
cow 0.0018 328 181 373 207
cow 0.0016 111 137 167 173
cow 0.0013 432 191 502 319
horse 0.0090 136 163 194 281
horse 0.0015 46 149 164 301
horse 0.0010 97 152 196 289
sheep 0.0259 136 163 194 281
sheep 0.0096 45 163 157 312
sheep 0.0027 328 181 373 207
sheep 0.0025 348 171 502 309
sheep 0.0024 198 178 352 282
sheep 0.0020 328 185 375 288
