bicycle 0.9751 57 97 371 282
bicycle 0.1213 148 102 345 215
bicycle 0.0664 190 120 292 187
bicycle 0.0371 195 121 240 185
bicycle 0.0261 200 101 364 272
bicycle 0.0216 231 108 325 173
bicycle 0.0211 57 157 309 269
bicycle 0.0116 15 44 484 323
bicycle 0.0081 157 126 249 187
bicycle 0.0031 202 139 232 183
bicycle 0.0017 234 102 401 207
bicycle 0.0016 196 155 238 187
bicycle 0.0015 165 86 471 294
bicycle 0.0014 95 181 226 249
bicycle 0.0012 79 101 282 219
bird 0.0013 200 125 232 178
bottle 0.0075 200 125 232 178
car 0.0016 248 100 298 130
car 0.0010 246 106 266 125
cat 0.0040 200 125 232 178
chair 0.1402 395 122 504 310
chair 0.0266 243 104 347 174
chair 0.0070 210 103 358 214
chair 0.0027 478 120 500 312
chair 0.0026 62 121 300 262
chair 0.0024 121 140 360 288
chair 0.0023 293 106 373 174
chair 0.0023 267 92 364 266
chair 0.0022 310 113 360 192
chair 0.0020 368 1 501 305
chair 0.0018 311 137 353 172
chair 0.0018 313 127 367 162
chair 0.0015 190 117 324 191
chair 0.0014 200 125 232 178
chair 0.0011 0 49 10 139
diningtable 0.0296 395 122 504 310
diningtable 0.0020 14 280 496 387
diningtable 0.0010 -6 200 502 480
dog 0.0092 200 125 232 178
motorbike 0.0020 194 127 238 180
motorbike 0.0010 57 97 371 282
person 0.0085 200 125 232 178
person 0.0077 251 104 274 124
person 0.0047 244 102 284 128
person 0.0031 246 106 266 125
person 0.0017 120 105 361 273
person 0.0011 210 103 358 214
pottedplant 0.0094 195 140 238 184
sofa 0.0024 395 122 504 310
