bottle 0.0014 406 292 450 341
bottle 0.0012 404 297 432 338
bus 0.0134 -18 44 450 382
bus 0.0014 436 64 502 262
car 0.0022 4 54 500 376
cat 0.0011 406 292 450 341
dog 0.0021 406 292 450 341
motorbike 0.0304 4 54 500 376
person 0.0094 406 292 450 341
person 0.0058 76 38 490 347
person 0.0019 404 297 432 338
person 0.0015 472 127 481 158
person 0.0015 478 95 500 333
person 0.0012 441 84 500 347
train 0.9910 3 15 497 363
train 0.0020 -2 -8 281 312
train 0.0014 297 78 506 357
train 0.0010 3 22 134 343
