bottle 0.0034 378 23 401 74
bottle 0.0014 159 -2 180 39
car 0.0047 20 -4 344 250
cat 0.0046 120 -4 351 271
chair 0.0123 20 -4 344 250
chair 0.0045 38 11 170 70
chair 0.0038 458 242 498 382
chair 0.0032 110 19 368 333
chair 0.0027 447 159 501 383
chair 0.0014 442 -10 499 177
chair 0.0014 16 1 177 125
chair 0.0013 475 168 500 378
chair 0.0013 477 -6 500 169
diningtable 0.0392 6 213 492 376
diningtable 0.0020 20 -4 344 250
diningtable 0.0019 3 43 486 393
diningtable 0.0011 110 19 368 333
dog 0.9883 112 0 332 267
person 0.0050 446 104 501 405
person 0.0024 20 -4 344 250
person 0.0012 475 168 500 378
person 0.0011 469 58 500 449
sofa 0.0037 20 -4 344 250
sofa 0.0010 458 242 498 382
