car 0.0090 146 199 337 500
chair 0.1441 146 199 337 500
chair 0.0041 146 260 212 495
chair 0.0019 158 300 273 489
chair 0.0015 157 205 236 512
chair 0.0012 164 371 357 500
diningtable 0.0063 146 199 337 500
person 0.9987 163 176 353 498
person 0.0046 -3 183 55 524
person 0.0029 340 124 367 197
person 0.0017 166 245 193 300
person 0.0014 308 253 324 272
person 0.0012 160 237 195 325
sofa 0.0105 146 199 337 500
tvmonitor 0.0072 163 157 349 452
tvmonitor 0.0019 162 308 351 498
tvmonitor 0.0016 175 235 227 271
