bottle 0.1094 281 303 304 361
bottle 0.0089 288 315 310 361
bottle 0.0052 272 303 294 361
bottle 0.0013 275 306 368 358
bottle 0.0011 276 320 321 360
bottle 0.0010 303 305 342 358
bottle 0.0010 453 199 480 363
car 0.9833 97 40 460 305
car 0.2670 7 30 218 345
car 0.0268 124 51 163 79
car 0.0130 11 63 54 85
car 0.0112 0 60 7 88
car 0.0062 139 56 162 75
car 0.0038 134 54 188 77
car 0.0028 436 108 477 194
car 0.0017 429 67 481 353
car 0.0016 29 65 53 81
car 0.0012 0 67 48 92
car 0.0012 -1 51 9 97
car 0.0010 109 56 159 86
chair 0.0293 -3 103 166 372
chair 0.0013 432 143 478 375
diningtable 0.0019 3 44 224 359
motorbike 0.0010 11 55 478 352
motorbike 0.0010 -2 44 146 360
person 0.9950 1 21 159 358
person 0.0926 430 97 480 391
person 0.0068 454 159 479 365
person 0.0055 454 100 479 277
person 0.0038 360 52 478 378
person 0.0021 0 60 7 88
person 0.0018 126 30 474 312
person 0.0017 447 51 481 336
person 0.0015 455 258 480 372
person 0.0012 437 135 478 282
sofa 0.0023 -3 103 166 372
