bottle 0.0035 285 124 303 147
chair 0.9464 113 209 290 375
chair 0.9149 292 210 429 371
chair 0.4227 270 150 361 357
chair 0.3808 80 152 171 358
chair 0.1024 189 191 381 365
chair 0.0862 201 151 282 358
chair 0.0480 234 158 324 353
chair 0.0207 111 149 213 363
chair 0.0085 277 161 354 225
chair 0.0078 149 150 253 363
chair 0.0038 91 165 246 307
chair 0.0025 288 163 348 270
chair 0.0022 199 117 351 241
chair 0.0022 251 217 344 365
chair 0.0021 299 144 397 332
chair 0.0017 238 169 282 340
chair 0.0016 258 171 302 336
chair 0.0015 216 215 300 364
chair 0.0014 83 163 158 231
chair 0.0014 275 172 322 334
chair 0.0014 209 153 336 227
chair 0.0012 204 152 358 302
chair 0.0011 219 174 266 335
chair 0.0010 382 178 485 371
chair 0.0010 198 173 242 296
diningtable 0.9846 104 178 395 367
diningtable 0.0355 113 209 290 375
diningtable 0.0150 252 154 347 353
diningtable 0.0048 88 148 193 365
diningtable 0.0044 205 193 458 379
diningtable 0.0030 220 156 301 355
diningtable 0.0026 170 167 336 295
diningtable 0.0012 265 218 374 367
diningtable 0.0012 292 210 429 371
pottedplant 0.4729 202 114 293 240
pottedplant 0.2774 327 6 448 68
pottedplant 0.0470 205 103 306 329
pottedplant 0.0159 346 7 413 49
pottedplant 0.0097 213 146 273 233
pottedplant 0.0060 391 21 444 56
pottedplant 0.0019 300 4 421 53
pottedplant 0.0019 326 23 374 55
pottedplant 0.0016 415 22 442 57
pottedplant 0.0010 209 153 336 227
pottedplant 0.0010 196 151 241 229
sofa 0.0016 79 178 346 371
