bus 0.9985 136 99 309 239
bus 0.0213 182 101 382 232
bus 0.0031 21 195 44 210
bus 0.0027 251 93 415 208
bus 0.0020 294 92 377 237
bus 0.0015 273 141 312 229
car 0.0765 21 195 44 210
person 0.0862 198 169 212 195
person 0.0534 259 178 269 199
person 0.0076 266 175 278 193
person 0.0042 229 176 241 193
person 0.0041 194 169 206 195
person 0.0038 277 175 288 193
person 0.0030 196 157 214 193
person 0.0025 195 164 205 186
person 0.0023 248 177 264 194
person 0.0016 237 175 250 193
person 0.0014 207 173 222 194
person 0.0014 218 145 230 167
person 0.0014 191 165 208 202
person 0.0014 200 154 212 175
person 0.0012 266 116 281 130
person 0.0012 211 142 221 168
person 0.0011 195 172 214 208
person 0.0011 332 124 346 143
