boat 0.0022 410 144 490 202
bus 0.0101 409 140 465 181
bus 0.0097 484 147 500 196
bus 0.0080 410 144 490 202
bus 0.0064 222 147 285 176
bus 0.0063 208 136 301 178
bus 0.0062 464 136 489 187
bus 0.0059 435 159 476 201
bus 0.0057 476 137 498 188
bus 0.0033 285 133 387 185
bus 0.0026 316 140 383 164
bus 0.0024 127 118 236 165
bus 0.0023 212 149 257 177
bus 0.0019 485 156 500 184
bus 0.0019 487 114 498 190
bus 0.0013 440 150 491 193
bus 0.0013 413 139 439 183
bus 0.0013 432 141 479 181
bus 0.0012 423 150 471 190
bus 0.0010 408 151 447 188
bus 0.0010 246 149 298 177
bus 0.0010 185 119 299 166
car 0.9979 4 162 214 310
car 0.9811 278 156 406 229
car 0.9179 71 132 129 166
car 0.8802 121 150 243 205
car 0.7251 -3 139 50 163
car 0.3652 118 146 179 175
car 0.2852 357 149 402 172
car 0.2721 169 131 225 157
car 0.2398 353 149 406 189
car 0.2267 210 149 277 176
car 0.2229 476 149 499 194
car 0.2028 484 155 500 203
car 0.0913 222 157 247 178
car 0.0779 14 137 71 165
car 0.0678 214 155 255 181
car 0.0651 128 148 188 189
car 0.0570 60 135 106 161
car 0.0558 39 126 86 159
car 0.0511 204 148 248 177
car 0.0509 241 154 288 178
car 0.0503 126 138 186 165
car 0.0458 464 155 486 203
car 0.0450 181 134 230 167
car 0.0445 95 134 143 164
car 0.0412 263 159 286 177
car 0.0412 151 137 248 188
car 0.0376 -1 134 30 165
car 0.0298 260 157 305 179
car 0.0298 357 150 384 166
car 0.0285 155 152 218 184
car 0.0257 269 160 296 177
car 0.0238 216 151 237 173
car 0.0238 -2 140 64 203
car 0.0230 -1 129 13 171
car 0.0227 147 145 207 177
car 0.0222 63 144 119 169
car 0.0190 222 153 246 203
car 0.0164 112 137 167 169
car 0.0163 42 133 63 153
car 0.0163 75 123 122 146
car 0.0162 5 131 58 157
car 0.0159 167 143 225 177
car 0.0154 96 147 196 203
car 0.0149 118 136 212 186
car 0.0146 165 155 227 199
car 0.0143 352 151 371 165
car 0.0135 180 168 252 208
car 0.0134 83 144 135 169
car 0.0132 280 160 305 177
car 0.0130 188 152 243 183
car 0.0128 77 139 107 160
car 0.0117 454 151 497 193
car 0.0109 487 172 498 201
car 0.0107 477 163 496 208
car 0.0104 385 152 409 187
car 0.0101 43 137 61 161
car 0.0101 206 139 279 168
car 0.0094 464 136 489 187
car 0.0093 162 136 212 163
car 0.0090 184 137 301 180
car 0.0085 253 157 278 177
car 0.0085 374 150 403 168
car 0.0078 59 124 83 141
car 0.0075 187 148 291 198
car 0.0075 186 127 243 158
car 0.0071 487 146 500 175
car 0.0066 186 140 209 158
car 0.0066 149 131 204 155
car 0.0065 167 121 225 147
car 0.0060 441 159 491 202
car 0.0059 434 166 477 209
car 0.0057 1 123 24 141
car 0.0056 128 129 185 155
car 0.0056 329 148 409 213
car 0.0055 57 159 185 217
car 0.0054 190 130 221 149
car 0.0054 341 153 359 164
car 0.0053 174 132 201 152
car 0.0052 176 140 198 158
car 0.0052 375 150 403 188
car 0.0051 487 114 498 190
car 0.0051 365 159 412 195
car 0.0047 78 122 104 139
car 0.0047 194 139 217 160
car 0.0046 409 157 428 202
car 0.0043 292 160 310 177
car 0.0042 428 134 447 148
car 0.0041 0 120 10 142
car 0.0040 335 148 387 169
car 0.0038 117 132 139 151
car 0.0038 0 125 10 156
car 0.0036 387 152 408 170
car 0.0036 229 153 257 169
car 0.0036 165 141 189 157
car 0.0035 283 154 303 171
car 0.0034 410 144 490 202
car 0.0034 329 152 349 164
car 0.0034 126 144 171 207
car 0.0033 292 152 311 171
car 0.0033 96 137 124 160
chair 0.0011 412 157 441 197
motorbike 0.0040 476 156 499 200
motorbike 0.0036 464 155 486 203
motorbike 0.0013 205 153 247 182
motorbike 0.0013 121 150 243 205
motorbike 0.0011 189 145 243 176
person 0.0137 464 155 486 203
person 0.0096 409 157 428 202
person 0.0061 409 145 452 205
person 0.0059 216 151 237 173
person 0.0047 329 152 349 164
person 0.0045 43 137 61 161
person 0.0041 352 151 371 165
person 0.0029 320 152 340 165
person 0.0028 341 153 359 164
person 0.0026 207 150 226 172
person 0.0025 331 146 348 160
person 0.0025 460 166 474 194
person 0.0025 468 172 482 204
person 0.0024 428 141 445 157
person 0.0024 458 166 478 208
person 0.0023 460 160 473 182
person 0.0022 429 144 471 202
person 0.0021 292 160 310 177
person 0.0020 419 142 435 159
person 0.0019 321 145 339 161
person 0.0019 292 152 311 171
person 0.0019 410 163 424 192
person 0.0018 458 143 491 201
person 0.0017 436 140 457 157
person 0.0017 357 150 387 190
person 0.0016 411 159 425 180
person 0.0015 53 136 70 161
person 0.0012 412 157 441 197
person 0.0012 428 134 447 148
person 0.0011 303 151 319 168
person 0.0010 305 142 318 162
person 0.0010 0 120 10 142
person 0.0010 221 152 247 173
pottedplant 0.0227 442 157 470 202
pottedplant 0.0085 423 150 471 190
pottedplant 0.0071 414 150 440 189
pottedplant 0.0056 447 160 466 181
pottedplant 0.0041 409 140 465 181
pottedplant 0.0030 417 160 437 180
pottedplant 0.0025 437 160 456 181
pottedplant 0.0023 432 140 459 182
pottedplant 0.0017 410 144 490 202
pottedplant 0.0016 427 162 445 181
pottedplant 0.0014 409 145 452 205
pottedplant 0.0013 446 167 467 191
pottedplant 0.0011 422 140 449 181
pottedplant 0.0011 437 168 455 189
pottedplant 0.0010 442 140 469 182
pottedplant 0.0010 433 159 460 197
sofa 0.0011 410 144 490 202
train 0.0146 410 144 490 202
train 0.0037 409 140 465 181
train 0.0017 435 159 476 201
