person 0.1749 399 168 416 195
person 0.0842 394 167 409 196
person 0.0257 319 151 341 186
person 0.0132 380 169 397 190
person 0.0119 370 166 386 194
person 0.0060 313 144 335 182
person 0.0041 362 161 380 203
person 0.0038 316 149 331 176
person 0.0035 333 155 347 181
person 0.0034 380 167 418 196
person 0.0028 329 151 350 188
person 0.0014 469 169 479 191
person 0.0012 362 178 377 202
person 0.0012 409 168 422 194
person 0.0011 368 177 386 200
train 0.9978 260 29 491 326
train 0.4111 55 18 514 240
train 0.0310 77 25 352 204
