bottle 0.0032 87 243 135 374
bus 0.0012 14 -6 492 387
car 0.0029 8 215 181 375
chair 0.0016 219 203 418 377
chair 0.0011 -1 294 90 375
diningtable 0.0022 8 215 181 375
person 0.9942 225 145 417 373
person 0.5112 80 153 270 375
person 0.5085 79 218 173 369
person 0.2905 119 193 204 362
person 0.0509 138 195 189 277
person 0.0245 7 181 181 369
person 0.0175 481 206 502 376
person 0.0115 164 156 277 325
person 0.0081 329 157 419 360
person 0.0063 94 230 149 354
person 0.0059 165 149 269 236
person 0.0054 336 164 378 262
person 0.0049 487 221 499 334
person 0.0036 0 277 24 387
person 0.0034 149 158 343 363
person 0.0028 339 154 480 373
person 0.0027 208 149 307 363
person 0.0024 446 94 501 417
person 0.0024 337 193 362 251
person 0.0019 132 162 225 315
person 0.0016 101 205 189 298
person 0.0015 482 75 500 395
person 0.0015 -2 289 51 374
tvmonitor 0.0039 334 191 458 363
tvmonitor 0.0013 164 116 431 369
