bottle 0.1983 247 128 267 181
bottle 0.0388 245 147 264 197
bottle 0.0375 299 149 310 174
bottle 0.0151 223 181 242 203
bottle 0.0142 255 127 267 159
bottle 0.0130 249 146 261 178
bottle 0.0109 241 158 252 186
bottle 0.0078 250 138 263 169
bottle 0.0065 247 156 260 187
bottle 0.0061 242 149 253 177
bottle 0.0049 247 111 268 161
bottle 0.0042 305 150 318 173
bottle 0.0039 239 170 252 194
bottle 0.0036 249 143 276 200
bottle 0.0028 239 150 255 194
bottle 0.0023 225 175 244 195
bottle 0.0016 246 168 261 193
bottle 0.0016 323 170 337 192
bottle 0.0015 217 182 236 203
bottle 0.0012 213 179 254 204
chair 0.8713 96 209 197 382
chair 0.8043 339 212 446 373
chair 0.2570 244 214 420 374
chair 0.1552 109 128 220 372
chair 0.0377 285 171 383 372
chair 0.0329 125 218 293 371
chair 0.0174 159 180 241 368
chair 0.0149 190 190 385 357
chair 0.0108 186 146 245 180
chair 0.0108 92 211 127 305
chair 0.0057 159 146 287 209
chair 0.0056 87 224 173 319
chair 0.0046 253 116 400 317
chair 0.0033 406 216 454 291
chair 0.0031 405 209 503 374
chair 0.0030 254 135 350 218
chair 0.0024 170 167 304 220
chair 0.0024 202 177 249 207
chair 0.0023 299 149 310 174
chair 0.0022 167 163 225 202
chair 0.0022 259 143 308 182
chair 0.0020 344 218 443 299
chair 0.0015 189 155 260 191
chair 0.0013 189 184 287 366
chair 0.0013 178 171 234 213
chair 0.0013 90 214 114 286
chair 0.0012 476 251 500 375
chair 0.0010 175 225 227 363
diningtable 0.8979 148 213 362 369
diningtable 0.0530 244 214 420 374
diningtable 0.0245 107 139 301 373
diningtable 0.0157 101 205 214 381
diningtable 0.0109 170 167 304 220
diningtable 0.0085 180 147 296 206
diningtable 0.0065 333 221 458 370
diningtable 0.0045 153 144 349 298
diningtable 0.0021 162 186 314 238
diningtable 0.0020 156 209 242 373
diningtable 0.0012 285 171 383 372
person 0.8234 256 129 394 253
person 0.3052 243 123 408 345
person 0.3048 111 112 225 349
person 0.0805 107 139 301 373
person 0.0316 190 190 385 357
person 0.0191 254 135 350 218
person 0.0148 246 128 279 192
person 0.0095 283 191 433 358
person 0.0092 128 131 273 260
person 0.0067 243 133 316 194
person 0.0057 309 146 394 360
person 0.0056 153 153 247 358
person 0.0044 153 144 349 298
person 0.0030 299 149 310 174
person 0.0024 337 210 460 349
person 0.0022 105 116 189 290
person 0.0020 127 129 227 219
person 0.0020 252 152 350 357
person 0.0011 305 150 318 173
person 0.0010 308 133 332 176
sofa 0.0100 166 157 410 368
sofa 0.0047 109 128 220 372
sofa 0.0013 186 146 245 180
tvmonitor 0.0333 47 193 91 279
tvmonitor 0.0019 193 145 255 181
