bird 0.0045 -1 51 23 189
cat 0.0266 152 242 242 333
cat 0.0082 -1 51 23 189
chair 0.0068 321 0 489 132
chair 0.0014 -1 51 23 189
cow 0.0033 152 242 242 333
diningtable 0.0017 321 0 489 132
dog 0.9800 135 16 391 260
dog 0.7045 152 242 242 333
dog 0.0233 282 73 389 240
dog 0.0163 -1 51 23 189
horse 0.0015 152 242 242 333
person 0.0031 123 7 423 237
person 0.0030 -1 51 23 189
pottedplant 0.0012 -1 51 23 189
sheep 0.0022 -1 51 23 189
sheep 0.0021 152 242 242 333
sofa 0.0036 321 0 489 132
tvmonitor 0.0012 321 0 489 132
