bus 0.9991 231 61 486 172
bus 0.9976 31 59 248 167
bus 0.0272 -3 69 31 157
bus 0.0098 4 55 44 152
bus 0.0075 0 105 25 159
bus 0.0065 448 78 495 164
bus 0.0044 29 70 72 152
bus 0.0032 133 67 369 165
bus 0.0025 473 75 500 162
bus 0.0021 -2 93 26 135
bus 0.0014 365 68 488 164
car 0.0032 -2 93 26 135
car 0.0022 0 105 25 159
car 0.0012 -1 129 8 156
car 0.0011 2 132 20 155
car 0.0011 -1 99 8 126
car 0.0010 0 102 24 121
car 0.0010 14 95 32 111
person 0.0090 275 92 290 116
person 0.0045 151 94 163 115
person 0.0041 86 92 96 116
person 0.0041 208 96 221 117
person 0.0040 276 101 289 124
person 0.0032 199 97 212 116
person 0.0028 412 96 424 112
person 0.0027 207 102 220 123
person 0.0019 87 87 97 108
person 0.0015 142 95 156 114
person 0.0013 55 94 67 115
person 0.0012 192 97 204 114
person 0.0012 418 96 433 111
train 0.0038 0 105 25 159
