bus 0.9984 60 47 298 427
bus 0.0031 313 192 349 321
bus 0.0025 300 172 362 348
bus 0.0015 314 188 353 259
bus 0.0010 128 231 226 292
car 0.0060 22 260 72 302
car 0.0056 292 266 306 285
car 0.0046 17 240 60 277
car 0.0036 13 252 60 293
car 0.0021 3 268 82 369
car 0.0017 300 264 313 285
car 0.0014 22 248 68 356
car 0.0012 307 259 348 350
motorbike 0.0031 83 339 110 399
person 0.9746 308 263 348 368
person 0.9485 21 262 67 400
person 0.9261 -1 258 26 409
person 0.1941 -6 257 51 407
person 0.1109 68 254 101 388
person 0.0859 -1 252 19 298
person 0.0556 83 339 110 399
person 0.0458 332 260 357 372
person 0.0371 191 229 239 296
person 0.0335 300 264 313 285
person 0.0321 16 246 56 283
person 0.0280 301 255 315 329
person 0.0265 324 205 349 261
person 0.0235 75 261 111 412
person 0.0230 301 262 335 347
person 0.0195 40 252 76 352
person 0.0172 1 253 15 277
person 0.0158 292 266 306 285
person 0.0141 20 254 38 275
person 0.0137 16 253 40 293
person 0.0136 23 253 71 292
person 0.0128 171 229 224 297
person 0.0128 313 192 349 321
person 0.0114 1 248 35 358
person 0.0114 142 244 166 283
person 0.0098 12 255 26 275
person 0.0093 78 271 94 369
person 0.0092 117 249 137 296
person 0.0076 27 254 48 273
person 0.0069 155 251 171 278
person 0.0066 154 230 202 294
person 0.0063 333 205 354 259
person 0.0059 10 260 25 284
person 0.0055 159 247 185 282
person 0.0054 70 259 87 346
person 0.0052 35 254 57 272
person 0.0052 340 244 353 361
person 0.0052 18 261 38 282
person 0.0052 122 244 143 287
person 0.0049 3 268 82 369
person 0.0047 68 306 107 403
person 0.0044 309 264 323 282
person 0.0044 5 258 29 309
person 0.0043 11 259 63 304
person 0.0042 306 261 323 344
person 0.0038 74 232 156 405
person 0.0037 132 242 156 285
person 0.0033 99 249 137 349
person 0.0032 -2 259 8 287
person 0.0031 53 242 116 396
person 0.0028 60 256 77 346
person 0.0028 151 239 241 311
person 0.0027 168 243 195 286
person 0.0026 290 253 310 331
person 0.0023 299 267 363 339
person 0.0023 93 325 112 397
person 0.0023 14 264 40 320
person 0.0022 208 227 253 295
person 0.0020 176 255 226 293
person 0.0018 -3 241 25 324
person 0.0018 -1 255 39 294
person 0.0017 305 299 324 362
person 0.0016 296 258 317 293
person 0.0015 43 248 71 298
person 0.0015 -1 262 20 343
person 0.0014 310 258 325 273
person 0.0014 152 252 174 290
person 0.0014 27 261 47 281
person 0.0013 314 188 353 259
person 0.0013 148 252 197 290
person 0.0012 328 257 346 349
person 0.0012 67 259 87 306
person 0.0012 314 281 337 361
person 0.0011 -1 314 20 406
person 0.0011 323 193 364 279
person 0.0011 -3 255 11 312
person 0.0011 53 250 79 300
person 0.0010 47 253 66 273
person 0.0010 132 230 184 293
person 0.0010 74 257 95 312
