bicycle 0.0013 0 237 12 299
boat 0.0010 15 203 31 221
bottle 0.0063 305 227 317 254
bottle 0.0041 298 215 310 244
bottle 0.0035 297 209 310 233
bottle 0.0026 298 225 310 254
bottle 0.0024 295 209 312 251
bottle 0.0023 305 236 317 263
bottle 0.0021 315 189 330 213
bottle 0.0020 305 216 317 245
bottle 0.0017 13 209 31 228
bottle 0.0014 64 234 75 267
bottle 0.0014 60 235 76 280
bottle 0.0012 15 203 31 221
bottle 0.0012 58 243 70 272
bottle 0.0012 0 237 12 299
bottle 0.0012 305 207 318 234
cat 0.0018 322 60 438 378
chair 0.8217 -4 287 91 378
chair 0.1794 5 219 46 292
chair 0.0460 3 229 24 290
chair 0.0379 26 194 73 274
chair 0.0279 40 231 66 265
chair 0.0257 53 214 74 265
chair 0.0182 13 209 31 228
chair 0.0157 0 237 12 299
chair 0.0140 0 272 49 365
chair 0.0117 61 225 77 271
chair 0.0114 36 205 67 256
chair 0.0114 61 203 78 257
chair 0.0085 8 226 37 275
chair 0.0082 18 229 46 273
chair 0.0077 51 196 74 246
chair 0.0063 57 236 70 264
chair 0.0057 43 214 78 286
chair 0.0052 33 209 54 229
chair 0.0052 7 216 81 286
chair 0.0047 31 200 58 238
chair 0.0041 15 203 31 221
chair 0.0036 19 220 67 262
chair 0.0026 64 214 76 244
chair 0.0025 0 232 27 350
chair 0.0025 64 205 76 234
chair 0.0024 5 213 25 268
chair 0.0023 57 215 70 244
chair 0.0022 309 196 333 245
chair 0.0021 0 251 10 286
chair 0.0020 56 207 70 233
chair 0.0020 21 231 70 302
chair 0.0020 36 335 89 375
chair 0.0020 30 287 54 348
chair 0.0019 11 206 35 251
chair 0.0018 28 231 57 268
chair 0.0017 20 273 73 366
chair 0.0016 64 223 76 257
chair 0.0014 41 209 62 230
chair 0.0012 31 238 71 277
chair 0.0012 315 189 330 213
chair 0.0012 6 241 20 276
chair 0.0011 0 271 8 301
chair 0.0011 0 189 26 291
chair 0.0010 24 209 41 228
diningtable 0.0202 7 216 81 286
diningtable 0.0160 5 219 46 292
diningtable 0.0057 26 194 73 274
diningtable 0.0043 3 229 24 290
diningtable 0.0026 -4 287 91 378
diningtable 0.0025 33 232 71 264
diningtable 0.0018 0 237 12 299
person 0.0046 0 237 12 299
person 0.0035 26 194 73 274
person 0.0025 15 203 31 221
person 0.0024 65 196 76 225
person 0.0024 61 194 78 247
person 0.0022 46 184 76 250
person 0.0017 3 229 24 290
person 0.0013 305 227 317 254
person 0.0013 34 184 51 205
person 0.0011 64 205 76 234
person 0.0010 13 209 31 228
pottedplant 0.8544 322 60 438 378
pottedplant 0.3588 474 75 500 116
pottedplant 0.1975 33 184 57 220
pottedplant 0.1907 336 175 424 365
pottedplant 0.0968 455 87 497 122
pottedplant 0.0678 28 184 73 251
pottedplant 0.0595 485 69 500 126
pottedplant 0.0513 15 203 31 221
pottedplant 0.0509 34 184 51 205
pottedplant 0.0448 136 191 179 233
pottedplant 0.0370 131 178 153 224
pottedplant 0.0306 22 190 63 233
pottedplant 0.0244 13 209 31 228
pottedplant 0.0223 331 49 441 236
pottedplant 0.0201 309 196 333 245
pottedplant 0.0200 471 60 499 136
pottedplant 0.0190 43 183 60 204
pottedplant 0.0176 464 93 487 118
pottedplant 0.0164 461 78 492 115
pottedplant 0.0159 305 227 317 254
pottedplant 0.0124 319 188 342 233
pottedplant 0.0124 52 178 75 227
pottedplant 0.0116 42 189 62 210
pottedplant 0.0107 35 198 53 221
pottedplant 0.0104 160 208 174 233
pottedplant 0.0099 157 200 177 237
pottedplant 0.0099 25 199 40 219
pottedplant 0.0094 315 189 330 213
pottedplant 0.0094 480 161 500 267
pottedplant 0.0084 64 188 76 217
pottedplant 0.0084 31 200 58 238
pottedplant 0.0078 305 236 317 263
pottedplant 0.0073 457 94 479 133
pottedplant 0.0072 61 181 79 224
pottedplant 0.0071 479 171 497 230
pottedplant 0.0069 33 209 54 229
pottedplant 0.0068 131 168 170 228
pottedplant 0.0067 136 169 159 214
pottedplant 0.0066 133 187 159 233
pottedplant 0.0065 323 189 340 213
pottedplant 0.0065 459 102 476 126
pottedplant 0.0063 207 200 228 239
pottedplant 0.0062 314 198 331 221
pottedplant 0.0059 302 228 321 271
pottedplant 0.0059 295 209 312 251
pottedplant 0.0054 38 177 65 211
pottedplant 0.0049 301 209 321 252
pottedplant 0.0048 485 176 500 248
pottedplant 0.0048 434 89 477 120
pottedplant 0.0047 443 95 490 131
pottedplant 0.0046 297 209 310 233
pottedplant 0.0046 488 77 499 117
pottedplant 0.0046 438 168 470 263
pottedplant 0.0045 329 185 350 238
pottedplant 0.0044 12 196 34 225
pottedplant 0.0039 298 215 310 244
pottedplant 0.0039 305 216 317 245
pottedplant 0.0037 457 95 477 116
pottedplant 0.0037 312 183 334 219
pottedplant 0.0036 26 191 41 212
pottedplant 0.0033 55 189 71 212
pottedplant 0.0031 144 201 173 236
pottedplant 0.0028 464 101 484 127
pottedplant 0.0028 314 227 327 253
pottedplant 0.0027 133 197 150 223
pottedplant 0.0027 334 218 347 239
pottedplant 0.0027 0 237 12 299
pottedplant 0.0027 305 207 318 234
pottedplant 0.0026 298 225 310 254
pottedplant 0.0026 61 194 78 247
pottedplant 0.0025 304 246 318 270
pottedplant 0.0024 21 180 46 224
pottedplant 0.0024 148 210 169 231
pottedplant 0.0023 325 218 338 241
pottedplant 0.0022 15 192 30 215
pottedplant 0.0021 323 197 338 223
pottedplant 0.0021 310 218 331 262
pottedplant 0.0020 438 115 468 241
pottedplant 0.0019 8 184 52 250
pottedplant 0.0018 64 205 76 234
pottedplant 0.0018 306 198 319 222
pottedplant 0.0018 313 66 406 253
pottedplant 0.0018 437 206 456 252
pottedplant 0.0017 313 237 326 261
pottedplant 0.0017 321 209 343 252
pottedplant 0.0017 55 198 70 222
pottedplant 0.0016 313 206 329 233
pottedplant 0.0016 444 105 469 123
pottedplant 0.0016 423 98 470 129
pottedplant 0.0015 24 209 41 228
pottedplant 0.0015 456 44 498 124
pottedplant 0.0015 324 207 338 234
pottedplant 0.0014 481 57 499 256
pottedplant 0.0014 372 98 440 370
pottedplant 0.0014 154 179 177 225
pottedplant 0.0014 440 202 455 223
pottedplant 0.0013 313 216 328 243
pottedplant 0.0013 304 192 339 228
pottedplant 0.0013 51 196 74 246
pottedplant 0.0012 64 180 75 208
sheep 0.0284 322 60 438 378
sofa 0.0159 5 219 46 292
sofa 0.0078 7 216 81 286
sofa 0.0046 26 194 73 274
sofa 0.0021 32 201 71 240
sofa 0.0020 3 229 24 290
sofa 0.0018 19 231 66 268
sofa 0.0011 -4 287 91 378
tvmonitor 0.0302 13 209 31 228
tvmonitor 0.0074 443 150 466 193
tvmonitor 0.0043 5 209 26 229
tvmonitor 0.0030 15 203 31 221
tvmonitor 0.0028 5 203 29 237
tvmonitor 0.0021 33 209 54 229
tvmonitor 0.0015 0 237 12 299
