cow 0.9880 283 -9 500 207
cow 0.8067 0 0 241 203
cow 0.0960 82 -1 257 154
cow 0.0903 -1 -11 143 170
cow 0.0408 0 100 97 187
cow 0.0368 108 114 365 368
cow 0.0353 76 7 419 196
cow 0.0202 -1 66 139 212
cow 0.0030 404 114 498 174
cow 0.0028 51 -4 287 288
cow 0.0026 0 96 27 189
cow 0.0026 380 129 482 189
cow 0.0026 230 17 436 192
cow 0.0025 432 125 481 162
cow 0.0021 2 0 189 358
cow 0.0020 289 14 387 185
cow 0.0020 90 71 250 206
cow 0.0017 5 111 181 241
cow 0.0014 -3 85 96 269
cow 0.0012 -3 111 50 198
dog 0.9857 107 120 330 377
horse 0.0037 108 114 365 368
sheep 0.0017 108 114 365 368
sheep 0.0013 0 100 97 187
sheep 0.0012 432 125 481 162
sheep 0.0011 1 0 182 195
sheep 0.0011 293 1 495 194
