bicycle 0.3768 74 75 258 217
bicycle 0.0012 59 45 341 230
bicycle 0.0012 111 33 287 198
car 0.0015 0 3 93 161
car 0.0011 0 94 10 170
chair 0.0045 63 79 227 215
dog 0.0013 63 79 227 215
horse 0.3595 74 75 258 217
horse 0.0028 107 18 216 211
horse 0.0015 59 45 341 230
horse 0.0014 -6 19 143 195
motorbike 0.0021 74 75 258 217
person 0.9291 107 -1 212 191
person 0.0475 0 26 47 161
person 0.0112 63 79 227 215
person 0.0105 0 5 26 157
person 0.0055 0 20 89 173
person 0.0049 0 74 9 172
person 0.0033 -1 32 7 155
person 0.0022 111 33 287 198
person 0.0018 70 120 144 199
person 0.0018 6 14 194 197
person 0.0010 79 -5 177 173
person 0.0010 0 -7 10 25
