bicycle 0.0371 25 125 143 296
bicycle 0.0035 282 171 387 246
bicycle 0.0020 120 279 213 411
bicycle 0.0014 20 46 122 261
bicycle 0.0014 140 92 266 293
bicycle 0.0010 211 108 376 252
bicycle 0.0010 2 104 98 320
bottle 0.0020 256 14 273 74
bus 0.0012 478 24 501 205
car 0.0032 8 15 192 202
car 0.0012 478 24 501 205
motorbike 0.9966 113 124 467 405
motorbike 0.1937 25 125 143 296
motorbike 0.1181 120 105 294 272
motorbike 0.1112 211 108 376 252
motorbike 0.0864 125 62 379 307
motorbike 0.0583 22 55 241 297
motorbike 0.0081 176 144 401 285
motorbike 0.0070 13 45 177 232
motorbike 0.0034 93 47 245 225
motorbike 0.0031 44 17 217 201
motorbike 0.0027 323 176 493 351
motorbike 0.0020 74 110 279 390
motorbike 0.0019 13 95 171 402
motorbike 0.0015 124 35 208 261
motorbike 0.0014 179 52 336 228
motorbike 0.0014 95 183 257 311
motorbike 0.0011 225 31 406 328
motorbike 0.0010 105 275 242 413
motorbike 0.0010 2 104 98 320
person 0.2930 225 45 365 235
person 0.0581 38 15 224 265
person 0.0441 195 45 390 320
person 0.0408 246 37 343 165
person 0.0341 341 14 380 91
person 0.0215 395 4 468 230
person 0.0177 86 19 245 196
person 0.0134 119 10 205 182
person 0.0101 338 23 404 206
person 0.0079 234 18 252 84
person 0.0077 178 31 336 184
person 0.0076 120 105 294 272
person 0.0051 226 17 247 85
person 0.0050 132 39 230 260
person 0.0049 350 19 435 244
person 0.0043 254 27 272 74
person 0.0039 146 129 483 399
person 0.0037 345 22 391 124
person 0.0031 128 62 287 218
person 0.0024 412 17 453 133
person 0.0023 353 28 384 75
person 0.0022 227 39 339 109
person 0.0022 217 16 261 98
person 0.0020 256 48 270 75
person 0.0020 391 26 435 123
person 0.0019 410 35 428 106
person 0.0019 347 16 373 70
person 0.0017 246 23 265 79
person 0.0015 0 -4 19 197
person 0.0012 12 98 171 273
person 0.0012 270 21 366 91
person 0.0011 65 15 82 36
person 0.0010 322 56 394 242
person 0.0010 195 7 375 130
person 0.0010 337 10 489 205
person 0.0010 340 12 365 74
train 0.0013 111 6 387 127
