bicycle 0.0562 314 303 431 372
bicycle 0.0388 402 271 498 357
bicycle 0.0248 54 284 147 371
bicycle 0.0191 131 327 346 379
bicycle 0.0118 349 300 478 367
bicycle 0.0095 368 275 456 353
bicycle 0.0047 0 290 95 369
bicycle 0.0030 431 292 498 366
bicycle 0.0028 263 296 405 373
bicycle 0.0017 2 254 140 370
bicycle 0.0015 0 253 54 359
bicycle 0.0012 141 261 152 290
bicycle 0.0011 333 247 489 366
bicycle 0.0010 444 249 494 343
car 0.0172 5 230 42 254
car 0.0075 0 242 91 345
car 0.0038 -1 250 25 361
car 0.0031 0 253 54 359
car 0.0029 172 292 401 374
car 0.0028 403 254 494 338
car 0.0026 200 240 370 373
car 0.0026 406 223 495 285
car 0.0025 120 227 161 284
car 0.0024 105 227 141 285
car 0.0023 34 273 139 360
car 0.0022 33 229 52 251
car 0.0021 35 225 51 242
car 0.0016 66 229 142 284
car 0.0015 391 231 469 326
car 0.0014 266 226 373 287
car 0.0011 -2 236 63 318
car 0.0011 -6 296 70 367
car 0.0011 330 211 489 337
diningtable 0.0057 131 327 346 379
horse 0.0013 119 227 136 291
motorbike 0.4442 16 255 146 371
motorbike 0.0930 172 292 401 374
motorbike 0.0645 314 303 431 372
motorbike 0.0585 333 247 489 366
motorbike 0.0540 402 271 498 357
motorbike 0.0416 200 240 370 373
motorbike 0.0360 0 253 54 359
motorbike 0.0178 368 275 456 353
motorbike 0.0169 0 290 95 369
motorbike 0.0132 20 259 71 356
motorbike 0.0080 349 300 478 367
motorbike 0.0067 -1 250 25 361
motorbike 0.0065 444 249 494 343
motorbike 0.0064 131 327 346 379
motorbike 0.0063 401 243 451 342
motorbike 0.0032 105 227 141 285
motorbike 0.0031 67 227 139 356
motorbike 0.0020 20 245 108 342
motorbike 0.0020 440 288 498 366
motorbike 0.0019 59 269 114 359
motorbike 0.0018 -4 319 71 375
motorbike 0.0015 120 227 161 284
person 0.8501 255 240 340 375
person 0.7482 176 234 232 357
person 0.5981 -1 234 50 351
person 0.5301 347 225 399 318
person 0.4322 389 230 445 346
person 0.4075 119 227 136 291
person 0.3311 194 230 280 363
person 0.3021 25 237 70 351
person 0.2504 370 223 421 325
person 0.1708 200 240 370 373
person 0.1096 354 224 437 354
person 0.0797 0 229 28 328
person 0.0790 37 239 65 297
person 0.0227 229 239 287 350
person 0.0181 137 249 156 288
person 0.0150 129 246 149 290
person 0.0145 182 242 212 294
person 0.0138 105 227 141 285
person 0.0115 2 235 88 315
person 0.0108 20 245 108 342
person 0.0099 3 225 47 294
person 0.0094 2 254 140 370
person 0.0091 279 246 459 367
person 0.0086 0 226 11 294
person 0.0084 112 237 132 295
person 0.0080 141 261 152 290
person 0.0077 251 239 298 314
person 0.0076 87 234 113 287
person 0.0071 132 254 145 286
person 0.0069 80 244 105 290
person 0.0063 386 224 433 296
person 0.0061 63 242 109 345
person 0.0055 1 263 89 356
person 0.0051 214 226 264 331
person 0.0051 177 242 200 293
person 0.0051 82 231 128 311
person 0.0049 265 286 363 375
person 0.0049 33 229 52 251
person 0.0048 454 258 477 296
person 0.0047 251 246 301 370
person 0.0047 254 239 338 309
person 0.0046 191 239 216 281
person 0.0043 163 251 172 285
person 0.0041 40 157 62 222
person 0.0041 342 218 360 241
person 0.0040 319 217 402 365
person 0.0038 161 244 175 290
person 0.0037 40 228 85 290
person 0.0035 189 229 245 327
person 0.0035 31 233 57 287
person 0.0035 0 232 8 265
person 0.0032 444 249 494 343
person 0.0031 172 292 401 374
person 0.0030 38 228 65 272
person 0.0028 -1 232 8 343
person 0.0027 58 245 85 289
person 0.0027 402 268 452 353
person 0.0027 1 231 24 289
person 0.0027 49 239 94 281
person 0.0026 385 221 413 261
person 0.0024 398 228 416 251
person 0.0024 67 227 139 356
person 0.0023 365 248 494 364
person 0.0020 339 221 383 298
person 0.0019 124 246 135 290
person 0.0018 408 237 425 259
person 0.0018 120 227 161 284
person 0.0018 212 228 237 270
person 0.0018 393 225 419 258
person 0.0015 245 236 264 300
person 0.0015 279 246 306 293
person 0.0015 35 225 51 242
person 0.0013 24 237 44 297
person 0.0013 402 256 452 302
person 0.0013 -1 275 24 378
person 0.0013 100 240 122 293
person 0.0013 49 239 72 281
person 0.0012 64 229 108 288
person 0.0012 271 238 297 283
person 0.0012 167 244 186 290
person 0.0012 478 52 500 227
person 0.0012 122 236 134 280
person 0.0011 166 239 209 284
person 0.0011 168 239 207 349
person 0.0011 405 231 428 265
person 0.0011 177 230 259 285
person 0.0011 25 238 42 257
person 0.0011 71 246 94 288
person 0.0010 30 187 63 287
person 0.0010 196 245 212 269
person 0.0010 330 215 370 244
person 0.0010 234 234 258 284
