bicycle 0.0052 107 381 119 414
bicycle 0.0037 113 381 125 413
bird 0.0014 94 18 175 78
bus 0.0279 93 320 318 423
bus 0.0029 221 356 323 427
bus 0.0021 161 342 318 443
car 0.8389 -4 365 38 399
car 0.1800 0 432 34 497
car 0.0872 0 371 37 496
car 0.0055 136 374 148 403
car 0.0048 0 375 31 397
car 0.0042 122 380 137 399
car 0.0042 134 368 152 410
car 0.0040 24 314 47 327
car 0.0020 107 381 119 414
car 0.0017 -6 316 57 344
car 0.0016 0 368 20 389
car 0.0015 0 357 28 391
car 0.0013 113 377 126 405
car 0.0010 71 347 92 370
car 0.0010 123 373 139 392
car 0.0010 -5 312 52 333
horse 0.0022 107 381 119 414
motorbike 0.0150 107 381 119 414
motorbike 0.0064 113 381 125 413
motorbike 0.0034 0 432 34 497
motorbike 0.0012 -4 372 37 402
person 0.7817 177 357 199 420
person 0.6174 146 360 172 420
person 0.3845 107 381 119 414
person 0.3696 142 360 161 418
person 0.3178 198 353 217 420
person 0.2465 113 381 125 413
person 0.2174 171 359 192 419
person 0.0848 194 349 229 430
person 0.0755 188 356 210 421
person 0.0556 155 355 196 426
person 0.0435 160 361 177 417
person 0.0411 265 357 284 379
person 0.0395 207 350 227 411
person 0.0374 318 354 331 422
person 0.0248 215 351 235 406
person 0.0205 136 374 148 403
person 0.0161 297 359 315 379
person 0.0160 262 357 276 378
person 0.0140 134 368 152 410
person 0.0069 122 380 137 399
person 0.0060 156 357 230 429
person 0.0059 167 365 211 413
person 0.0038 292 356 328 429
person 0.0030 163 369 175 407
person 0.0030 275 359 292 377
person 0.0029 294 353 318 385
person 0.0027 317 345 331 397
person 0.0026 143 384 160 426
person 0.0024 205 348 247 432
person 0.0023 173 364 188 394
person 0.0022 100 388 112 412
person 0.0021 198 380 215 430
person 0.0020 319 354 330 384
person 0.0019 295 364 320 411
person 0.0017 258 353 292 382
person 0.0016 144 359 158 377
person 0.0016 143 364 158 392
person 0.0015 174 362 188 381
person 0.0014 0 371 37 496
person 0.0014 305 359 323 379
person 0.0014 295 367 317 385
person 0.0013 123 373 139 392
person 0.0012 143 368 156 407
person 0.0012 180 363 196 394
person 0.0011 304 364 328 417
person 0.0011 115 371 127 394
person 0.0011 180 359 197 379
person 0.0010 190 357 206 380
pottedplant 0.0010 94 18 175 78
train 0.0073 93 320 318 423
