boat 0.0013 -4 66 496 387
bottle 0.0483 199 199 242 276
bottle 0.0465 120 243 203 309
bottle 0.0069 177 203 264 273
bottle 0.0029 192 148 277 318
cat 0.0425 18 253 261 373
cat 0.0132 269 254 331 334
cat 0.0089 28 124 301 383
cat 0.0015 80 251 414 364
chair 0.1757 28 124 301 383
chair 0.0122 261 105 421 329
chair 0.0039 33 37 291 289
chair 0.0017 278 91 502 362
chair 0.0012 405 145 500 368
chair 0.0010 3 57 204 377
diningtable 0.0033 28 124 301 383
diningtable 0.0015 80 251 414 364
diningtable 0.0010 27 206 467 391
dog 0.1047 261 253 334 334
dog 0.0255 32 247 298 373
dog 0.0193 28 124 301 383
dog 0.0026 261 105 421 329
dog 0.0013 225 263 335 352
person 0.9880 34 41 289 352
person 0.9801 273 102 432 346
person 0.0059 -4 66 496 387
person 0.0042 261 253 334 334
person 0.0038 133 127 455 376
person 0.0035 80 251 414 364
sheep 0.0034 18 253 261 373
sheep 0.0017 261 253 334 334
sofa 0.0674 26 53 296 375
sofa 0.0202 2 115 496 399
sofa 0.0038 274 113 435 383
