bus 0.9997 4 22 497 338
bus 0.0058 474 141 498 253
bus 0.0055 0 103 24 253
bus 0.0050 223 28 482 281
bus 0.0035 453 139 497 258
bus 0.0032 13 43 261 319
bus 0.0026 1 69 90 284
bus 0.0025 488 174 500 250
bus 0.0011 2 107 43 249
car 0.0088 490 207 499 236
car 0.0054 488 186 499 256
car 0.0013 491 197 500 229
car 0.0012 477 193 498 248
person 0.0525 101 126 186 197
person 0.0089 84 117 129 194
person 0.0071 106 132 152 177
person 0.0052 81 112 167 179
person 0.0049 96 116 122 171
person 0.0047 111 145 208 205
person 0.0040 237 109 280 197
person 0.0025 139 154 197 191
person 0.0015 60 118 110 195
person 0.0014 251 112 298 198
person 0.0014 39 103 83 181
person 0.0013 66 144 183 205
person 0.0012 88 124 115 180
person 0.0011 -1 178 7 203
person 0.0011 118 131 178 174
person 0.0010 42 105 126 178
train 0.0020 0 131 23 262
train 0.0013 2 64 492 356
