boat 0.6933 63 197 173 233
boat 0.3194 165 188 250 239
boat 0.2830 160 168 375 264
boat 0.0861 11 237 391 301
boat 0.0456 171 192 234 224
boat 0.0442 99 191 368 299
boat 0.0374 72 207 183 249
boat 0.0255 72 176 337 250
boat 0.0230 4 208 208 296
boat 0.0229 59 205 146 227
boat 0.0218 169 88 402 283
boat 0.0131 101 237 221 294
boat 0.0104 68 212 153 233
boat 0.0096 253 158 389 273
boat 0.0093 182 134 397 239
boat 0.0074 33 183 180 250
boat 0.0065 8 38 391 323
boat 0.0058 163 202 227 230
boat 0.0052 170 210 235 237
boat 0.0045 61 196 144 220
boat 0.0042 175 194 293 245
boat 0.0035 99 199 224 235
boat 0.0022 178 219 243 241
boat 0.0022 163 189 226 212
boat 0.0017 156 209 203 236
boat 0.0017 151 206 238 248
boat 0.0015 259 174 369 231
boat 0.0013 -1 46 100 313
boat 0.0012 280 52 406 309
boat 0.0011 125 204 176 227
boat 0.0010 61 143 353 223
boat 0.0010 -5 116 102 237
person 0.1456 0 202 103 300
person 0.1378 0 206 46 297
person 0.0253 328 205 400 301
person 0.0179 253 186 390 303
person 0.0088 290 153 399 276
person 0.0026 167 165 404 308
person 0.0026 4 208 208 296
person 0.0010 -6 89 108 334
