bird 0.0017 378 65 420 102
bird 0.0014 362 57 416 95
boat 0.0026 302 66 413 129
boat 0.0020 320 57 425 106
boat 0.0010 328 71 373 94
bottle 0.0060 160 111 176 132
bottle 0.0027 114 102 126 126
bottle 0.0025 151 111 166 131
bottle 0.0010 0 310 9 338
car 0.0031 302 66 413 129
car 0.0011 320 57 425 106
chair 0.8906 3 136 64 329
chair 0.8441 449 90 499 179
chair 0.7079 103 116 152 195
chair 0.3637 179 113 229 184
chair 0.3603 145 114 186 187
chair 0.1700 60 124 114 196
chair 0.1189 15 136 72 254
chair 0.1127 55 120 158 197
chair 0.1120 116 105 166 182
chair 0.0914 428 91 480 181
chair 0.0890 158 107 196 178
chair 0.0795 0 162 29 344
chair 0.0686 0 200 47 337
chair 0.0509 3 132 54 216
chair 0.0447 263 101 304 147
chair 0.0375 113 129 163 205
chair 0.0351 471 77 498 168
chair 0.0343 1 112 25 279
chair 0.0274 5 129 85 193
chair 0.0263 112 115 208 188
chair 0.0157 1 124 24 199
chair 0.0157 191 115 239 168
chair 0.0142 51 191 157 272
chair 0.0142 140 109 228 177
chair 0.0130 411 80 499 197
chair 0.0117 10 161 177 327
chair 0.0104 406 94 458 179
chair 0.0100 -13 143 442 332
chair 0.0099 171 118 200 181
chair 0.0090 196 109 285 167
chair 0.0082 378 65 420 102
chair 0.0072 13 140 109 289
chair 0.0070 450 111 499 230
chair 0.0065 1 117 12 205
chair 0.0064 272 100 317 162
chair 0.0061 49 159 296 329
chair 0.0061 16 139 67 184
chair 0.0060 362 57 416 95
chair 0.0058 78 132 123 202
chair 0.0056 487 84 500 182
chair 0.0054 0 237 31 332
chair 0.0046 8 133 56 174
chair 0.0041 1 110 26 154
chair 0.0040 45 163 131 306
chair 0.0037 46 123 92 196
chair 0.0037 443 84 496 308
chair 0.0036 83 96 168 208
chair 0.0034 54 182 111 280
chair 0.0034 240 104 288 144
chair 0.0030 227 116 280 151
chair 0.0029 44 168 87 293
chair 0.0028 320 155 490 323
chair 0.0028 366 77 453 237
chair 0.0028 291 100 337 164
chair 0.0028 137 298 200 334
chair 0.0027 473 99 499 248
chair 0.0027 0 25 22 170
chair 0.0025 297 100 374 164
chair 0.0024 198 131 252 172
chair 0.0023 82 105 125 184
chair 0.0023 157 101 180 163
chair 0.0022 179 103 230 143
chair 0.0022 5 114 132 221
chair 0.0020 402 111 501 318
chair 0.0020 260 91 287 140
chair 0.0020 320 57 425 106
chair 0.0020 132 118 161 184
chair 0.0020 218 108 271 141
chair 0.0020 179 115 211 171
chair 0.0019 190 156 460 323
chair 0.0018 89 291 238 333
chair 0.0018 454 89 496 138
chair 0.0018 132 314 204 333
chair 0.0018 241 97 319 149
chair 0.0018 0 131 9 249
chair 0.0017 373 59 420 130
chair 0.0017 218 124 272 162
chair 0.0017 160 111 176 132
chair 0.0017 52 161 111 198
chair 0.0016 0 98 12 166
chair 0.0016 0 178 85 284
chair 0.0016 0 45 45 149
chair 0.0016 105 110 118 134
chair 0.0016 231 117 280 189
chair 0.0015 100 112 121 173
chair 0.0015 2 93 48 189
chair 0.0015 384 92 443 180
chair 0.0014 194 104 216 120
chair 0.0014 195 90 233 158
chair 0.0014 189 128 286 268
chair 0.0014 102 101 122 144
chair 0.0013 298 100 327 147
chair 0.0013 365 60 392 89
chair 0.0013 13 120 30 142
chair 0.0013 260 108 288 157
chair 0.0012 105 122 133 180
chair 0.0012 184 98 227 127
chair 0.0011 300 84 412 149
chair 0.0011 142 87 185 159
chair 0.0010 -4 75 63 245
diningtable 0.9651 -2 143 501 327
diningtable 0.3311 102 117 181 188
diningtable 0.0746 55 120 158 197
diningtable 0.0509 17 125 121 195
diningtable 0.0460 140 109 228 177
diningtable 0.0333 410 89 500 180
diningtable 0.0321 2 163 79 334
diningtable 0.0254 27 120 237 202
diningtable 0.0161 178 109 258 172
diningtable 0.0103 145 114 186 187
diningtable 0.0094 51 191 157 272
diningtable 0.0083 -1 104 284 324
diningtable 0.0068 4 133 82 211
diningtable 0.0044 302 66 413 129
diningtable 0.0031 469 87 498 179
diningtable 0.0031 0 130 66 273
diningtable 0.0031 13 140 109 289
diningtable 0.0027 271 99 311 149
diningtable 0.0025 319 81 485 183
diningtable 0.0022 449 83 496 167
diningtable 0.0015 82 105 256 176
diningtable 0.0013 158 107 196 178
diningtable 0.0012 76 156 351 331
diningtable 0.0011 195 117 283 183
diningtable 0.0010 0 200 47 337
pottedplant 0.6087 75 123 498 317
pottedplant 0.0372 320 155 490 323
pottedplant 0.0355 433 73 458 113
pottedplant 0.0177 403 162 498 308
pottedplant 0.0138 378 65 420 102
pottedplant 0.0120 278 129 393 330
pottedplant 0.0104 427 67 466 102
pottedplant 0.0101 155 93 182 133
pottedplant 0.0091 362 57 416 95
pottedplant 0.0086 160 111 176 132
pottedplant 0.0082 133 83 182 125
pottedplant 0.0081 436 71 456 97
pottedplant 0.0067 125 94 171 131
pottedplant 0.0065 365 105 458 287
pottedplant 0.0055 297 76 448 178
pottedplant 0.0049 437 91 497 337
pottedplant 0.0045 369 79 500 188
pottedplant 0.0040 432 64 471 140
pottedplant 0.0037 441 70 468 116
pottedplant 0.0037 449 197 499 313
pottedplant 0.0035 159 101 177 125
pottedplant 0.0033 205 125 309 302
pottedplant 0.0032 477 4 499 115
pottedplant 0.0031 149 103 168 124
pottedplant 0.0025 323 102 488 234
pottedplant 0.0025 320 57 425 106
pottedplant 0.0021 370 53 451 106
pottedplant 0.0019 138 104 157 123
pottedplant 0.0018 368 95 454 175
pottedplant 0.0017 151 111 166 131
pottedplant 0.0016 116 80 207 123
pottedplant 0.0014 13 112 30 134
pottedplant 0.0014 373 59 420 130
pottedplant 0.0014 0 14 23 77
pottedplant 0.0014 302 33 439 145
pottedplant 0.0013 1 98 26 146
pottedplant 0.0012 423 197 480 308
pottedplant 0.0012 368 63 390 86
pottedplant 0.0012 284 100 378 261
pottedplant 0.0011 9 102 33 142
pottedplant 0.0011 426 54 448 97
pottedplant 0.0011 337 67 362 83
pottedplant 0.0011 42 32 128 91
pottedplant 0.0011 428 71 446 97
pottedplant 0.0011 451 61 493 146
pottedplant 0.0011 334 70 384 95
pottedplant 0.0011 244 117 348 311
pottedplant 0.0010 473 194 498 314
pottedplant 0.0010 246 62 488 301
pottedplant 0.0010 446 72 465 95
pottedplant 0.0010 370 27 421 103
sofa 0.0042 302 66 413 129
sofa 0.0013 263 101 304 147
