bicycle 0.0010 225 334 377 378
bird 0.0012 433 149 456 198
bottle 0.4302 165 334 185 377
bottle 0.0514 276 186 292 236
bottle 0.0172 215 195 233 249
bottle 0.0131 209 188 227 253
bottle 0.0128 294 190 313 234
bottle 0.0091 300 197 322 244
bottle 0.0079 157 337 195 375
bottle 0.0074 374 141 388 165
bottle 0.0064 391 150 405 175
bottle 0.0055 163 343 178 371
bottle 0.0051 296 196 310 225
bottle 0.0043 283 185 300 239
bottle 0.0038 381 141 395 168
bottle 0.0036 128 322 151 373
bottle 0.0036 304 196 318 225
bottle 0.0034 152 331 169 378
bottle 0.0031 176 176 195 228
bottle 0.0029 387 135 409 173
bottle 0.0026 296 191 309 215
bottle 0.0025 297 206 311 232
bottle 0.0025 314 169 363 267
bottle 0.0023 352 134 367 157
bottle 0.0017 382 151 397 174
bottle 0.0016 135 319 157 374
bottle 0.0016 277 186 289 217
bottle 0.0016 390 143 407 167
bottle 0.0016 400 147 413 177
bottle 0.0016 292 178 342 262
bottle 0.0014 153 342 166 373
bottle 0.0013 286 204 297 235
bottle 0.0013 327 222 353 276
bottle 0.0013 221 210 245 251
bottle 0.0012 169 175 190 229
bottle 0.0011 370 125 393 166
bottle 0.0011 362 142 377 163
bottle 0.0011 289 67 298 104
bottle 0.0010 304 191 319 213
bottle 0.0010 275 204 293 254
car 0.0049 352 142 441 210
car 0.0016 329 134 420 189
cat 0.0056 433 149 456 198
cat 0.0013 86 121 198 355
chair 0.5247 30 217 96 370
chair 0.3863 287 231 448 378
chair 0.2577 81 161 180 380
chair 0.2326 225 334 377 378
chair 0.2126 365 249 456 371
chair 0.1955 42 196 126 355
chair 0.1310 433 149 456 198
chair 0.1240 63 210 152 370
chair 0.1036 411 144 454 209
chair 0.0697 229 286 437 378
chair 0.0486 281 328 431 374
chair 0.0323 335 164 445 370
chair 0.0290 415 148 441 196
chair 0.0289 408 242 453 348
chair 0.0278 427 155 448 203
chair 0.0213 388 143 438 208
chair 0.0203 -1 232 28 354
chair 0.0196 61 203 107 345
chair 0.0161 312 294 444 372
chair 0.0156 206 224 374 376
chair 0.0131 43 198 94 315
chair 0.0102 245 159 415 373
chair 0.0091 406 142 433 185
chair 0.0083 401 315 499 378
chair 0.0079 214 295 344 378
chair 0.0075 7 159 93 354
chair 0.0075 212 181 300 355
chair 0.0072 81 210 130 338
chair 0.0067 472 294 500 400
chair 0.0065 452 151 480 198
chair 0.0062 402 241 499 378
chair 0.0059 445 290 504 376
chair 0.0050 96 250 151 377
chair 0.0047 52 135 158 344
chair 0.0044 475 145 497 203
chair 0.0036 115 166 208 367
chair 0.0036 1 234 137 371
chair 0.0034 460 155 489 206
chair 0.0030 348 315 474 373
chair 0.0029 391 150 405 175
chair 0.0029 -1 179 22 334
chair 0.0028 425 147 451 186
chair 0.0026 431 156 446 189
chair 0.0026 452 140 494 216
chair 0.0023 173 325 312 376
chair 0.0023 477 167 498 213
chair 0.0022 56 192 107 282
chair 0.0022 477 110 499 246
chair 0.0021 476 245 500 377
chair 0.0021 443 149 466 200
chair 0.0021 246 272 357 355
chair 0.0020 1 198 12 261
chair 0.0019 0 249 28 309
chair 0.0019 273 334 332 377
chair 0.0019 -2 214 56 371
chair 0.0019 475 323 499 453
chair 0.0019 217 211 267 333
chair 0.0018 436 333 494 376
chair 0.0018 302 335 360 376
chair 0.0018 484 145 501 220
chair 0.0017 233 218 283 329
chair 0.0017 325 257 425 332
chair 0.0016 397 141 418 181
chair 0.0015 419 151 437 174
chair 0.0014 429 152 447 174
chair 0.0014 438 156 454 189
chair 0.0013 68 229 263 372
chair 0.0013 432 156 481 205
chair 0.0012 427 149 462 234
chair 0.0012 412 193 452 316
chair 0.0012 487 180 500 262
chair 0.0012 44 119 119 321
chair 0.0012 308 270 411 358
chair 0.0011 374 137 453 193
chair 0.0011 400 147 413 177
chair 0.0010 84 317 165 373
chair 0.0010 268 259 364 333
chair 0.0010 142 256 184 369
chair 0.0010 60 290 151 371
chair 0.0010 369 141 420 212
chair 0.0010 43 173 93 264
diningtable 0.1328 206 224 374 376
diningtable 0.0751 37 212 132 369
diningtable 0.0419 12 222 92 368
diningtable 0.0244 176 180 322 353
diningtable 0.0200 95 228 340 372
diningtable 0.0185 232 155 427 373
diningtable 0.0165 229 286 437 378
diningtable 0.0107 411 144 454 209
diningtable 0.0076 90 201 189 372
diningtable 0.0064 21 169 175 367
diningtable 0.0042 352 142 441 210
diningtable 0.0040 287 231 448 378
diningtable 0.0039 426 149 450 198
diningtable 0.0028 291 154 440 316
diningtable 0.0024 130 289 382 375
diningtable 0.0024 203 136 363 318
diningtable 0.0023 289 134 438 239
diningtable 0.0018 402 241 499 378
diningtable 0.0018 415 148 441 196
diningtable 0.0016 433 154 456 203
diningtable 0.0013 250 332 420 376
diningtable 0.0013 328 277 466 379
diningtable 0.0010 -2 214 56 371
dog 0.0155 433 149 456 198
dog 0.0017 86 121 198 355
person 0.9358 194 121 294 345
person 0.7697 86 121 198 355
person 0.4972 320 159 425 350
person 0.2862 232 155 427 373
person 0.0353 196 123 290 223
person 0.0204 289 67 298 104
person 0.0138 229 136 319 339
person 0.0126 287 231 448 378
person 0.0121 154 147 343 373
person 0.0071 331 151 373 237
person 0.0061 21 169 175 367
person 0.0059 426 149 450 198
person 0.0052 7 -9 120 168
person 0.0047 286 56 303 101
person 0.0027 287 65 301 121
person 0.0023 291 60 307 111
person 0.0021 143 156 218 354
person 0.0019 328 258 356 299
person 0.0017 415 148 441 196
person 0.0016 294 61 305 89
person 0.0016 314 146 394 294
person 0.0015 206 131 361 250
person 0.0015 310 244 352 292
person 0.0013 206 224 374 376
person 0.0013 329 175 372 290
person 0.0012 391 150 405 175
person 0.0012 350 141 368 161
person 0.0010 406 142 433 185
person 0.0010 336 158 361 206
pottedplant 0.0519 300 197 322 244
pottedplant 0.0209 293 195 339 273
pottedplant 0.0193 307 198 334 245
pottedplant 0.0080 294 195 315 243
pottedplant 0.0074 320 207 344 252
pottedplant 0.0061 314 169 363 267
pottedplant 0.0056 298 192 343 233
pottedplant 0.0040 300 217 326 261
pottedplant 0.0037 298 209 344 250
pottedplant 0.0035 304 204 318 236
pottedplant 0.0034 327 220 352 260
pottedplant 0.0028 5 116 87 316
pottedplant 0.0026 299 148 372 289
pottedplant 0.0022 280 182 355 255
pottedplant 0.0021 42 200 64 259
pottedplant 0.0019 426 149 450 198
pottedplant 0.0019 313 218 329 242
pottedplant 0.0017 324 218 340 244
pottedplant 0.0017 76 170 103 210
pottedplant 0.0015 304 227 321 249
pottedplant 0.0015 313 207 330 234
pottedplant 0.0014 391 150 405 175
pottedplant 0.0013 40 191 67 232
pottedplant 0.0012 43 173 93 264
pottedplant 0.0011 304 215 320 243
pottedplant 0.0011 26 163 69 267
pottedplant 0.0010 297 206 311 232
sofa 0.0038 87 147 191 387
sofa 0.0029 352 142 441 210
sofa 0.0017 415 149 459 198
tvmonitor 0.0022 7 -9 120 168
tvmonitor 0.0019 391 150 405 175
tvmonitor 0.0017 -1 -3 22 163
tvmonitor 0.0011 406 142 433 185
