bottle 0.0043 300 4 317 44
car 0.0053 190 6 251 39
car 0.0020 176 2 246 29
car 0.0016 165 0 218 30
car 0.0015 175 0 245 12
car 0.0014 153 2 276 47
car 0.0014 195 0 225 10
cat 0.9958 7 119 360 479
cat 0.0138 10 80 219 437
cat 0.0023 196 169 383 484
chair 0.4465 3 41 368 481
diningtable 0.0044 3 41 368 481
dog 0.0055 0 135 303 492
dog 0.0014 140 165 372 475
person 0.1899 3 41 368 481
person 0.0034 10 80 219 437
person 0.0016 18 107 208 230
person 0.0012 195 0 225 10
pottedplant 0.0023 249 1 306 44
pottedplant 0.0014 133 1 173 28
pottedplant 0.0013 193 0 318 48
pottedplant 0.0011 28 0 169 49
pottedplant 0.0010 113 1 239 46
sofa 0.0800 3 41 368 481
tvmonitor 0.0021 3 41 368 481
