aeroplane 0.0011 -1 186 84 330
bird 0.7227 135 185 198 362
bird 0.0881 299 203 363 374
bird 0.0014 145 181 193 296
boat 0.1344 161 118 353 380
boat 0.0135 62 28 376 367
boat 0.0062 134 227 377 375
boat 0.0033 -1 182 180 362
boat 0.0032 3 189 64 252
boat 0.0014 -1 186 84 330
boat 0.0013 191 57 448 387
car 0.0045 3 189 64 252
car 0.0029 -1 246 27 292
car 0.0016 -1 184 68 331
cat 0.0987 134 173 196 349
cat 0.0199 299 203 363 374
chair 0.0012 161 118 353 380
chair 0.0012 -2 223 137 378
chair 0.0011 134 173 196 349
cow 0.0059 299 203 363 374
dog 0.0376 134 173 196 349
dog 0.0367 299 203 363 374
horse 0.0027 161 118 353 380
horse 0.0014 299 203 363 374
person 0.9824 179 65 337 374
person 0.0809 299 203 363 374
person 0.0372 62 28 376 367
person 0.0160 134 173 196 349
person 0.0094 98 270 120 323
pottedplant 0.0015 130 196 199 374
sheep 0.0528 299 203 363 374
sheep 0.0201 135 185 198 362
train 0.0011 3 189 64 252
train 0.0011 -1 184 68 331
tvmonitor 0.0014 1 188 58 252
