bottle 0.0024 491 63 499 91
bottle 0.0024 190 125 240 162
bottle 0.0015 179 124 269 186
bottle 0.0012 202 124 227 162
bottle 0.0011 438 58 456 74
bottle 0.0010 209 136 259 171
bus 0.0012 243 7 360 79
chair 0.0729 196 86 489 345
chair 0.0053 477 130 500 338
chair 0.0047 294 122 495 310
chair 0.0022 361 183 495 338
chair 0.0019 439 121 502 344
chair 0.0019 249 190 486 329
chair 0.0011 491 63 499 91
chair 0.0010 112 158 311 307
diningtable 0.0163 1 146 273 373
diningtable 0.0021 5 144 269 245
diningtable 0.0014 112 158 311 307
person 0.9928 219 77 499 327
person 0.0048 438 58 456 74
person 0.0036 208 85 374 217
person 0.0019 241 91 494 225
person 0.0017 213 11 367 122
person 0.0016 444 58 464 73
person 0.0013 409 3 496 81
person 0.0011 111 111 386 347
person 0.0010 243 97 386 171
pottedplant 0.0018 491 63 499 91
sofa 0.0114 196 86 489 345
tvmonitor 0.1077 409 3 496 81
tvmonitor 0.0156 243 7 360 79
tvmonitor 0.0072 236 54 363 101
tvmonitor 0.0045 279 61 363 90
tvmonitor 0.0032 221 92 339 155
tvmonitor 0.0024 269 72 354 98
tvmonitor 0.0023 213 11 367 122
tvmonitor 0.0022 444 10 500 100
tvmonitor 0.0022 311 9 493 113
tvmonitor 0.0021 261 33 361 93
tvmonitor 0.0013 487 20 499 96
tvmonitor 0.0012 228 74 369 128
tvmonitor 0.0012 491 63 499 91
tvmonitor 0.0010 1 146 273 373
tvmonitor 0.0010 476 29 499 84
