cow 0.0013 0 185 9 262
sheep 0.9716 78 12 493 257
sheep 0.8814 160 164 489 412
sheep 0.7093 80 190 174 265
sheep 0.6335 4 208 134 345
sheep 0.2862 131 154 281 268
sheep 0.2203 5 188 165 300
sheep 0.1022 -9 34 353 265
sheep 0.0829 164 152 407 264
sheep 0.0621 0 218 67 390
sheep 0.0607 24 28 473 450
sheep 0.0424 22 212 401 425
sheep 0.0260 30 136 232 267
sheep 0.0239 3 214 124 285
sheep 0.0210 195 175 463 286
sheep 0.0152 0 52 191 332
sheep 0.0104 0 134 23 246
sheep 0.0076 -4 143 173 413
sheep 0.0045 32 206 217 340
sheep 0.0040 0 253 28 399
sheep 0.0037 0 185 9 262
sheep 0.0029 214 185 337 267
sheep 0.0023 451 188 494 273
sheep 0.0023 0 80 132 237
sheep 0.0021 157 180 248 268
sheep 0.0019 0 104 8 209
sheep 0.0019 9 44 177 206
sheep 0.0017 0 204 7 241
sheep 0.0016 21 199 148 257
sheep 0.0015 253 149 484 254
sheep 0.0015 -1 189 25 311
sheep 0.0014 44 255 295 380
sheep 0.0012 38 94 302 358
sheep 0.0012 305 175 489 306
sheep 0.0011 0 128 8 265
sheep 0.0010 2 287 50 394
sheep 0.0010 10 276 154 400
sheep 0.0010 0 32 20 198
