bicycle 0.0036 78 155 89 175
bicycle 0.0013 0 172 9 203
bicycle 0.0010 0 164 12 212
boat 0.0044 0 149 11 210
boat 0.0019 39 146 87 173
boat 0.0017 2 150 19 205
boat 0.0012 14 149 32 167
boat 0.0010 0 172 9 203
boat 0.0010 52 150 73 170
bus 0.0256 39 146 87 173
bus 0.0061 74 150 92 170
bus 0.0050 52 150 73 170
bus 0.0049 14 149 32 167
bus 0.0032 70 146 95 176
bus 0.0020 3 141 21 198
bus 0.0018 7 149 22 168
bus 0.0017 10 143 36 174
bus 0.0013 25 149 41 165
bus 0.0010 6 138 58 166
bus 0.0010 35 149 49 165
car 0.0222 74 150 92 170
car 0.0211 14 149 32 167
car 0.0186 49 146 95 173
car 0.0100 52 150 73 170
car 0.0072 25 149 41 165
car 0.0058 7 149 22 168
car 0.0038 78 155 89 175
car 0.0031 35 149 49 165
car 0.0028 60 150 86 169
car 0.0027 44 150 62 166
car 0.0026 53 159 69 172
car 0.0026 0 172 9 203
car 0.0023 70 146 95 176
car 0.0018 52 144 72 159
car 0.0017 72 146 91 160
car 0.0015 82 155 94 178
car 0.0015 10 143 36 174
car 0.0013 8 144 57 169
car 0.0011 60 144 84 159
cow 0.0011 0 172 9 203
motorbike 0.0010 0 172 9 203
person 0.0152 0 172 9 203
person 0.0136 388 269 410 334
person 0.0109 255 174 272 220
person 0.0108 0 149 11 210
person 0.0094 78 155 89 175
person 0.0057 2 150 19 205
person 0.0054 74 150 92 170
person 0.0038 226 148 245 206
person 0.0036 82 155 94 178
person 0.0035 323 136 336 160
person 0.0033 0 161 7 195
person 0.0033 4 177 16 201
person 0.0028 258 174 271 203
person 0.0024 35 149 49 165
person 0.0024 260 172 282 222
person 0.0024 7 149 22 168
person 0.0020 228 152 241 181
person 0.0018 246 173 267 220
person 0.0015 6 164 17 194
person 0.0012 240 160 277 244
person 0.0012 44 150 62 166
person 0.0012 52 150 73 170
person 0.0011 217 145 238 194
person 0.0010 381 266 399 338
person 0.0010 25 149 41 165
pottedplant 0.0021 0 187 21 372
train 0.9997 101 95 404 359
train 0.0252 39 146 87 173
train 0.0039 60 148 103 174
train 0.0018 74 150 92 170
train 0.0016 8 144 57 169
train 0.0016 3 141 21 198
train 0.0012 14 149 32 167
