bus 0.0019 51 60 499 358
car 0.9991 3 63 499 361
car 0.0268 0 94 23 206
car 0.0106 0 137 9 231
car 0.0093 3 100 38 203
car 0.0042 415 106 439 124
car 0.0027 0 113 12 197
car 0.0017 408 103 447 127
car 0.0011 426 106 446 122
horse 0.0016 1 103 22 226
motorbike 0.0144 1 103 22 226
motorbike 0.0027 4 117 39 220
person 0.3221 0 94 23 206
person 0.0421 0 96 12 176
person 0.0375 1 98 25 158
person 0.0228 0 119 10 209
person 0.0117 12 101 32 150
person 0.0088 3 100 38 203
person 0.0056 17 104 31 131
person 0.0043 0 97 9 132
person 0.0024 0 83 12 138
person 0.0023 490 96 497 123
person 0.0013 5 105 22 128
person 0.0013 14 122 32 206
person 0.0012 12 114 30 175
person 0.0012 -1 150 9 234
