bicycle 0.0012 0 -7 252 306
bottle 0.0022 275 81 288 114
bottle 0.0021 349 138 374 188
bottle 0.0019 265 80 286 115
bottle 0.0011 213 -3 313 49
car 0.0011 213 -3 313 49
cat 0.0011 285 179 395 259
chair 0.8174 152 150 437 373
chair 0.6936 -15 0 265 370
chair 0.3927 283 157 432 356
chair 0.0600 -2 122 192 383
chair 0.0441 177 157 416 289
chair 0.0427 94 50 245 244
chair 0.0339 89 82 340 365
chair 0.0142 131 110 300 257
chair 0.0105 345 168 439 373
chair 0.0095 -4 -4 141 319
chair 0.0072 205 65 444 327
chair 0.0070 285 136 437 261
chair 0.0042 59 -18 446 390
chair 0.0039 135 219 299 379
chair 0.0021 409 137 501 410
chair 0.0021 94 91 194 256
chair 0.0018 208 76 242 203
chair 0.0017 1 102 101 402
chair 0.0016 93 143 259 303
chair 0.0014 391 170 469 375
chair 0.0011 -3 227 146 374
diningtable 0.0174 -22 -27 375 393
diningtable 0.0048 0 -7 252 306
diningtable 0.0041 239 126 420 268
diningtable 0.0024 204 152 439 370
diningtable 0.0019 141 71 442 318
diningtable 0.0013 47 68 301 371
dog 0.0026 281 155 427 309
dog 0.0011 285 179 395 259
person 0.6436 236 152 415 301
person 0.5561 -3 -3 204 380
person 0.4180 144 119 446 350
person 0.0615 -22 -27 375 393
person 0.0342 65 4 270 289
person 0.0106 302 175 409 261
person 0.0070 314 150 427 353
person 0.0042 178 120 406 260
person 0.0028 155 154 352 289
person 0.0025 285 136 437 261
person 0.0022 89 82 340 365
pottedplant 0.0016 -22 -27 375 393
pottedplant 0.0012 52 15 285 355
sofa 0.0133 152 150 437 373
sofa 0.0047 -13 39 271 386
sofa 0.0015 -3 2 142 376
sofa 0.0010 236 152 415 301
tvmonitor 0.0102 213 -3 313 49
