car 0.9974 73 23 423 300
car 0.5653 68 16 214 110
car 0.2271 447 45 497 114
car 0.0162 65 34 218 162
car 0.0136 442 49 491 87
car 0.0069 63 47 154 111
car 0.0058 83 81 138 109
car 0.0053 73 15 335 116
car 0.0036 473 45 497 107
car 0.0033 69 68 179 120
car 0.0023 449 53 481 99
car 0.0017 65 58 95 111
car 0.0016 118 17 233 73
car 0.0015 87 39 344 168
car 0.0011 104 78 383 225
car 0.0011 56 63 125 105
car 0.0011 411 36 494 100
motorbike 0.0066 81 97 416 321
person 0.0182 284 94 340 136
person 0.0052 416 43 450 120
person 0.0035 65 46 386 305
person 0.0022 419 41 436 128
person 0.0017 488 26 498 124
tvmonitor 0.0010 83 81 138 109
