chair 0.0250 15 117 276 378
chair 0.0086 0 181 24 360
chair 0.0045 -1 174 49 366
chair 0.0026 -5 181 97 364
chair 0.0015 0 313 25 368
chair 0.0013 0 25 496 356
chair 0.0011 230 109 501 381
chair 0.0011 0 94 30 403
person 0.9978 31 19 288 373
person 0.9857 228 23 501 373
person 0.0120 361 46 497 373
person 0.0023 105 31 384 359
person 0.0017 216 42 298 194
sofa 0.0180 0 53 493 369
sofa 0.0011 0 181 24 360
tvmonitor 0.0069 0 61 21 285
tvmonitor 0.0014 1 -4 29 346
tvmonitor 0.0013 0 14 48 291
tvmonitor 0.0013 442 44 499 303
tvmonitor 0.0012 22 11 268 296
