cat 0.9700 25 115 463 241
cat 0.1411 84 122 491 323
cat 0.0370 204 133 450 241
cat 0.0126 42 108 311 205
cat 0.0113 190 152 461 373
cat 0.0052 271 148 452 286
chair 0.0887 16 108 482 329
chair 0.0242 35 73 462 240
chair 0.0042 190 152 461 373
chair 0.0010 283 215 453 380
diningtable 0.0338 12 155 491 365
dog 0.0052 57 98 436 222
dog 0.0017 16 108 482 329
person 0.0011 12 93 487 355
sofa 0.1279 16 108 482 329
sofa 0.0067 35 73 462 240
tvmonitor 0.0076 476 247 500 378
tvmonitor 0.0020 453 249 501 375
tvmonitor 0.0010 444 156 499 397
