bottle 0.0029 33 260 51 330
bus 0.9997 24 92 467 307
bus 0.0152 456 132 492 261
bus 0.0087 476 132 498 256
bus 0.0044 0 143 20 293
bus 0.0025 -5 116 288 310
bus 0.0024 321 99 471 273
bus 0.0023 0 212 11 289
bus 0.0020 340 144 446 212
bus 0.0019 465 183 484 243
bus 0.0018 443 106 499 283
bus 0.0016 11 129 189 273
bus 0.0014 213 101 486 289
bus 0.0013 454 119 493 202
bus 0.0012 432 145 473 248
car 0.0169 0 219 10 299
car 0.0053 456 135 493 176
car 0.0019 0 185 19 328
car 0.0013 -1 231 10 265
car 0.0013 148 185 205 214
car 0.0012 485 133 499 214
car 0.0010 -1 182 9 281
car 0.0010 404 194 451 226
person 0.3743 367 169 396 215
person 0.0639 374 165 401 201
person 0.0517 485 133 499 214
person 0.0345 33 250 49 321
person 0.0316 479 136 496 192
person 0.0284 184 174 205 211
person 0.0267 476 132 498 256
person 0.0227 417 164 438 204
person 0.0216 149 174 206 210
person 0.0201 378 170 398 193
person 0.0146 462 135 486 177
person 0.0136 0 236 11 321
person 0.0127 186 191 204 213
person 0.0118 73 178 88 201
person 0.0100 154 174 180 210
person 0.0091 458 145 492 288
person 0.0084 384 171 409 212
person 0.0078 360 158 400 229
person 0.0075 359 164 385 204
person 0.0074 371 170 390 194
person 0.0065 490 139 499 244
person 0.0064 407 164 428 204
person 0.0063 479 141 493 169
person 0.0061 372 171 423 212
person 0.0058 401 167 415 196
person 0.0052 459 138 477 184
person 0.0050 398 166 418 212
person 0.0044 469 148 482 176
person 0.0043 422 166 446 217
person 0.0041 465 168 481 234
person 0.0039 347 173 394 211
person 0.0033 468 191 484 252
person 0.0033 410 169 425 196
person 0.0031 367 157 393 193
person 0.0029 338 160 362 207
person 0.0028 379 178 397 204
person 0.0028 371 179 390 204
person 0.0024 178 190 198 214
person 0.0024 389 170 406 194
person 0.0023 176 166 201 203
person 0.0023 461 145 473 176
person 0.0020 388 179 406 204
person 0.0020 328 130 351 177
person 0.0020 159 174 175 193
person 0.0019 466 135 485 157
person 0.0017 336 162 384 205
person 0.0017 0 185 19 328
person 0.0016 174 175 217 209
person 0.0016 179 173 197 195
person 0.0015 163 184 210 214
person 0.0015 486 143 498 180
person 0.0015 388 166 407 184
person 0.0015 460 152 474 231
person 0.0015 414 175 441 223
person 0.0014 82 178 95 201
person 0.0014 348 162 441 229
person 0.0013 144 183 192 215
person 0.0012 361 181 382 204
person 0.0012 385 163 432 200
person 0.0011 466 141 484 202
person 0.0011 480 216 490 246
person 0.0010 460 137 474 155
person 0.0010 68 180 80 198
person 0.0010 46 169 57 196
