bottle 0.0058 275 250 294 327
bottle 0.0019 28 264 39 295
bottle 0.0015 26 255 41 301
chair 0.0414 -2 247 96 373
chair 0.0123 12 120 193 386
chair 0.0083 -2 255 49 372
chair 0.0061 0 235 26 358
chair 0.0027 21 173 116 377
chair 0.0026 0 251 11 323
chair 0.0019 0 318 89 373
chair 0.0012 274 116 433 384
chair 0.0011 0 259 27 317
chair 0.0011 -2 155 56 396
chair 0.0010 188 121 289 373
diningtable 0.0124 -2 247 96 373
diningtable 0.0011 -2 284 51 373
diningtable 0.0010 7 229 179 379
person 0.9987 271 30 432 367
person 0.9943 18 47 197 359
person 0.3832 184 89 301 375
person 0.0091 173 72 399 371
person 0.0028 351 63 433 374
person 0.0016 191 93 291 177
person 0.0014 1 164 103 387
person 0.0011 0 251 11 323
person 0.0011 0 235 26 358
person 0.0010 238 53 312 384
sofa 0.0131 -2 247 96 373
sofa 0.0012 0 235 26 358
sofa 0.0011 12 120 193 386
sofa 0.0010 -2 284 51 373
tvmonitor 0.0026 0 241 12 316
tvmonitor 0.0017 -1 254 25 304
tvmonitor 0.0013 -2 288 90 376
