bottle 0.0321 137 180 224 257
bottle 0.0073 168 198 224 269
bottle 0.0073 204 230 229 263
bottle 0.0046 207 237 226 258
bottle 0.0027 183 230 231 266
bottle 0.0024 112 168 210 235
bottle 0.0023 138 227 199 269
bottle 0.0021 166 202 277 272
bottle 0.0019 209 228 226 252
bottle 0.0018 155 230 219 267
bottle 0.0017 138 210 227 284
bottle 0.0011 192 221 239 257
bottle 0.0011 172 243 221 269
car 0.0015 98 124 325 334
chair 0.3818 98 124 325 334
chair 0.0671 126 70 439 332
chair 0.0093 135 68 293 279
chair 0.0025 53 219 308 329
chair 0.0013 140 190 224 274
chair 0.0011 115 176 215 256
diningtable 0.0079 53 126 318 333
diningtable 0.0016 106 213 309 334
diningtable 0.0013 126 70 439 332
person 0.9753 120 68 309 332
person 0.0057 194 82 443 328
person 0.0054 83 160 289 320
person 0.0046 140 190 224 274
person 0.0034 138 70 232 281
pottedplant 0.0018 115 176 215 256
pottedplant 0.0014 140 190 224 274
sofa 0.2083 126 70 439 332
sofa 0.0342 98 124 325 334
