bottle 0.0011 300 313 319 378
car 0.0013 74 146 125 193
chair 0.0193 302 215 422 376
chair 0.0071 0 200 28 303
chair 0.0064 36 228 315 380
chair 0.0052 1 181 42 293
chair 0.0014 0 133 47 259
diningtable 0.0016 302 215 422 376
person 0.0017 0 200 28 303
person 0.0016 321 206 417 357
person 0.0012 36 228 315 380
pottedplant 0.0018 246 195 320 224
pottedplant 0.0010 0 200 28 303
sofa 0.9148 36 228 315 380
sofa 0.2929 295 220 422 374
sofa 0.0890 6 182 476 366
sofa 0.0060 145 226 437 374
sofa 0.0022 0 200 28 303
sofa 0.0020 1 181 42 293
tvmonitor 0.2311 74 146 125 193
tvmonitor 0.0080 0 200 28 303
tvmonitor 0.0062 0 129 47 216
tvmonitor 0.0057 302 215 422 376
tvmonitor 0.0036 1 150 43 284
tvmonitor 0.0012 41 141 67 185
