boat 0.0014 387 205 430 234
bus 0.0156 206 189 232 215
bus 0.0119 384 196 431 230
bus 0.0104 389 200 446 239
bus 0.0083 49 201 95 225
bus 0.0075 245 195 265 214
bus 0.0065 89 203 114 223
bus 0.0026 70 206 93 222
bus 0.0022 285 201 357 240
bus 0.0015 62 205 85 223
car 0.7610 89 203 114 223
car 0.5294 273 201 369 241
car 0.3877 246 200 264 216
car 0.3818 205 189 243 216
car 0.2537 271 195 294 208
car 0.2199 315 203 385 242
car 0.1237 281 195 305 209
car 0.0700 70 206 93 222
car 0.0676 250 195 274 211
car 0.0671 263 194 284 207
car 0.0630 208 192 230 214
car 0.0616 293 196 312 211
car 0.0431 267 200 321 243
car 0.0378 82 205 105 221
car 0.0372 299 212 365 243
car 0.0321 387 205 430 234
car 0.0295 244 190 266 218
car 0.0225 58 202 103 223
car 0.0152 279 209 343 245
car 0.0151 294 199 314 218
car 0.0147 62 205 85 223
car 0.0135 273 193 311 212
car 0.0104 97 209 122 224
car 0.0089 242 197 283 218
car 0.0080 87 207 131 226
car 0.0071 271 195 315 225
car 0.0062 289 199 317 240
car 0.0052 35 198 89 225
car 0.0051 249 192 296 211
car 0.0047 240 199 255 216
car 0.0047 211 199 237 215
car 0.0044 147 195 170 212
car 0.0030 284 199 305 217
car 0.0027 300 197 318 211
car 0.0025 134 192 183 215
car 0.0024 331 196 349 209
car 0.0023 273 200 296 216
car 0.0022 177 187 237 214
car 0.0020 285 200 337 226
car 0.0019 79 200 108 225
car 0.0019 264 200 285 216
car 0.0018 325 203 357 240
car 0.0018 109 204 127 219
car 0.0017 299 201 321 218
car 0.0017 321 195 378 228
car 0.0017 169 197 186 212
car 0.0016 227 200 244 214
car 0.0015 392 210 424 229
car 0.0015 283 188 301 203
car 0.0014 274 188 290 203
car 0.0013 154 196 181 213
car 0.0012 93 198 112 213
car 0.0012 472 356 497 373
car 0.0011 112 208 126 225
car 0.0010 98 197 119 214
person 0.0033 419 185 435 255
person 0.0030 331 196 349 209
person 0.0017 341 196 356 210
person 0.0015 325 197 339 210
pottedplant 0.0016 269 11 365 105
train 0.0063 387 205 430 234
train 0.0026 388 193 446 233
train 0.0016 49 201 95 225
train 0.0012 198 190 238 215
