bird 0.0019 285 38 334 134
bottle 0.0013 302 187 403 395
chair 0.0029 5 53 314 498
pottedplant 0.9912 8 11 320 496
pottedplant 0.5304 290 24 407 397
pottedplant 0.1037 320 5 402 131
pottedplant 0.0272 324 30 364 128
pottedplant 0.0203 312 162 403 403
pottedplant 0.0082 237 1 397 123
pottedplant 0.0081 266 5 343 134
pottedplant 0.0077 307 10 350 125
pottedplant 0.0046 -1 21 173 483
pottedplant 0.0042 -14 -4 323 101
pottedplant 0.0034 198 -17 367 367
pottedplant 0.0028 316 0 372 103
pottedplant 0.0027 285 38 334 134
pottedplant 0.0023 316 2 401 62
pottedplant 0.0018 148 0 343 113
pottedplant 0.0016 327 10 401 317
pottedplant 0.0013 283 49 373 322
