bus 0.9997 23 119 483 316
bus 0.2243 443 96 499 300
bus 0.1056 1 69 55 287
bus 0.0551 467 133 502 292
bus 0.0446 47 145 302 303
bus 0.0345 6 184 74 339
bus 0.0344 267 83 512 301
bus 0.0191 0 171 25 303
bus 0.0159 7 159 183 296
bus 0.0072 0 146 51 248
bus 0.0046 -1 10 62 189
bus 0.0043 0 197 26 246
bus 0.0038 -2 118 26 273
bus 0.0028 -5 38 36 312
bus 0.0024 3 163 92 234
bus 0.0017 17 185 68 287
bus 0.0015 2 211 23 340
bus 0.0014 431 153 474 278
bus 0.0012 410 151 495 304
bus 0.0012 0 116 91 279
bus 0.0011 320 131 478 295
bus 0.0010 -1 194 13 249
car 0.0138 1 198 24 317
car 0.0137 469 205 499 299
car 0.0102 0 206 26 255
car 0.0090 6 203 66 355
car 0.0062 -1 264 8 332
car 0.0052 476 236 500 302
car 0.0042 0 -28 57 190
car 0.0023 -2 201 12 259
car 0.0022 467 133 502 292
car 0.0021 1 47 55 267
car 0.0020 0 211 10 307
car 0.0020 -1 277 7 316
car 0.0018 220 121 288 149
car 0.0015 -1 207 11 234
car 0.0015 2 209 24 231
car 0.0012 -2 219 69 298
car 0.0011 486 216 499 305
car 0.0010 0 178 8 207
car 0.0010 1 218 26 239
person 0.9922 10 203 70 356
person 0.0322 2 211 23 340
person 0.0148 219 198 235 222
person 0.0106 405 190 430 232
person 0.0055 363 188 377 217
person 0.0038 416 179 438 225
person 0.0033 52 215 70 288
person 0.0032 371 188 384 216
person 0.0030 399 188 421 234
person 0.0027 0 171 25 303
person 0.0023 344 190 358 216
person 0.0019 17 185 68 287
person 0.0017 -1 264 8 332
person 0.0016 0 221 11 316
person 0.0013 0 -64 58 185
person 0.0012 1 -3 45 89
person 0.0012 224 198 241 222
person 0.0010 2 215 79 303
person 0.0010 409 188 427 214
train 0.0038 1 69 55 287
tvmonitor 0.0022 2 217 23 304
tvmonitor 0.0013 0 211 10 307
