bicycle 0.0014 96 261 246 475
chair 0.3602 90 269 209 472
chair 0.2374 165 270 254 480
chair 0.1786 110 234 274 481
chair 0.0150 243 289 327 432
chair 0.0045 148 282 316 457
chair 0.0020 125 183 274 391
chair 0.0013 216 304 336 475
diningtable 0.0074 140 298 247 480
diningtable 0.0036 110 234 274 481
diningtable 0.0030 91 261 211 458
diningtable 0.0018 148 282 316 457
diningtable 0.0014 217 287 337 462
diningtable 0.0010 125 183 274 391
dog 0.0011 165 228 260 449
person 0.8879 120 172 271 475
person 0.0225 131 175 275 324
person 0.0035 180 201 277 437
person 0.0014 144 193 306 381
sofa 0.0116 110 234 274 481
tvmonitor 0.9893 217 181 299 260
tvmonitor 0.0029 132 172 280 274
