bottle 0.3416 321 241 344 295
bottle 0.0209 321 219 355 299
bottle 0.0054 326 239 352 285
bottle 0.0049 336 244 360 294
bottle 0.0033 462 66 473 85
bottle 0.0026 347 236 369 281
bottle 0.0025 463 57 472 80
bottle 0.0018 350 238 367 264
bottle 0.0014 377 122 396 146
bottle 0.0014 325 244 340 277
bottle 0.0012 342 246 358 272
bottle 0.0011 328 241 373 281
car 0.0012 80 126 427 359
cat 0.0021 44 105 130 320
chair 0.6931 6 178 119 366
chair 0.4013 371 232 497 372
chair 0.2131 42 116 131 343
chair 0.2130 405 83 491 148
chair 0.0621 212 87 297 175
chair 0.0591 0 321 82 374
chair 0.0512 319 130 499 373
chair 0.0316 120 153 201 350
chair 0.0193 -1 173 47 262
chair 0.0189 471 37 498 203
chair 0.0171 455 77 499 161
chair 0.0161 126 101 213 201
chair 0.0156 471 111 499 244
chair 0.0155 0 167 25 342
chair 0.0146 0 170 61 340
chair 0.0141 60 176 201 362
chair 0.0092 403 8 496 162
chair 0.0070 0 140 93 301
chair 0.0067 478 117 499 350
chair 0.0057 473 128 500 199
chair 0.0038 459 18 498 144
chair 0.0033 399 125 496 353
chair 0.0028 306 75 375 153
chair 0.0026 4 173 88 259
chair 0.0025 373 312 505 376
chair 0.0025 474 80 498 150
chair 0.0023 455 135 502 258
chair 0.0023 435 153 499 389
chair 0.0022 377 92 489 174
chair 0.0021 345 69 492 133
chair 0.0019 385 53 489 122
chair 0.0019 486 126 501 219
chair 0.0016 443 64 503 216
chair 0.0016 43 148 302 368
chair 0.0016 443 99 501 295
chair 0.0015 477 243 499 380
chair 0.0013 410 80 484 113
chair 0.0013 2 170 43 215
chair 0.0012 470 26 496 89
chair 0.0012 169 134 471 370
chair 0.0011 -1 254 53 372
chair 0.0011 359 106 499 270
chair 0.0011 282 227 468 369
chair 0.0011 3 221 107 321
chair 0.0010 367 49 395 104
chair 0.0010 0 161 8 281
diningtable 0.9897 79 153 425 374
diningtable 0.0200 319 130 499 373
diningtable 0.0124 405 83 491 148
diningtable 0.0055 119 162 385 304
diningtable 0.0045 -1 199 110 381
diningtable 0.0036 342 228 492 373
diningtable 0.0028 372 53 494 164
diningtable 0.0026 13 132 123 339
diningtable 0.0026 287 99 471 271
diningtable 0.0021 130 148 226 356
diningtable 0.0017 60 176 201 362
diningtable 0.0016 455 77 499 161
diningtable 0.0014 471 37 498 203
diningtable 0.0011 471 111 499 244
person 0.9822 213 74 297 168
person 0.9191 306 75 375 153
person 0.7120 313 96 496 365
person 0.6112 126 94 213 193
person 0.4070 44 105 130 320
person 0.2541 126 119 201 345
person 0.0364 458 12 496 84
person 0.0356 69 104 171 334
person 0.0254 84 118 354 363
person 0.0245 459 18 498 144
person 0.0232 470 95 499 224
person 0.0131 359 106 499 270
person 0.0123 169 134 471 370
person 0.0120 79 108 132 203
person 0.0095 60 176 201 362
person 0.0061 312 88 494 214
person 0.0056 156 121 242 346
person 0.0045 14 116 159 268
person 0.0042 372 53 494 164
person 0.0036 216 78 299 356
person 0.0036 95 148 236 310
person 0.0031 456 78 501 198
person 0.0029 62 111 136 252
person 0.0025 405 83 491 148
person 0.0023 302 72 380 240
person 0.0023 3 139 175 366
person 0.0022 468 -22 498 262
person 0.0022 299 85 442 149
person 0.0021 372 100 424 150
person 0.0020 128 139 220 205
person 0.0019 59 114 206 257
person 0.0014 108 122 128 185
person 0.0013 0 156 26 279
person 0.0013 100 109 144 204
person 0.0013 441 10 503 186
person 0.0012 361 96 469 171
person 0.0012 -1 110 6 196
person 0.0011 321 241 344 295
sofa 0.2062 382 84 493 147
sofa 0.0611 14 115 127 319
sofa 0.0109 403 8 496 162
sofa 0.0099 205 75 291 170
sofa 0.0055 470 95 499 224
sofa 0.0041 -1 199 110 381
sofa 0.0030 -1 173 47 262
sofa 0.0027 470 17 498 184
sofa 0.0017 0 164 26 305
sofa 0.0013 345 69 492 133
sofa 0.0013 54 159 385 369
sofa 0.0013 476 116 499 312
sofa 0.0010 319 130 499 373
sofa 0.0010 456 78 501 198
tvmonitor 0.0114 458 12 496 84
tvmonitor 0.0085 126 101 213 201
tvmonitor 0.0067 382 84 493 147
tvmonitor 0.0030 212 87 297 175
tvmonitor 0.0020 471 111 499 244
tvmonitor 0.0013 471 37 498 203
tvmonitor 0.0011 -1 173 47 262
tvmonitor 0.0010 360 47 399 116
