aeroplane 0.9994 -3 57 497 392
aeroplane 0.0313 147 125 207 144
aeroplane 0.0191 326 58 498 234
aeroplane 0.0089 153 128 181 142
aeroplane 0.0072 -1 -19 497 261
aeroplane 0.0042 137 123 182 144
aeroplane 0.0041 319 133 494 397
aeroplane 0.0036 452 80 497 168
aeroplane 0.0031 146 105 205 146
aeroplane 0.0022 184 127 208 140
aeroplane 0.0017 402 74 501 242
aeroplane 0.0017 371 32 500 337
aeroplane 0.0016 162 128 192 141
aeroplane 0.0013 231 27 498 274
aeroplane 0.0012 135 130 198 153
aeroplane 0.0012 410 73 423 99
aeroplane 0.0011 322 24 491 137
bird 0.0010 410 73 423 99
car 0.0121 325 216 491 390
car 0.0050 153 128 181 142
car 0.0032 366 115 498 405
person 0.0068 356 176 392 258
person 0.0030 357 218 377 259
person 0.0024 325 216 491 390
person 0.0011 130 128 149 180
