bus 0.9952 124 57 375 299
bus 0.0032 362 113 391 243
bus 0.0020 95 125 127 231
bus 0.0011 390 152 472 210
car 0.0149 399 142 477 167
car 0.0133 409 146 465 177
car 0.0118 122 69 380 315
car 0.0046 376 161 453 254
car 0.0021 381 163 399 238
car 0.0017 362 164 388 256
car 0.0012 0 197 11 261
car 0.0011 0 222 8 255
motorbike 0.0017 362 164 388 256
person 0.9020 399 153 432 261
person 0.8828 450 151 482 270
person 0.7921 414 155 444 262
person 0.7706 474 146 502 276
person 0.3085 439 153 471 263
person 0.1456 362 158 382 238
person 0.1021 429 155 445 263
person 0.0428 387 157 405 243
person 0.0400 373 152 408 249
person 0.0312 454 149 475 233
person 0.0232 449 150 467 230
person 0.0185 478 166 500 334
person 0.0163 362 113 391 243
person 0.0153 381 163 399 238
person 0.0144 323 128 341 150
person 0.0104 320 115 345 152
person 0.0097 487 160 499 280
person 0.0088 416 147 439 214
person 0.0085 395 143 434 219
person 0.0064 370 167 387 248
person 0.0056 453 191 479 264
person 0.0050 485 124 500 219
person 0.0046 415 153 436 170
person 0.0038 438 154 453 246
person 0.0037 424 151 446 211
person 0.0037 407 148 446 177
person 0.0031 329 128 348 150
person 0.0028 477 133 498 211
person 0.0026 376 153 454 245
person 0.0026 437 145 478 218
person 0.0021 458 191 495 305
person 0.0021 490 204 499 312
person 0.0021 479 82 501 235
person 0.0019 326 122 350 157
person 0.0019 465 115 505 310
person 0.0018 464 175 484 265
person 0.0017 191 105 221 156
person 0.0016 365 151 389 214
person 0.0012 434 174 456 264
person 0.0012 397 154 418 246
person 0.0011 370 129 392 177
person 0.0010 443 142 499 282
person 0.0010 465 146 481 234
train 0.0036 137 74 404 313
train 0.0014 95 125 127 231
