bottle 0.0420 97 130 187 309
bottle 0.0097 3 57 20 115
bottle 0.0093 0 64 10 126
bottle 0.0090 215 56 235 114
bottle 0.0071 12 73 33 118
bottle 0.0067 104 143 152 252
bottle 0.0059 208 48 229 105
bottle 0.0058 100 155 187 239
bottle 0.0046 16 95 31 117
bottle 0.0046 0 78 9 112
bottle 0.0036 53 318 74 373
bottle 0.0035 28 321 54 373
bottle 0.0030 127 129 145 174
bottle 0.0029 2 288 43 374
bottle 0.0022 15 83 30 110
bottle 0.0022 137 126 189 219
bottle 0.0020 212 49 233 88
bottle 0.0020 25 328 43 377
bottle 0.0019 131 136 142 169
bottle 0.0016 211 52 225 81
bottle 0.0014 8 329 36 379
bottle 0.0013 116 130 172 223
bottle 0.0012 0 322 11 384
bottle 0.0011 121 129 142 194
bottle 0.0011 209 70 226 120
bottle 0.0011 3 321 123 376
bottle 0.0010 0 242 25 383
bottle 0.0010 131 94 145 120
bottle 0.0010 0 -1 9 98
bottle 0.0010 0 349 8 381
bottle 0.0010 15 105 32 123
chair 0.0034 166 113 493 383
chair 0.0021 0 176 25 374
chair 0.0011 329 137 371 186
chair 0.0010 -1 94 24 302
diningtable 0.0341 -1 297 255 379
diningtable 0.0093 18 322 193 374
diningtable 0.0082 29 148 482 370
diningtable 0.0054 22 285 480 383
diningtable 0.0054 29 194 233 344
diningtable 0.0030 7 82 249 363
diningtable 0.0027 7 245 200 364
diningtable 0.0015 35 153 217 297
diningtable 0.0010 -25 208 295 377
person 0.9981 156 65 501 370
person 0.8489 0 39 172 328
person 0.0733 137 110 188 173
person 0.0638 83 43 350 346
person 0.0519 121 118 143 167
person 0.0210 3 44 128 238
person 0.0165 -1 75 24 282
person 0.0112 476 87 501 229
person 0.0110 476 155 499 212
person 0.0106 476 87 501 144
person 0.0106 486 82 500 149
person 0.0095 0 45 53 313
person 0.0085 98 98 192 264
person 0.0084 126 112 200 197
person 0.0075 119 100 140 150
person 0.0070 488 101 499 189
person 0.0066 348 132 371 175
person 0.0064 348 79 506 376
person 0.0057 -1 153 99 349
person 0.0053 0 141 23 371
person 0.0042 129 129 143 159
person 0.0040 0 46 23 197
person 0.0032 337 131 365 174
person 0.0029 29 151 397 370
person 0.0027 353 134 367 155
person 0.0026 489 95 498 133
person 0.0024 90 135 170 303
person 0.0024 131 102 145 125
person 0.0023 112 106 133 161
person 0.0023 123 102 136 127
person 0.0022 137 126 189 219
person 0.0022 103 156 247 301
person 0.0020 129 121 144 148
person 0.0019 127 104 148 147
person 0.0019 480 85 500 340
person 0.0019 486 133 500 214
person 0.0018 109 106 147 205
person 0.0018 0 154 49 389
person 0.0017 0 149 43 283
person 0.0017 37 57 208 248
person 0.0016 122 120 138 148
person 0.0016 122 109 136 138
person 0.0014 0 242 25 383
person 0.0014 187 40 292 244
person 0.0014 342 135 360 153
person 0.0014 124 128 139 158
person 0.0013 -1 86 44 190
person 0.0012 436 68 500 331
person 0.0012 -1 97 9 189
person 0.0012 448 73 502 168
person 0.0011 130 111 145 137
person 0.0011 329 137 371 186
person 0.0010 322 129 342 176
person 0.0010 411 70 496 132
person 0.0010 490 80 499 112
pottedplant 0.0037 208 48 228 89
tvmonitor 0.0011 0 64 10 126
tvmonitor 0.0011 0 78 9 112
