boat 0.0300 168 276 229 310
boat 0.0157 159 288 219 313
boat 0.0078 189 273 249 313
boat 0.0023 177 286 240 317
boat 0.0014 157 272 242 320
boat 0.0011 173 267 245 302
bus 0.0137 63 268 87 285
bus 0.0046 36 251 90 284
bus 0.0040 41 248 69 287
bus 0.0029 42 266 65 281
bus 0.0021 72 268 92 284
bus 0.0020 63 246 88 289
bus 0.0013 56 264 93 285
bus 0.0010 58 249 128 282
car 0.7921 42 266 65 281
car 0.4646 63 268 87 285
car 0.0872 54 268 75 282
car 0.0851 72 268 92 284
car 0.0456 43 264 86 283
car 0.0189 28 267 47 278
car 0.0172 106 255 124 268
car 0.0053 46 259 66 277
car 0.0046 61 263 104 285
car 0.0039 112 256 131 268
car 0.0030 75 258 90 276
car 0.0028 94 256 115 269
car 0.0023 67 259 84 276
car 0.0021 41 248 69 287
car 0.0015 36 251 90 284
car 0.0013 41 260 56 276
car 0.0012 76 251 129 277
car 0.0011 17 267 35 278
car 0.0011 57 272 76 286
motorbike 0.0012 42 266 65 281
person 0.0044 42 266 56 281
person 0.0017 293 488 317 499
person 0.0015 75 258 90 276
person 0.0013 54 268 75 282
person 0.0010 0 258 11 274
train 0.0022 168 276 229 310
tvmonitor 0.0021 140 97 220 227
