bottle 0.0118 105 115 120 154
bottle 0.0030 110 119 124 149
car 0.0031 160 -2 213 38
chair 0.8332 -1 226 142 378
chair 0.0036 1 183 64 368
chair 0.0034 -4 319 135 378
chair 0.0026 1 41 24 110
chair 0.0012 0 28 11 123
person 0.1027 0 189 146 365
person 0.0050 -1 19 138 362
person 0.0026 1 183 64 368
pottedplant 0.0139 245 -5 281 19
pottedplant 0.0047 243 -1 270 16
sofa 0.0890 -1 226 142 378
sofa 0.0018 1 183 64 368
sofa 0.0011 160 -2 213 38
tvmonitor 0.9948 131 91 284 230
tvmonitor 0.2599 160 -2 213 38
tvmonitor 0.0669 183 -1 228 39
tvmonitor 0.0200 152 -1 190 40
tvmonitor 0.0016 0 34 23 102
