bird 0.0014 394 -83 509 127
bus 0.9976 90 22 420 365
bus 0.9501 -4 97 93 290
bus 0.1341 406 168 502 263
bus 0.0074 409 68 500 292
bus 0.0033 86 39 166 277
bus 0.0013 439 156 501 247
bus 0.0013 74 79 139 277
bus 0.0012 86 115 126 239
bus 0.0011 0 115 21 275
car 0.0711 406 168 502 263
car 0.0370 -2 115 91 299
car 0.0098 94 6 416 317
car 0.0023 416 185 437 203
car 0.0017 409 185 429 204
person 0.0223 301 102 324 144
person 0.0062 138 104 157 146
person 0.0047 310 95 332 139
person 0.0045 319 90 341 141
person 0.0030 277 104 328 143
person 0.0027 259 93 309 137
person 0.0025 459 183 471 202
person 0.0021 290 102 318 145
person 0.0011 146 104 169 144
person 0.0011 -12 -88 109 123
person 0.0010 280 100 306 144
train 0.0133 94 6 416 317
train 0.0057 408 159 503 241
train 0.0053 7 110 110 282
train 0.0034 409 68 500 292
tvmonitor 0.0023 94 6 416 317
