bottle 0.0039 71 144 90 161
bottle 0.0034 141 5 158 52
bottle 0.0026 419 287 435 310
bottle 0.0019 64 144 81 160
bottle 0.0012 342 298 360 353
bottle 0.0012 381 283 396 311
bottle 0.0010 71 139 90 154
car 0.0010 457 235 494 282
chair 0.0265 383 227 438 303
chair 0.0029 292 264 333 312
chair 0.0013 310 229 359 300
chair 0.0011 123 158 150 203
chair 0.0010 308 296 337 336
person 0.6404 190 227 243 325
person 0.0255 215 221 253 316
person 0.0067 237 243 256 314
person 0.0042 189 233 207 304
person 0.0040 195 217 241 286
person 0.0032 190 247 218 312
person 0.0026 239 130 249 159
person 0.0026 191 233 219 286
person 0.0024 203 215 247 263
person 0.0019 442 211 496 465
person 0.0017 489 217 500 302
person 0.0014 459 223 494 305
person 0.0014 243 250 259 305
person 0.0011 193 236 205 261
person 0.0011 219 140 230 167
pottedplant 0.9163 55 149 110 236
pottedplant 0.7981 246 157 319 229
pottedplant 0.1793 92 103 147 147
pottedplant 0.1604 104 113 154 154
pottedplant 0.1038 38 81 66 128
pottedplant 0.0713 73 3 139 67
pottedplant 0.0637 12 -10 77 155
pottedplant 0.0629 157 99 197 131
pottedplant 0.0491 25 45 68 141
pottedplant 0.0478 113 105 163 145
pottedplant 0.0464 88 115 131 151
pottedplant 0.0392 263 187 323 232
pottedplant 0.0391 26 137 67 237
pottedplant 0.0319 0 40 62 263
pottedplant 0.0303 104 105 158 189
pottedplant 0.0298 70 -1 139 140
pottedplant 0.0291 330 296 422 375
pottedplant 0.0199 116 126 160 205
pottedplant 0.0180 242 162 268 202
pottedplant 0.0177 74 14 103 63
pottedplant 0.0176 137 102 161 146
pottedplant 0.0167 117 125 160 159
pottedplant 0.0164 56 148 105 197
pottedplant 0.0142 314 283 486 412
pottedplant 0.0134 141 5 158 52
pottedplant 0.0131 102 104 179 158
pottedplant 0.0128 240 156 282 226
pottedplant 0.0117 29 129 114 246
pottedplant 0.0115 75 22 123 71
pottedplant 0.0108 73 10 111 94
pottedplant 0.0099 90 106 113 142
pottedplant 0.0093 259 144 286 199
pottedplant 0.0092 11 56 35 117
pottedplant 0.0082 250 159 295 204
pottedplant 0.0080 49 78 71 130
pottedplant 0.0078 104 97 152 136
pottedplant 0.0076 100 163 122 201
pottedplant 0.0073 71 144 90 161
pottedplant 0.0073 53 189 109 231
pottedplant 0.0071 7 103 84 270
pottedplant 0.0070 165 103 190 128
pottedplant 0.0065 68 5 114 51
pottedplant 0.0065 148 109 184 193
pottedplant 0.0063 6 38 53 147
pottedplant 0.0063 30 74 58 117
pottedplant 0.0062 83 12 115 63
pottedplant 0.0057 143 87 191 125
pottedplant 0.0056 124 113 171 153
pottedplant 0.0055 123 158 150 203
pottedplant 0.0052 99 122 122 145
pottedplant 0.0049 25 84 67 213
pottedplant 0.0046 103 169 118 195
pottedplant 0.0044 341 308 480 369
pottedplant 0.0043 40 67 67 105
pottedplant 0.0042 88 99 132 134
pottedplant 0.0042 108 160 129 201
pottedplant 0.0042 92 123 146 160
pottedplant 0.0041 5 -7 55 113
pottedplant 0.0041 32 -3 72 24
pottedplant 0.0040 337 298 381 374
pottedplant 0.0040 64 146 115 182
pottedplant 0.0039 156 104 180 125
pottedplant 0.0038 73 3 93 53
pottedplant 0.0038 78 145 118 228
pottedplant 0.0036 99 6 143 93
pottedplant 0.0033 154 134 179 190
pottedplant 0.0031 243 96 320 241
pottedplant 0.0030 113 74 129 98
pottedplant 0.0030 43 82 62 109
pottedplant 0.0028 278 178 324 222
pottedplant 0.0028 260 162 288 220
pottedplant 0.0028 126 132 152 153
pottedplant 0.0028 151 102 166 126
pottedplant 0.0027 37 -4 66 41
pottedplant 0.0027 100 111 122 139
pottedplant 0.0027 76 -3 104 41
pottedplant 0.0027 75 154 125 192
pottedplant 0.0026 41 -1 64 20
pottedplant 0.0026 154 20 209 127
pottedplant 0.0026 116 20 139 73
pottedplant 0.0025 44 75 63 97
pottedplant 0.0024 21 68 46 123
pottedplant 0.0024 126 122 152 146
pottedplant 0.0024 33 189 55 251
pottedplant 0.0023 147 94 170 133
pottedplant 0.0023 246 168 264 195
pottedplant 0.0023 -1 46 24 249
pottedplant 0.0023 55 160 71 182
pottedplant 0.0020 140 110 158 136
pottedplant 0.0020 64 144 81 160
pottedplant 0.0019 44 47 81 134
pottedplant 0.0019 51 142 75 184
pottedplant 0.0019 120 75 135 99
pottedplant 0.0019 73 -3 126 38
pottedplant 0.0019 142 104 191 141
pottedplant 0.0018 419 287 435 310
pottedplant 0.0018 42 90 63 119
pottedplant 0.0018 108 21 130 72
pottedplant 0.0018 117 122 142 146
pottedplant 0.0018 0 3 122 400
