bird 0.0028 451 -1 498 37
bottle 0.0072 7 199 18 227
bottle 0.0066 4 196 19 245
bottle 0.0059 490 197 499 226
bottle 0.0018 1 184 12 257
bottle 0.0015 424 214 451 264
bottle 0.0014 487 185 500 238
bottle 0.0013 54 131 70 155
bottle 0.0012 351 333 407 376
bottle 0.0011 397 304 501 371
bottle 0.0010 0 129 10 158
chair 0.1497 187 191 337 292
chair 0.1212 21 207 109 260
chair 0.0173 401 318 500 372
chair 0.0103 2 272 235 375
chair 0.0083 54 210 107 253
chair 0.0061 62 201 81 220
chair 0.0060 10 219 74 261
chair 0.0039 29 194 75 228
chair 0.0039 72 201 92 219
chair 0.0033 473 226 502 269
chair 0.0033 450 194 500 269
chair 0.0028 471 185 500 279
chair 0.0024 7 208 59 252
chair 0.0022 474 203 499 345
chair 0.0021 15 203 67 237
chair 0.0021 52 200 72 221
chair 0.0020 483 209 502 270
chair 0.0020 33 221 91 259
chair 0.0019 195 188 326 249
chair 0.0019 447 335 504 377
chair 0.0018 49 197 93 224
chair 0.0017 22 201 44 220
chair 0.0017 351 333 407 376
chair 0.0017 450 192 501 231
chair 0.0016 2 215 100 283
chair 0.0016 100 191 138 267
chair 0.0015 1 184 12 257
chair 0.0014 65 172 113 256
chair 0.0014 3 202 21 256
chair 0.0014 80 202 101 219
chair 0.0014 19 195 48 226
chair 0.0014 37 204 85 235
chair 0.0014 474 189 501 233
chair 0.0013 165 204 248 271
chair 0.0012 424 214 451 264
chair 0.0011 20 230 82 267
chair 0.0010 490 197 499 226
diningtable 0.0084 21 207 109 260
diningtable 0.0011 401 318 500 372
person 0.0013 187 191 337 292
pottedplant 0.8244 81 152 132 246
pottedplant 0.0578 9 120 37 150
pottedplant 0.0563 73 155 94 206
pottedplant 0.0517 31 120 72 152
pottedplant 0.0506 167 121 207 151
pottedplant 0.0369 69 157 113 233
pottedplant 0.0275 72 153 126 194
pottedplant 0.0264 37 127 67 161
pottedplant 0.0203 100 191 138 267
pottedplant 0.0179 54 131 70 155
pottedplant 0.0155 392 321 484 371
pottedplant 0.0115 50 127 74 161
pottedplant 0.0112 108 178 132 244
pottedplant 0.0098 29 124 55 163
pottedplant 0.0091 41 123 64 149
pottedplant 0.0090 80 202 101 219
pottedplant 0.0060 0 115 13 174
pottedplant 0.0050 94 169 123 234
pottedplant 0.0049 78 158 100 223
pottedplant 0.0040 85 154 115 211
pottedplant 0.0040 118 181 136 257
pottedplant 0.0039 2 123 26 164
pottedplant 0.0038 75 151 102 196
pottedplant 0.0034 32 131 51 156
pottedplant 0.0033 22 121 44 165
pottedplant 0.0032 0 119 9 149
pottedplant 0.0032 0 129 10 158
pottedplant 0.0029 31 123 53 148
pottedplant 0.0029 5 130 21 155
pottedplant 0.0029 170 123 221 161
pottedplant 0.0028 62 201 81 220
pottedplant 0.0027 40 175 137 256
pottedplant 0.0025 152 126 205 158
pottedplant 0.0024 74 159 92 185
pottedplant 0.0023 72 201 92 219
pottedplant 0.0023 86 169 112 232
pottedplant 0.0022 7 199 18 227
pottedplant 0.0018 65 198 144 261
pottedplant 0.0018 403 309 431 363
pottedplant 0.0017 399 313 419 357
pottedplant 0.0016 5 122 24 147
pottedplant 0.0013 54 150 128 215
pottedplant 0.0013 71 107 138 253
pottedplant 0.0012 3 112 83 161
pottedplant 0.0012 77 194 104 223
pottedplant 0.0011 12 130 34 155
pottedplant 0.0010 4 196 19 245
pottedplant 0.0010 400 243 503 378
pottedplant 0.0010 77 189 121 230
sofa 0.9273 183 197 336 302
sofa 0.8694 2 253 215 377
sofa 0.0681 21 207 109 260
sofa 0.0030 195 188 326 249
sofa 0.0026 2 215 100 283
sofa 0.0016 180 223 342 358
sofa 0.0014 401 318 500 372
sofa 0.0013 450 194 500 269
sofa 0.0013 29 194 75 228
sofa 0.0011 10 219 74 261
tvmonitor 0.0372 424 215 449 251
tvmonitor 0.0057 421 218 469 259
tvmonitor 0.0017 450 192 501 231
tvmonitor 0.0010 474 189 501 233
tvmonitor 0.0010 21 207 109 260
