boat 0.1089 5 32 497 353
boat 0.0637 246 40 499 356
boat 0.0493 206 228 370 376
boat 0.0487 178 26 400 341
boat 0.0225 220 158 358 308
boat 0.0173 132 159 385 371
boat 0.0135 119 300 447 373
boat 0.0083 322 110 494 385
boat 0.0058 234 243 502 369
boat 0.0049 0 101 126 395
boat 0.0028 298 294 495 380
boat 0.0020 210 102 371 255
boat 0.0011 223 70 418 218
boat 0.0011 44 252 383 372
car 0.0042 249 87 493 370
car 0.0018 473 155 498 209
diningtable 0.0010 12 301 499 373
motorbike 0.0039 322 110 494 385
motorbike 0.0014 206 228 370 376
motorbike 0.0010 309 239 498 378
person 0.9928 335 80 493 378
person 0.8766 2 76 127 375
person 0.6180 218 159 361 371
person 0.0301 469 150 484 176
person 0.0182 217 74 419 379
person 0.0112 472 143 494 186
person 0.0038 466 150 488 191
person 0.0029 -2 73 60 356
person 0.0027 473 155 498 209
person 0.0025 0 77 20 319
person 0.0017 303 40 361 118
person 0.0016 475 149 492 177
person 0.0012 0 27 29 373
person 0.0011 476 117 498 242
