aeroplane 0.4898 55 186 104 231
aeroplane 0.0489 47 200 97 235
aeroplane 0.0412 62 198 115 236
aeroplane 0.0322 76 192 124 222
aeroplane 0.0184 92 199 112 216
aeroplane 0.0181 68 192 91 210
aeroplane 0.0181 61 183 87 223
aeroplane 0.0137 99 200 118 216
aeroplane 0.0136 65 188 112 216
aeroplane 0.0102 52 211 107 241
aeroplane 0.0042 56 183 149 230
aeroplane 0.0024 55 188 77 233
aeroplane 0.0022 89 186 114 219
aeroplane 0.0017 61 198 85 220
aeroplane 0.0014 57 210 74 227
aeroplane 0.0012 79 193 102 208
aeroplane 0.0010 97 195 118 211
bird 0.0034 55 186 104 231
bird 0.0019 429 99 444 112
bird 0.0012 92 194 111 211
bird 0.0011 68 192 91 210
bird 0.0010 61 183 87 223
boat 0.0017 63 188 113 227
