bicycle 0.0230 53 353 96 423
bicycle 0.0153 12 358 100 425
bicycle 0.0074 297 331 335 456
bicycle 0.0041 186 340 281 417
bicycle 0.0022 172 300 333 444
bicycle 0.0022 112 16 293 173
bicycle 0.0014 101 15 180 161
bird 0.0012 116 3 162 89
boat 0.0026 99 16 236 172
boat 0.0016 110 91 297 415
boat 0.0011 103 29 178 178
car 0.0096 172 300 333 444
car 0.0094 293 311 332 438
car 0.0055 103 29 178 178
car 0.0053 214 335 335 417
car 0.0021 257 90 328 237
car 0.0021 253 222 327 364
car 0.0020 299 360 335 459
car 0.0019 -3 362 96 431
car 0.0015 101 298 240 451
car 0.0014 110 85 201 163
car 0.0013 107 317 157 360
car 0.0012 128 34 182 136
car 0.0012 249 322 335 456
car 0.0012 205 253 336 410
car 0.0010 290 110 331 223
chair 0.0464 53 353 96 423
chair 0.0084 12 358 100 425
chair 0.0042 103 29 178 178
chair 0.0028 100 54 131 192
chair 0.0023 62 354 108 406
chair 0.0020 128 34 182 136
chair 0.0015 108 66 158 183
chair 0.0012 95 27 130 147
chair 0.0010 170 12 314 175
diningtable 0.0025 103 29 178 178
diningtable 0.0024 113 63 294 199
horse 0.0028 253 222 327 364
horse 0.0011 251 135 293 232
motorbike 0.0592 297 331 335 456
motorbike 0.0349 172 300 333 444
motorbike 0.0136 253 222 327 364
motorbike 0.0043 143 293 241 457
motorbike 0.0042 290 303 329 411
motorbike 0.0041 186 340 281 417
motorbike 0.0033 108 332 301 456
motorbike 0.0028 229 243 324 422
motorbike 0.0022 101 15 180 161
motorbike 0.0018 214 335 335 417
motorbike 0.0015 249 322 335 456
motorbike 0.0015 189 330 237 424
motorbike 0.0015 251 135 293 232
motorbike 0.0012 -1 365 86 493
motorbike 0.0011 100 195 308 456
person 0.9801 37 25 97 194
person 0.8915 255 193 327 362
person 0.3932 288 161 329 242
person 0.3803 85 27 118 187
person 0.2415 201 11 270 161
person 0.1617 116 328 159 464
person 0.1318 272 159 314 239
person 0.0886 66 23 128 193
person 0.0832 267 86 310 162
person 0.0751 97 29 129 180
person 0.0630 131 295 219 463
person 0.0598 285 185 331 334
person 0.0437 286 164 310 232
person 0.0374 302 179 329 236
person 0.0356 208 4 263 88
person 0.0214 270 104 313 226
person 0.0162 251 135 293 232
person 0.0150 253 95 298 190
person 0.0144 257 90 328 237
person 0.0140 112 210 211 470
person 0.0136 274 86 304 137
person 0.0133 153 311 199 443
person 0.0129 231 240 323 386
person 0.0116 261 262 318 366
person 0.0112 202 68 295 151
person 0.0108 306 159 336 241
person 0.0107 293 311 332 438
person 0.0079 269 182 321 296
person 0.0077 303 159 328 217
person 0.0070 116 3 162 89
person 0.0062 250 75 296 149
person 0.0058 295 166 316 229
person 0.0056 228 1 274 66
person 0.0055 253 89 279 149
person 0.0054 95 24 135 112
person 0.0047 223 5 276 123
person 0.0047 110 141 299 438
person 0.0045 106 300 303 444
person 0.0041 290 110 331 223
person 0.0039 288 288 329 383
person 0.0036 249 239 303 360
person 0.0036 236 126 316 319
person 0.0035 0 182 121 404
person 0.0035 304 142 330 194
person 0.0035 103 29 178 178
person 0.0033 96 39 112 62
person 0.0031 95 34 115 91
person 0.0030 314 187 333 241
person 0.0027 252 143 279 192
person 0.0027 107 96 138 191
person 0.0027 228 81 276 162
person 0.0026 106 257 177 461
person 0.0025 105 38 122 125
person 0.0022 172 333 332 451
person 0.0021 42 21 111 293
person 0.0020 100 8 143 88
person 0.0017 114 131 206 383
person 0.0017 171 -2 311 132
person 0.0017 130 0 174 68
person 0.0017 96 34 113 53
person 0.0017 284 85 329 161
person 0.0016 175 67 265 146
person 0.0016 210 53 298 240
person 0.0016 189 330 237 424
person 0.0016 170 254 328 406
person 0.0015 236 55 315 200
person 0.0014 194 8 242 123
person 0.0014 148 333 161 426
person 0.0014 82 10 149 168
person 0.0013 294 299 318 341
person 0.0013 296 187 319 241
person 0.0012 205 190 304 370
person 0.0012 130 1 156 48
person 0.0012 252 99 269 156
person 0.0012 212 144 339 437
person 0.0012 82 36 109 90
person 0.0011 253 199 302 320
person 0.0011 128 320 179 438
person 0.0010 54 33 104 150
person 0.0010 278 176 298 234
person 0.0010 207 308 231 352
person 0.0010 148 225 241 453
person 0.0010 237 134 279 230
sofa 0.0010 103 29 178 178
