aeroplane 0.9987 31 26 487 280
aeroplane 0.0180 0 136 106 220
aeroplane 0.0111 1 100 171 236
aeroplane 0.0036 474 192 499 222
aeroplane 0.0032 477 199 497 216
aeroplane 0.0027 -3 172 104 255
aeroplane 0.0026 -7 158 71 183
aeroplane 0.0025 0 99 95 174
aeroplane 0.0014 306 243 493 339
aeroplane 0.0013 -2 1 97 200
aeroplane 0.0013 409 228 497 283
aeroplane 0.0011 425 265 506 286
aeroplane 0.0011 444 208 505 249
aeroplane 0.0010 12 179 174 308
bus 0.0022 42 260 126 325
car 0.3930 42 260 126 325
car 0.0232 39 273 86 319
car 0.0068 38 280 168 329
car 0.0043 175 265 219 305
car 0.0035 72 209 92 231
car 0.0032 176 260 198 310
car 0.0031 133 274 181 312
car 0.0031 62 272 121 316
car 0.0024 68 262 176 320
car 0.0023 105 304 171 328
car 0.0022 477 199 497 216
car 0.0022 395 258 422 272
car 0.0022 137 269 160 305
car 0.0018 142 263 192 308
car 0.0017 46 247 156 311
car 0.0012 369 256 431 274
car 0.0010 34 166 53 178
car 0.0010 42 267 100 307
car 0.0010 62 256 117 298
motorbike 0.0035 137 269 160 305
motorbike 0.0010 176 260 198 310
person 0.0424 137 269 160 305
person 0.0144 250 315 261 332
person 0.0141 176 260 198 310
person 0.0136 169 259 189 310
person 0.0041 72 209 92 231
