boat 0.0028 137 3 180 30
chair 0.0681 45 52 455 371
chair 0.0044 477 38 500 202
chair 0.0035 328 0 481 150
chair 0.0027 93 0 147 37
chair 0.0023 403 13 494 196
chair 0.0019 442 33 499 246
chair 0.0018 34 -4 89 26
chair 0.0015 263 -4 365 52
chair 0.0010 474 45 499 108
person 0.0010 328 0 481 150
pottedplant 0.0066 49 -2 95 25
pottedplant 0.0052 136 -3 182 26
pottedplant 0.0014 93 0 147 37
sofa 0.9937 38 14 451 308
sofa 0.0080 328 0 481 150
sofa 0.0024 161 1 475 238
sofa 0.0017 238 -6 366 48
sofa 0.0013 8 93 481 405
tvmonitor 0.0159 93 0 147 37
tvmonitor 0.0029 238 -6 366 48
