aeroplane 0.4062 116 150 367 226
aeroplane 0.0375 215 162 372 220
aeroplane 0.0140 109 124 293 178
aeroplane 0.0070 120 162 282 216
aeroplane 0.0023 244 142 384 202
aeroplane 0.0017 116 180 198 207
aeroplane 0.0016 205 127 390 178
aeroplane 0.0013 100 140 231 205
aeroplane 0.0012 175 158 304 224
aeroplane 0.0012 294 181 369 205
aeroplane 0.0012 128 165 204 205
aeroplane 0.0011 49 118 310 207
bicycle 0.0015 202 160 355 224
car 0.0062 0 159 8 185
car 0.0020 128 117 153 128
car 0.0010 13 157 31 174
person 0.0064 232 158 258 207
person 0.0019 175 158 304 224
person 0.0018 0 159 8 185
person 0.0018 222 154 266 226
person 0.0010 239 153 265 196
train 0.0108 109 124 293 178
train 0.0011 114 144 286 202
