bottle 0.0086 120 114 137 156
bottle 0.0062 123 119 135 150
bottle 0.0052 80 164 141 202
bottle 0.0037 122 131 137 153
bottle 0.0035 106 162 133 202
bottle 0.0032 116 106 131 162
bottle 0.0030 128 133 145 152
bottle 0.0029 71 139 88 203
bottle 0.0028 124 176 137 204
bottle 0.0020 122 109 134 140
bottle 0.0016 147 135 169 152
bottle 0.0016 118 108 128 137
bottle 0.0015 130 125 145 147
car 0.0025 1 78 26 95
cat 0.0016 183 215 473 370
chair 0.3119 162 187 496 382
chair 0.0615 98 121 228 238
chair 0.0315 136 158 220 241
chair 0.0240 -1 212 27 246
chair 0.0176 172 176 219 244
chair 0.0092 251 167 470 344
chair 0.0079 124 171 168 253
chair 0.0043 302 222 495 373
chair 0.0030 77 139 180 210
chair 0.0029 152 146 222 177
chair 0.0027 414 238 497 381
chair 0.0021 359 161 496 354
chair 0.0020 191 169 220 233
chair 0.0020 189 149 416 306
chair 0.0019 -1 199 46 244
chair 0.0017 111 130 210 194
chair 0.0012 50 118 468 358
chair 0.0011 0 164 22 271
chair 0.0011 173 131 222 227
chair 0.0010 0 207 14 250
chair 0.0010 99 177 192 252
diningtable 0.0078 136 158 220 241
diningtable 0.0028 86 135 207 215
diningtable 0.0019 -1 242 204 373
diningtable 0.0019 48 183 163 250
diningtable 0.0013 -2 208 47 247
diningtable 0.0012 156 174 209 247
diningtable 0.0011 99 177 192 252
person 0.9571 174 131 477 347
person 0.2650 98 121 228 238
person 0.1265 92 129 201 195
person 0.0472 312 162 488 351
person 0.0242 401 154 500 284
person 0.0148 439 150 500 250
person 0.0121 233 219 492 372
person 0.0072 120 146 173 245
person 0.0065 216 136 441 257
person 0.0048 12 124 198 239
person 0.0045 133 134 219 220
person 0.0039 64 144 154 207
person 0.0037 122 131 137 153
person 0.0037 133 134 183 169
person 0.0035 435 163 499 378
person 0.0032 77 157 176 237
person 0.0029 471 157 501 274
person 0.0026 147 135 169 152
person 0.0019 312 140 501 255
person 0.0018 450 170 501 291
person 0.0017 112 121 212 172
person 0.0014 118 125 141 158
person 0.0011 117 128 169 194
person 0.0011 128 133 145 152
person 0.0010 143 131 173 159
person 0.0010 338 132 445 218
pottedplant 0.0514 276 126 318 191
pottedplant 0.0166 18 15 69 60
pottedplant 0.0029 119 106 137 146
pottedplant 0.0025 260 69 336 203
pottedplant 0.0015 271 127 314 164
pottedplant 0.0014 6 13 77 83
pottedplant 0.0012 1 78 26 95
sofa 0.1962 162 187 496 382
sofa 0.0409 69 121 214 240
sofa 0.0160 117 153 212 243
sofa 0.0051 92 129 201 195
sofa 0.0033 133 134 219 220
sofa 0.0025 -1 242 204 373
sofa 0.0014 50 118 468 358
tvmonitor 0.0065 1 78 26 95
tvmonitor 0.0039 0 150 11 211
tvmonitor 0.0035 1 157 25 208
tvmonitor 0.0019 -2 202 29 242
tvmonitor 0.0015 -1 242 204 373
tvmonitor 0.0011 152 146 222 177
