boat 0.0019 396 187 439 217
boat 0.0018 332 174 349 190
boat 0.0011 411 128 460 157
boat 0.0011 401 136 450 167
bottle 0.0041 220 171 233 194
bottle 0.0040 332 174 349 190
bottle 0.0033 129 196 143 223
bottle 0.0021 -5 298 60 370
bottle 0.0012 220 178 234 204
car 0.0026 332 174 349 190
chair 0.4471 404 196 451 267
chair 0.2505 390 187 440 256
chair 0.1459 447 283 503 373
chair 0.1353 397 202 418 255
chair 0.1048 271 294 406 377
chair 0.0722 385 194 413 248
chair 0.0424 396 187 439 217
chair 0.0273 375 194 420 263
chair 0.0261 406 203 429 257
chair 0.0248 368 189 390 253
chair 0.0224 385 192 431 233
chair 0.0216 348 192 374 230
chair 0.0205 332 185 382 255
chair 0.0205 326 247 421 310
chair 0.0189 403 195 450 230
chair 0.0188 391 298 478 375
chair 0.0157 451 216 497 289
chair 0.0135 87 280 325 372
chair 0.0131 478 242 499 292
chair 0.0125 412 216 442 261
chair 0.0110 70 296 148 375
chair 0.0096 378 188 399 252
chair 0.0095 358 195 380 246
chair 0.0088 332 174 349 190
chair 0.0086 423 199 451 245
chair 0.0085 429 194 470 273
chair 0.0082 -5 298 60 370
chair 0.0077 412 202 443 242
chair 0.0064 454 236 500 352
chair 0.0061 471 227 499 313
chair 0.0054 388 191 410 209
chair 0.0050 403 190 431 209
chair 0.0047 390 206 433 291
chair 0.0044 348 190 373 209
chair 0.0040 405 162 448 243
chair 0.0040 434 199 455 261
chair 0.0031 473 187 498 286
chair 0.0029 314 193 358 265
chair 0.0029 444 192 468 247
chair 0.0028 404 184 430 199
chair 0.0028 469 259 498 368
chair 0.0027 452 173 496 260
chair 0.0026 277 259 400 321
chair 0.0026 439 199 454 222
chair 0.0024 426 201 449 220
chair 0.0024 372 316 458 371
chair 0.0023 348 194 393 262
chair 0.0023 368 240 420 316
chair 0.0022 406 208 427 234
chair 0.0022 359 183 379 198
chair 0.0022 397 198 420 221
chair 0.0022 348 184 372 198
chair 0.0021 398 206 417 236
chair 0.0020 220 171 233 194
chair 0.0020 406 199 429 221
chair 0.0020 414 210 441 231
chair 0.0017 382 191 397 210
chair 0.0017 434 192 457 233
chair 0.0016 385 180 432 208
chair 0.0015 333 181 350 196
chair 0.0015 343 198 360 221
chair 0.0015 427 192 449 210
chair 0.0014 414 202 441 220
chair 0.0014 399 180 452 209
chair 0.0014 360 191 379 209
chair 0.0013 339 200 379 240
chair 0.0013 347 206 373 250
chair 0.0012 388 198 410 221
chair 0.0012 388 185 409 200
chair 0.0012 219 266 440 369
chair 0.0012 438 190 455 212
chair 0.0012 386 186 414 219
chair 0.0012 350 206 370 230
chair 0.0011 220 178 234 204
chair 0.0011 414 193 440 209
chair 0.0011 397 185 421 199
chair 0.0011 217 172 237 208
chair 0.0011 405 195 497 272
chair 0.0010 456 197 477 240
chair 0.0010 341 188 379 218
chair 0.0010 329 299 456 367
chair 0.0010 426 209 449 231
diningtable 0.0775 379 189 451 253
diningtable 0.0088 394 191 440 233
diningtable 0.0074 405 195 497 272
diningtable 0.0071 332 187 418 251
diningtable 0.0061 326 247 421 310
diningtable 0.0049 384 198 430 246
diningtable 0.0028 386 187 431 218
diningtable 0.0025 451 216 497 289
diningtable 0.0023 405 205 449 258
diningtable 0.0021 375 188 416 254
diningtable 0.0020 447 283 503 373
diningtable 0.0019 359 196 434 263
diningtable 0.0017 271 294 406 377
diningtable 0.0015 397 202 418 255
diningtable 0.0015 401 187 452 218
diningtable 0.0013 351 186 390 253
person 0.0069 332 174 349 190
person 0.0015 452 262 501 368
person 0.0015 220 171 233 194
person 0.0012 339 175 358 189
person 0.0012 348 184 372 198
person 0.0011 490 188 498 218
pottedplant 0.1573 -5 298 60 370
pottedplant 0.1136 473 190 499 233
pottedplant 0.0768 404 127 448 158
pottedplant 0.0675 461 191 489 231
pottedplant 0.0453 332 174 349 190
pottedplant 0.0308 -4 329 52 378
pottedplant 0.0251 387 125 411 145
pottedplant 0.0211 338 120 381 149
pottedplant 0.0208 408 119 463 152
pottedplant 0.0185 384 124 411 162
pottedplant 0.0170 489 195 498 227
pottedplant 0.0159 451 154 496 237
pottedplant 0.0137 359 183 379 198
pottedplant 0.0126 486 187 501 237
pottedplant 0.0118 348 125 389 160
pottedplant 0.0106 477 198 496 225
pottedplant 0.0103 464 198 486 224
pottedplant 0.0099 388 131 408 153
pottedplant 0.0079 393 121 442 151
pottedplant 0.0069 348 124 371 145
pottedplant 0.0062 465 191 484 213
pottedplant 0.0059 455 187 478 233
pottedplant 0.0055 348 184 372 198
pottedplant 0.0052 406 132 428 152
pottedplant 0.0051 220 171 233 194
pottedplant 0.0050 474 159 498 272
pottedplant 0.0044 356 124 382 145
pottedplant 0.0043 356 121 401 150
pottedplant 0.0041 333 133 351 150
pottedplant 0.0041 359 176 379 191
pottedplant 0.0039 451 193 496 279
pottedplant 0.0037 407 125 428 146
pottedplant 0.0037 456 184 495 220
pottedplant 0.0035 162 157 213 209
pottedplant 0.0034 339 175 358 189
pottedplant 0.0034 378 125 403 144
pottedplant 0.0032 475 219 495 239
pottedplant 0.0030 477 191 495 214
pottedplant 0.0029 465 208 487 233
pottedplant 0.0027 485 197 499 261
pottedplant 0.0026 378 132 402 151
pottedplant 0.0025 341 125 360 145
pottedplant 0.0024 349 176 370 189
pottedplant 0.0024 334 115 450 162
pottedplant 0.0022 398 132 416 153
pottedplant 0.0022 458 198 475 222
pottedplant 0.0022 368 125 391 143
pottedplant 0.0022 -1 318 25 373
pottedplant 0.0021 340 134 361 150
pottedplant 0.0021 364 122 393 165
pottedplant 0.0021 411 133 441 153
pottedplant 0.0020 474 208 497 246
pottedplant 0.0019 217 166 236 199
pottedplant 0.0019 458 206 474 233
pottedplant 0.0018 465 220 485 237
pottedplant 0.0017 347 132 371 151
pottedplant 0.0017 394 123 420 162
pottedplant 0.0017 356 132 381 152
pottedplant 0.0017 371 182 386 198
pottedplant 0.0016 401 136 450 167
pottedplant 0.0015 333 181 350 196
pottedplant 0.0014 397 125 418 146
pottedplant 0.0013 19 333 46 375
pottedplant 0.0013 376 121 401 182
pottedplant 0.0012 421 134 450 151
pottedplant 0.0011 389 120 407 134
pottedplant 0.0011 413 125 440 146
pottedplant 0.0010 368 132 390 152
pottedplant 0.0010 -5 234 60 384
sofa 0.5249 68 279 431 375
sofa 0.1047 447 283 503 373
sofa 0.0631 271 294 406 377
sofa 0.0295 396 187 439 217
sofa 0.0291 326 247 421 310
sofa 0.0179 219 266 440 369
sofa 0.0071 385 192 431 233
sofa 0.0059 403 195 450 230
sofa 0.0050 379 189 451 253
sofa 0.0036 393 200 442 245
sofa 0.0033 54 286 235 372
sofa 0.0033 454 236 500 352
sofa 0.0021 332 185 382 255
sofa 0.0021 391 298 478 375
sofa 0.0016 284 290 509 371
sofa 0.0016 385 180 432 208
sofa 0.0014 451 216 497 289
tvmonitor 0.8417 161 152 213 216
tvmonitor 0.0728 171 170 201 213
tvmonitor 0.0265 447 283 503 373
tvmonitor 0.0051 178 159 211 207
tvmonitor 0.0040 171 151 221 196
tvmonitor 0.0039 332 174 349 190
tvmonitor 0.0032 162 158 194 208
tvmonitor 0.0031 348 190 373 209
tvmonitor 0.0029 220 171 233 194
tvmonitor 0.0028 271 294 406 377
tvmonitor 0.0025 348 184 372 198
tvmonitor 0.0023 394 181 440 207
tvmonitor 0.0022 191 153 219 208
tvmonitor 0.0016 326 247 421 310
tvmonitor 0.0015 176 179 196 205
tvmonitor 0.0014 220 178 234 204
tvmonitor 0.0014 359 183 379 198
tvmonitor 0.0014 217 172 237 208
tvmonitor 0.0011 183 171 227 208
tvmonitor 0.0011 341 188 379 218
