bicycle 0.0019 445 195 463 247
bicycle 0.0014 201 162 237 233
boat 0.0016 257 134 272 151
boat 0.0010 56 221 200 284
bottle 0.0018 303 161 322 182
bottle 0.0016 445 195 463 247
car 0.0012 257 134 272 151
cat 0.0024 212 188 238 231
cat 0.0010 187 165 207 218
chair 0.5814 343 211 401 293
chair 0.4914 251 183 294 246
chair 0.4643 289 183 335 249
chair 0.1972 233 189 255 233
chair 0.1664 329 194 384 285
chair 0.1310 313 190 357 279
chair 0.1266 213 181 237 224
chair 0.1145 286 192 318 247
chair 0.1039 187 165 207 218
chair 0.1017 201 176 239 249
chair 0.0983 370 210 409 292
chair 0.0807 193 173 217 226
chair 0.0755 205 178 229 225
chair 0.0754 222 188 247 231
chair 0.0749 242 184 265 238
chair 0.0646 215 182 254 248
chair 0.0434 282 162 304 182
chair 0.0419 251 186 278 235
chair 0.0391 183 160 225 232
chair 0.0378 333 223 385 313
chair 0.0350 461 203 489 257
chair 0.0260 300 187 342 219
chair 0.0230 177 164 197 221
chair 0.0226 241 182 286 226
chair 0.0189 289 188 380 251
chair 0.0185 320 206 400 337
chair 0.0178 210 195 238 241
chair 0.0157 271 236 358 312
chair 0.0155 288 174 334 211
chair 0.0154 194 157 217 206
chair 0.0153 268 185 320 239
chair 0.0141 263 162 282 181
chair 0.0139 293 203 345 303
chair 0.0129 35 214 65 266
chair 0.0115 202 161 230 203
chair 0.0108 286 180 317 227
chair 0.0107 312 224 356 315
chair 0.0105 189 159 205 182
chair 0.0098 294 190 327 234
chair 0.0097 176 149 199 194
chair 0.0089 281 158 322 187
chair 0.0087 252 162 276 181
chair 0.0086 182 250 218 337
chair 0.0086 407 237 493 381
chair 0.0084 288 209 387 295
chair 0.0082 0 286 44 373
chair 0.0082 252 140 280 186
chair 0.0071 185 152 209 191
chair 0.0068 222 172 248 216
chair 0.0068 216 179 234 206
chair 0.0068 280 162 308 201
chair 0.0066 293 161 312 182
chair 0.0066 234 173 257 216
chair 0.0065 194 173 236 215
chair 0.0064 292 171 313 189
chair 0.0063 309 205 334 253
chair 0.0057 241 170 266 219
chair 0.0056 267 180 296 228
chair 0.0052 341 207 397 256
chair 0.0051 376 210 402 272
chair 0.0051 274 161 292 182
chair 0.0051 386 209 409 273
chair 0.0049 356 168 382 214
chair 0.0049 224 183 265 225
chair 0.0049 261 158 305 187
chair 0.0049 226 188 244 216
chair 0.0047 8 276 131 377
chair 0.0047 280 184 306 240
chair 0.0045 201 181 278 246
chair 0.0044 168 167 185 217
chair 0.0044 237 181 254 205
chair 0.0043 47 209 225 324
chair 0.0043 244 188 262 217
chair 0.0043 212 164 239 201
chair 0.0043 190 167 205 194
chair 0.0041 167 160 207 229
chair 0.0040 216 171 236 192
chair 0.0040 338 183 364 216
chair 0.0039 41 219 133 286
chair 0.0039 191 173 204 210
chair 0.0037 301 171 322 189
chair 0.0037 90 185 114 233
chair 0.0037 372 175 410 265
chair 0.0036 198 168 213 192
chair 0.0036 282 170 305 191
chair 0.0036 303 161 322 182
chair 0.0035 290 165 332 198
chair 0.0035 353 179 398 264
chair 0.0034 140 253 217 372
chair 0.0033 242 192 284 263
chair 0.0033 358 190 380 210
chair 0.0033 260 191 287 213
chair 0.0032 214 163 236 178
chair 0.0032 452 219 496 366
chair 0.0031 207 178 225 206
chair 0.0029 315 188 345 235
chair 0.0029 284 155 302 175
chair 0.0029 260 133 284 176
chair 0.0029 306 192 337 212
chair 0.0028 245 219 357 365
diningtable 0.1777 314 194 400 285
diningtable 0.0808 241 184 313 245
diningtable 0.0659 246 200 393 340
diningtable 0.0279 201 181 278 246
diningtable 0.0202 250 237 352 308
diningtable 0.0152 282 185 350 247
diningtable 0.0123 343 211 401 293
diningtable 0.0115 213 189 256 231
diningtable 0.0088 224 230 370 372
diningtable 0.0069 220 188 363 285
diningtable 0.0059 220 174 301 234
diningtable 0.0055 252 186 294 237
diningtable 0.0053 201 176 239 249
diningtable 0.0052 231 185 278 237
diningtable 0.0050 204 182 247 223
diningtable 0.0047 408 217 493 374
diningtable 0.0040 320 226 399 310
diningtable 0.0035 187 165 207 218
diningtable 0.0034 36 221 226 372
diningtable 0.0031 183 160 225 232
diningtable 0.0026 313 190 357 279
diningtable 0.0022 111 249 222 372
diningtable 0.0021 461 203 489 257
diningtable 0.0021 287 183 335 224
diningtable 0.0020 256 175 342 234
diningtable 0.0018 267 192 322 245
diningtable 0.0015 295 193 378 314
diningtable 0.0015 193 173 217 226
diningtable 0.0015 194 163 235 202
diningtable 0.0014 224 183 265 225
diningtable 0.0014 370 210 409 292
diningtable 0.0012 261 158 305 187
diningtable 0.0012 63 214 229 265
diningtable 0.0012 246 293 350 370
diningtable 0.0012 281 158 322 187
diningtable 0.0011 177 164 197 221
dog 0.0033 187 165 207 218
dog 0.0030 212 188 238 231
dog 0.0013 233 189 255 233
person 0.0088 257 134 272 151
person 0.0085 463 192 487 253
person 0.0063 254 131 278 177
person 0.0048 469 190 483 210
person 0.0034 263 134 281 151
person 0.0022 445 195 463 247
person 0.0019 168 167 185 217
person 0.0016 187 165 207 218
person 0.0016 258 123 270 145
person 0.0015 52 189 222 288
person 0.0013 194 157 217 206
person 0.0012 260 138 285 187
person 0.0011 465 182 487 220
pottedplant 0.2301 203 148 231 179
pottedplant 0.1036 70 148 91 198
pottedplant 0.0920 356 168 382 214
pottedplant 0.0759 206 144 228 167
pottedplant 0.0736 213 137 236 172
pottedplant 0.0640 303 161 322 182
pottedplant 0.0621 196 153 218 171
pottedplant 0.0603 28 121 64 234
pottedplant 0.0549 30 158 54 207
pottedplant 0.0482 29 284 135 375
pottedplant 0.0459 103 137 136 220
pottedplant 0.0417 214 153 237 174
pottedplant 0.0403 205 161 227 180
pottedplant 0.0372 187 153 207 173
pottedplant 0.0357 109 160 131 224
pottedplant 0.0355 299 157 326 187
pottedplant 0.0276 120 162 138 221
pottedplant 0.0251 197 157 234 186
pottedplant 0.0248 0 111 27 248
pottedplant 0.0227 214 163 236 178
pottedplant 0.0225 445 195 463 247
pottedplant 0.0224 99 140 119 205
pottedplant 0.0199 61 147 82 199
pottedplant 0.0196 39 171 63 211
pottedplant 0.0178 0 303 23 370
pottedplant 0.0165 6 115 50 243
pottedplant 0.0155 179 147 215 178
pottedplant 0.0154 189 159 205 182
pottedplant 0.0150 179 140 231 171
pottedplant 0.0140 90 142 110 203
pottedplant 0.0137 200 145 235 214
pottedplant 0.0132 184 147 225 215
pottedplant 0.0132 197 160 215 181
pottedplant 0.0125 78 143 99 202
pottedplant 0.0125 51 141 72 202
pottedplant 0.0107 278 92 324 184
pottedplant 0.0106 22 153 45 210
pottedplant 0.0106 252 94 294 181
pottedplant 0.0105 178 151 197 173
pottedplant 0.0105 176 149 199 194
pottedplant 0.0104 259 94 286 135
pottedplant 0.0104 89 155 130 230
pottedplant 0.0102 32 168 65 262
pottedplant 0.0095 302 154 322 176
pottedplant 0.0095 40 142 64 201
pottedplant 0.0092 366 169 389 214
pottedplant 0.0091 185 152 209 191
pottedplant 0.0091 311 161 328 182
pottedplant 0.0089 42 178 60 203
pottedplant 0.0085 0 303 12 386
pottedplant 0.0083 73 157 88 188
pottedplant 0.0080 453 181 490 257
pottedplant 0.0080 194 151 219 191
pottedplant 0.0078 254 92 275 137
pottedplant 0.0077 48 129 85 226
pottedplant 0.0070 282 162 304 182
pottedplant 0.0068 293 161 312 182
pottedplant 0.0067 360 170 381 196
pottedplant 0.0067 98 175 121 224
pottedplant 0.0060 257 134 272 151
pottedplant 0.0058 107 145 130 201
pottedplant 0.0050 293 149 330 181
pottedplant 0.0049 206 161 244 183
pottedplant 0.0048 269 93 296 136
pottedplant 0.0041 360 178 379 204
pottedplant 0.0041 168 143 200 217
pottedplant 0.0039 288 156 316 187
pottedplant 0.0036 312 153 326 176
pottedplant 0.0034 31 171 55 228
pottedplant 0.0034 106 186 132 229
pottedplant 0.0033 442 204 457 251
pottedplant 0.0033 184 146 206 164
pottedplant 0.0033 179 158 196 183
pottedplant 0.0031 14 99 80 257
pottedplant 0.0030 258 123 270 145
pottedplant 0.0030 371 177 385 204
pottedplant 0.0028 449 203 460 239
pottedplant 0.0027 293 155 312 174
pottedplant 0.0027 33 177 51 204
pottedplant 0.0026 263 134 281 151
pottedplant 0.0026 196 146 216 164
pottedplant 0.0024 64 171 80 194
pottedplant 0.0023 5 157 23 227
pottedplant 0.0021 294 114 331 200
pottedplant 0.0021 187 165 207 218
pottedplant 0.0021 10 158 33 225
pottedplant 0.0021 -3 56 59 264
pottedplant 0.0020 93 116 127 208
pottedplant 0.0020 69 135 106 219
pottedplant 0.0020 63 160 79 187
pottedplant 0.0019 358 190 380 210
pottedplant 0.0019 279 104 326 144
pottedplant 0.0019 256 112 271 137
pottedplant 0.0019 349 167 373 213
pottedplant 0.0019 91 165 110 216
pottedplant 0.0017 250 87 295 123
pottedplant 0.0017 255 101 272 129
pottedplant 0.0017 262 101 283 127
pottedplant 0.0016 246 126 283 190
pottedplant 0.0015 397 185 414 236
sheep 0.0032 7 247 131 370
sofa 0.4744 47 209 225 324
sofa 0.0378 3 234 191 371
sofa 0.0087 250 237 352 308
sofa 0.0063 63 214 229 265
sofa 0.0063 314 194 400 285
sofa 0.0051 287 183 335 224
sofa 0.0050 245 219 357 365
sofa 0.0048 8 276 131 377
sofa 0.0023 261 158 305 187
sofa 0.0021 252 186 294 237
sofa 0.0021 211 182 256 225
sofa 0.0017 111 249 222 372
sofa 0.0016 258 183 338 246
sofa 0.0015 194 163 235 202
sofa 0.0015 281 158 322 187
sofa 0.0013 241 182 286 226
sofa 0.0013 451 197 489 261
sofa 0.0012 408 217 493 374
sofa 0.0012 35 162 235 378
sofa 0.0010 244 158 282 187
tvmonitor 0.0174 252 162 276 181
tvmonitor 0.0094 252 140 280 186
tvmonitor 0.0086 244 158 282 187
tvmonitor 0.0073 263 162 282 181
tvmonitor 0.0061 68 219 225 288
tvmonitor 0.0046 282 162 304 182
tvmonitor 0.0027 206 152 228 174
tvmonitor 0.0024 303 161 322 182
tvmonitor 0.0019 205 161 227 180
tvmonitor 0.0013 214 163 236 178
tvmonitor 0.0013 461 203 489 257
