boat 0.0022 475 112 499 242
boat 0.0010 452 110 496 243
bus 0.0011 475 112 499 242
bus 0.0010 392 79 478 273
car 0.0011 64 187 119 216
person 0.0011 329 133 351 187
pottedplant 0.0433 474 185 498 237
pottedplant 0.0035 485 177 499 247
pottedplant 0.0014 475 143 498 246
train 0.9128 61 119 369 195
train 0.0716 169 128 384 184
train 0.0223 88 132 288 188
train 0.0080 281 130 385 187
train 0.0077 137 118 341 168
train 0.0043 475 112 499 242
train 0.0037 201 110 431 194
train 0.0031 210 142 383 200
train 0.0026 452 110 496 243
train 0.0025 -18 130 290 224
train 0.0018 407 91 499 255
train 0.0018 42 87 388 269
train 0.0013 -5 170 97 220
